   0.0000000e+00   0.0000000e+00
   3.1813757e-11  -7.1370789e-12
   1.0064200e-09  -2.2507599e-10
   7.5550485e-09  -1.6843032e-09
   3.1471680e-08  -6.9939853e-09
   9.4939346e-08  -2.1031066e-08
   2.3351560e-07  -5.1561977e-08
   4.9888499e-07  -1.0979964e-07
   9.6138612e-07  -2.1089838e-07
   1.7123210e-06  -3.7438926e-07
   2.8660537e-06  -6.2455851e-07
   4.5619064e-06  -9.9077126e-07
   6.9658589e-06  -1.5077432e-06
   1.0272059e-05  -2.2157627e-06
   1.4704153e-05  -3.1608647e-06
   2.0516436e-05  -4.3949604e-06
   2.7994839e-05  -5.9759232e-06
   3.7457752e-05  -7.9676342e-06
   4.9256688e-05  -1.0439989e-05
   6.3776804e-05  -1.3468866e-05
   8.1437273e-05  -1.7136065e-05
   1.0269152e-04  -2.1529208e-05
   1.2802733e-04  -2.6741608e-05
   1.5796684e-04  -3.2872119e-05
   1.9306636e-04  -4.0024946e-05
   2.3391616e-04  -4.8309437e-05
   2.8114011e-04  -5.7839853e-05
   3.3539518e-04  -6.8735110e-05
   3.9737088e-04  -8.1118505e-05
   4.6778865e-04  -9.5117425e-05
   5.4740105e-04  -1.1086303e-04
   6.3699098e-04  -1.2848994e-04
   7.3737076e-04  -1.4813589e-04
   8.4938113e-04  -1.6994135e-04
   9.7389023e-04  -1.9404922e-04
   1.1117925e-03  -2.2060439e-04
   1.2640073e-03  -2.4975343e-04
   1.4314782e-03  -2.8164412e-04
   1.6151711e-03  -3.1642513e-04
   1.8160731e-03  -3.5424557e-04
   2.0351915e-03  -3.9525461e-04
   2.2735518e-03  -4.3960106e-04
   2.5321965e-03  -4.8743299e-04
   2.8121838e-03  -5.3889729e-04
   3.1145859e-03  -5.9413926e-04
   3.4404875e-03  -6.5330226e-04
   3.7909841e-03  -7.1652722e-04
   4.1671808e-03  -7.8395233e-04
   4.5701902e-03  -8.5571259e-04
   5.0011313e-03  -9.3193941e-04
   5.4611275e-03  -1.0127603e-03
   5.9513052e-03  -1.0982983e-03
   6.4727921e-03  -1.1886720e-03
   7.0267156e-03  -1.2839947e-03
   7.6142010e-03  -1.3843745e-03
   8.2363704e-03  -1.4899134e-03
   8.8943404e-03  -1.6007077e-03
   9.5892209e-03  -1.7168470e-03
   1.0322114e-02  -1.8384143e-03
   1.1094110e-02  -1.9654856e-03
   1.1906290e-02  -2.0981295e-03
   1.2759722e-02  -2.2364070e-03
   1.3655457e-02  -2.3803713e-03
   1.4594532e-02  -2.5300675e-03
   1.5577966e-02  -2.6855323e-03
   1.6606759e-02  -2.8467938e-03
   1.7681890e-02  -3.0138715e-03
   1.8804318e-02  -3.1867758e-03
   1.9974976e-02  -3.3655079e-03
   2.1194775e-02  -3.5500599e-03
   2.2464599e-02  -3.7404141e-03
   2.3785305e-02  -3.9365436e-03
   2.5157721e-02  -4.1384115e-03
   2.6582648e-02  -4.3459711e-03
   2.8060854e-02  -4.5591661e-03
   2.9593075e-02  -4.7779299e-03
   3.1180016e-02  -5.0021860e-03
   3.2822347e-02  -5.2318479e-03
   3.4520703e-02  -5.4668189e-03
   3.6275684e-02  -5.7069923e-03
   3.8087853e-02  -5.9522512e-03
   3.9957734e-02  -6.2024689e-03
   4.1885814e-02  -6.4575083e-03
   4.3872541e-02  -6.7172227e-03
   4.5918324e-02  -6.9814554e-03
   4.8023527e-02  -7.2500397e-03
   5.0188479e-02  -7.5227995e-03
   5.2413462e-02  -7.7995490e-03
   5.4698719e-02  -8.0800930e-03
   5.7044448e-02  -8.3642268e-03
   5.9450805e-02  -8.6517368e-03
   6.1917902e-02  -8.9424003e-03
   6.4445806e-02  -9.2359860e-03
   6.7034543e-02  -9.5322538e-03
   6.9684090e-02  -9.8309555e-03
   7.2394381e-02  -1.0131835e-02
   7.5165307e-02  -1.0434627e-02
   7.7996711e-02  -1.0739060e-02
   8.0888392e-02  -1.1044855e-02
   8.3840105e-02  -1.1351725e-02
   8.6851558e-02  -1.1659378e-02
   8.9922415e-02  -1.1967514e-02
   9.3052295e-02  -1.2275826e-02
   9.6240773e-02  -1.2584004e-02
   9.9487377e-02  -1.2891729e-02
   1.0279159e-01  -1.3198681e-02
   1.0615287e-01  -1.3504531e-02
   1.0957059e-01  -1.3808949e-02
   1.1304412e-01  -1.4111597e-02
   1.1657276e-01  -1.4412138e-02
   1.2015580e-01  -1.4710228e-02
   1.2379244e-01  -1.5005522e-02
   1.2748189e-01  -1.5297671e-02
   1.3122329e-01  -1.5586326e-02
   1.3501574e-01  -1.5871133e-02
   1.3885830e-01  -1.6151740e-02
   1.4275001e-01  -1.6427792e-02
   1.4668986e-01  -1.6698935e-02
   1.5067679e-01  -1.6964814e-02
   1.5470972e-01  -1.7225074e-02
   1.5878754e-01  -1.7479361e-02
   1.6290908e-01  -1.7727323e-02
   1.6707317e-01  -1.7968609e-02
   1.7127857e-01  -1.8202870e-02
   1.7552403e-01  -1.8429761e-02
   1.7980828e-01  -1.8648937e-02
   1.8412999e-01  -1.8860059e-02
   1.8848782e-01  -1.9062790e-02
   1.9288041e-01  -1.9256799e-02
   1.9730635e-01  -1.9441758e-02
   2.0176423e-01  -1.9617346e-02
   2.0625258e-01  -1.9783244e-02
   2.1076996e-01  -1.9939143e-02
   2.1531485e-01  -2.0084739e-02
   2.1988574e-01  -2.0219732e-02
   2.2448111e-01  -2.0343832e-02
   2.2909939e-01  -2.0456757e-02
   2.3373902e-01  -2.0558231e-02
   2.3839842e-01  -2.0647986e-02
   2.4307597e-01  -2.0725765e-02
   2.4777007e-01  -2.0791317e-02
   2.5247909e-01  -2.0844403e-02
   2.5720139e-01  -2.0884793e-02
   2.6193532e-01  -2.0912265e-02
   2.6667922e-01  -2.0926610e-02
   2.7143144e-01  -2.0927627e-02
   2.7619030e-01  -2.0915130e-02
   2.8095413e-01  -2.0888940e-02
   2.8572124e-01  -2.0848892e-02
   2.9048997e-01  -2.0794831e-02
   2.9525863e-01  -2.0726616e-02
   3.0002554e-01  -2.0644117e-02
   3.0478902e-01  -2.0547217e-02
   3.0954739e-01  -2.0435811e-02
   3.1429900e-01  -2.0309808e-02
   3.1904216e-01  -2.0169129e-02
   3.2377523e-01  -2.0013710e-02
   3.2849655e-01  -1.9843498e-02
   3.3320448e-01  -1.9658454e-02
   3.3789739e-01  -1.9458555e-02
   3.4257367e-01  -1.9243790e-02
   3.4723171e-01  -1.9014160e-02
   3.5186992e-01  -1.8769684e-02
   3.5648672e-01  -1.8510391e-02
   3.6108055e-01  -1.8236328e-02
   3.6564988e-01  -1.7947552e-02
   3.7019317e-01  -1.7644136e-02
   3.7470893e-01  -1.7326167e-02
   3.7919567e-01  -1.6993746e-02
   3.8365193e-01  -1.6646988e-02
   3.8807627e-01  -1.6286021e-02
   3.9246729e-01  -1.5910986e-02
   3.9682358e-01  -1.5522040e-02
   4.0114379e-01  -1.5119353e-02
   4.0542658e-01  -1.4703105e-02
   4.0967063e-01  -1.4273494e-02
   4.1387467e-01  -1.3830728e-02
   4.1803745e-01  -1.3375028e-02
   4.2215774e-01  -1.2906628e-02
   4.2623435e-01  -1.2425774e-02
   4.3026613e-01  -1.1932725e-02
   4.3425193e-01  -1.1427750e-02
   4.3819067e-01  -1.0911130e-02
   4.4208128e-01  -1.0383159e-02
   4.4592273e-01  -9.8441384e-03
   4.4971404e-01  -9.2943828e-03
   4.5345423e-01  -8.7342155e-03
   4.5714240e-01  -8.1639696e-03
   4.6077764e-01  -7.5839876e-03
   4.6435911e-01  -6.9946208e-03
   4.6788599e-01  -6.3962285e-03
   4.7135751e-01  -5.7891783e-03
   4.7477292e-01  -5.1738450e-03
   4.7813152e-01  -4.5506103e-03
   4.8143265e-01  -3.9198622e-03
   4.8467568e-01  -3.2819949e-03
   4.8786001e-01  -2.6374075e-03
   4.9098510e-01  -1.9865043e-03
   4.9405044e-01  -1.3296935e-03
   4.9705555e-01  -6.6738704e-04
   5.0000000e-01   0.0000000e+00
   5.0288339e-01   6.7205019e-04
   5.0570535e-01   1.3483442e-03
   5.0846557e-01   2.0284614e-03
   5.1116378e-01   2.7119804e-03
   5.1379971e-01   3.3984794e-03
   5.1637317e-01   4.0875371e-03
   5.1888399e-01   4.7787332e-03
   5.2133204e-01   5.4716490e-03
   5.2371723e-01   6.1658679e-03
   5.2603950e-01   6.8609764e-03
   5.2829883e-01   7.5565646e-03
   5.3049524e-01   8.2522268e-03
   5.3262879e-01   8.9475626e-03
   5.3469956e-01   9.6421769e-03
   5.3670767e-01   1.0335682e-02
   5.3865329e-01   1.1027695e-02
   5.4053660e-01   1.1717845e-02
   5.4235784e-01   1.2405765e-02
   5.4411727e-01   1.3091101e-02
   5.4581516e-01   1.3773507e-02
   5.4745184e-01   1.4452648e-02
   5.4902768e-01   1.5128202e-02
   5.5054304e-01   1.5799857e-02
   5.5199835e-01   1.6467315e-02
   5.5339404e-01   1.7130291e-02
   5.5473058e-01   1.7788514e-02
   5.5600848e-01   1.8441728e-02
   5.5722825e-01   1.9089693e-02
   5.5839044e-01   1.9732182e-02
   5.5949563e-01   2.0368989e-02
   5.6054442e-01   2.0999922e-02
   5.6153743e-01   2.1624806e-02
   5.6247530e-01   2.2243486e-02
   5.6335872e-01   2.2855825e-02
   5.6418835e-01   2.3461704e-02
   5.6496493e-01   2.4061025e-02
   5.6568917e-01   2.4653708e-02
   5.6636183e-01   2.5239694e-02
   5.6698368e-01   2.5818946e-02
   5.6755550e-01   2.6391446e-02
   5.6807810e-01   2.6957197e-02
   5.6855230e-01   2.7516224e-02
   5.6897895e-01   2.8068575e-02
   5.6935888e-01   2.8614317e-02
   5.6969296e-01   2.9153542e-02
   5.6998209e-01   2.9686361e-02
   5.7022715e-01   3.0212911e-02
   5.7042905e-01   3.0733348e-02
   5.7058871e-01   3.1247851e-02
   5.7070706e-01   3.1756623e-02
   5.7078504e-01   3.2259889e-02
   5.7082361e-01   3.2757894e-02
   5.7082372e-01   3.3250909e-02
   5.7078634e-01   3.3739224e-02
   5.7071247e-01   3.4223151e-02
   5.7060307e-01   3.4703027e-02
   5.7045916e-01   3.5179207e-02
   5.7028173e-01   3.5652070e-02
   5.7007179e-01   3.6122014e-02
   5.6983036e-01   3.6589460e-02
   5.6955846e-01   3.7054846e-02
   5.6925711e-01   3.7518635e-02
   5.6892735e-01   3.7981305e-02
   5.6857022e-01   3.8443357e-02
   5.6818675e-01   3.8905308e-02
   5.6777800e-01   3.9367695e-02
   5.6734500e-01   3.9831073e-02
   5.6688881e-01   4.0296015e-02
   5.6641048e-01   4.0763107e-02
   5.6591108e-01   4.1232957e-02
   5.6539166e-01   4.1706184e-02
   5.6485327e-01   4.2183424e-02
   5.6429699e-01   4.2665328e-02
   5.6372388e-01   4.3152559e-02
   5.6313501e-01   4.3645794e-02
   5.6253143e-01   4.4145723e-02
   5.6191422e-01   4.4653047e-02
   5.6128445e-01   4.5168476e-02
   5.6064319e-01   4.5692733e-02
   5.5999149e-01   4.6226548e-02
   5.5933044e-01   4.6770662e-02
   5.5866111e-01   4.7325821e-02
   5.5798455e-01   4.7892779e-02
   5.5730184e-01   4.8472297e-02
   5.5661405e-01   4.9065138e-02
   5.5592224e-01   4.9672072e-02
   5.5522749e-01   5.0293872e-02
   5.5453086e-01   5.0931313e-02
   5.5383341e-01   5.1585171e-02
   5.5313621e-01   5.2256223e-02
   5.5244032e-01   5.2945246e-02
   5.5174681e-01   5.3653015e-02
   5.5105674e-01   5.4380305e-02
   5.5037116e-01   5.5127884e-02
   5.4969115e-01   5.5896520e-02
   5.4901775e-01   5.6686973e-02
   5.4835203e-01   5.7500000e-02
   5.4769504e-01   5.8336347e-02
   5.4704783e-01   5.9196756e-02
   5.4641146e-01   6.0081959e-02
   5.4578699e-01   6.0992677e-02
   5.4517545e-01   6.1929622e-02
   5.4457791e-01   6.2893493e-02
   5.4399541e-01   6.3884979e-02
   5.4342899e-01   6.4904752e-02
   5.4287970e-01   6.5953473e-02
   5.4234859e-01   6.7031785e-02
   5.4183669e-01   6.8140318e-02
   5.4134504e-01   6.9279682e-02
   5.4087470e-01   7.0450470e-02
   5.4042668e-01   7.1653257e-02
   5.4000203e-01   7.2888599e-02
   5.3960177e-01   7.4157029e-02
   5.3922695e-01   7.5459062e-02
   5.3887858e-01   7.6795189e-02
   5.3855771e-01   7.8165879e-02
   5.3826534e-01   7.9571578e-02
   5.3800251e-01   8.1012706e-02
   5.3777023e-01   8.2489659e-02
   5.3756952e-01   8.4002809e-02
   5.3740140e-01   8.5552500e-02
   5.3726687e-01   8.7139048e-02
   5.3716696e-01   8.8762745e-02
   5.3710266e-01   9.0423852e-02
   5.3707497e-01   9.2122602e-02
   5.3708490e-01   9.3859198e-02
   5.3713345e-01   9.5633816e-02
   5.3722160e-01   9.7446599e-02
   5.3735034e-01   9.9297660e-02
   5.3752066e-01   1.0118708e-01
   5.3773354e-01   1.0311492e-01
   5.3798994e-01   1.0508118e-01
   5.3829084e-01   1.0708586e-01
   5.3863721e-01   1.0912892e-01
   5.3903000e-01   1.1121026e-01
   5.3947016e-01   1.1332979e-01
   5.3995863e-01   1.1548736e-01
   5.4049637e-01   1.1768279e-01
   5.4108429e-01   1.1991586e-01
   5.4172333e-01   1.2218634e-01
   5.4241439e-01   1.2449395e-01
   5.4315840e-01   1.2683837e-01
   5.4395624e-01   1.2921927e-01
   5.4480881e-01   1.3163625e-01
   5.4571699e-01   1.3408891e-01
   5.4668165e-01   1.3657681e-01
   5.4770365e-01   1.3909947e-01
   5.4878383e-01   1.4165636e-01
   5.4992304e-01   1.4424696e-01
   5.5112210e-01   1.4687069e-01
   5.5238182e-01   1.4952693e-01
   5.5370301e-01   1.5221504e-01
   5.5508643e-01   1.5493437e-01
   5.5653288e-01   1.5768419e-01
   5.5804310e-01   1.6046379e-01
   5.5961783e-01   1.6327240e-01
   5.6125779e-01   1.6610922e-01
   5.6296370e-01   1.6897344e-01
   5.6473624e-01   1.7186421e-01
   5.6657607e-01   1.7478066e-01
   5.6848386e-01   1.7772188e-01
   5.7046023e-01   1.8068693e-01
   5.7250579e-01   1.8367488e-01
   5.7462114e-01   1.8668474e-01
   5.7680684e-01   1.8971550e-01
   5.7906343e-01   1.9276615e-01
   5.8139145e-01   1.9583563e-01
   5.8379138e-01   1.9892288e-01
   5.8626369e-01   2.0202680e-01
   5.8880885e-01   2.0514630e-01
   5.9142726e-01   2.0828025e-01
   5.9411932e-01   2.1142750e-01
   5.9688540e-01   2.1458689e-01
   5.9972584e-01   2.1775726e-01
   6.0264094e-01   2.2093740e-01
   6.0563098e-01   2.2412614e-01
   6.0869621e-01   2.2732224e-01
   6.1183684e-01   2.3052448e-01
   6.1505305e-01   2.3373165e-01
   6.1834501e-01   2.3694249e-01
   6.2171282e-01   2.4015575e-01
   6.2515656e-01   2.4337020e-01
   6.2867629e-01   2.4658455e-01
   6.3227201e-01   2.4979757e-01
   6.3594370e-01   2.5300798e-01
   6.3969130e-01   2.5621451e-01
   6.4351470e-01   2.5941591e-01
   6.4741377e-01   2.6261092e-01
   6.5138833e-01   2.6579826e-01
   6.5543817e-01   2.6897670e-01
   6.5956302e-01   2.7214497e-01
   6.6376260e-01   2.7530184e-01
   6.6803656e-01   2.7844607e-01
   6.7238453e-01   2.8157642e-01
   6.7680608e-01   2.8469170e-01
   6.8130076e-01   2.8779067e-01
   6.8586806e-01   2.9087217e-01
   6.9050743e-01   2.9393500e-01
   6.9521829e-01   2.9697799e-01
   7.0000000e-01   3.0000000e-01
   7.0485189e-01   3.0299989e-01
   7.0977324e-01   3.0597655e-01
   7.1476330e-01   3.0892887e-01
   7.1982125e-01   3.1185578e-01
   7.2494625e-01   3.1475622e-01
   7.3013743e-01   3.1762915e-01
   7.3539383e-01   3.2047355e-01
   7.4071450e-01   3.2328842e-01
   7.4609841e-01   3.2607281e-01
   7.5154451e-01   3.2882577e-01
   7.5705170e-01   3.3154637e-01
   7.6261884e-01   3.3423371e-01
   7.6824474e-01   3.3688695e-01
   7.7392818e-01   3.3950523e-01
   7.7966791e-01   3.4208774e-01
   7.8546261e-01   3.4463370e-01
   7.9131095e-01   3.4714236e-01
   7.9721154e-01   3.4961299e-01
   8.0316297e-01   3.5204490e-01
   8.0916379e-01   3.5443743e-01
   8.1521250e-01   3.5678994e-01
   8.2130757e-01   3.5910183e-01
   8.2744745e-01   3.6137254e-01
   8.3363053e-01   3.6360153e-01
   8.3985518e-01   3.6578830e-01
   8.4611975e-01   3.6793238e-01
   8.5242254e-01   3.7003332e-01
   8.5876182e-01   3.7209073e-01
   8.6513584e-01   3.7410424e-01
   8.7154283e-01   3.7607350e-01
   8.7798096e-01   3.7799821e-01
   8.8444841e-01   3.7987812e-01
   8.9094331e-01   3.8171296e-01
   8.9746378e-01   3.8350256e-01
   9.0400792e-01   3.8524673e-01
   9.1057379e-01   3.8694534e-01
   9.1715944e-01   3.8859830e-01
   9.2376291e-01   3.9020552e-01
   9.3038222e-01   3.9176698e-01
   9.3701536e-01   3.9328267e-01
   9.4366031e-01   3.9475263e-01
   9.5031505e-01   3.9617691e-01
   9.5697754e-01   3.9755560e-01
   9.6364572e-01   3.9888884e-01
   9.7031753e-01   4.0017679e-01
   9.7699091e-01   4.0141962e-01
   9.8366377e-01   4.0261756e-01
   9.9033405e-01   4.0377085e-01
   9.9699965e-01   4.0487977e-01
   1.0036585e+00   4.0594464e-01
   1.0103085e+00   4.0696578e-01
   1.0169476e+00   4.0794356e-01
   1.0235737e+00   4.0887836e-01
   1.0301847e+00   4.0977061e-01
   1.0367785e+00   4.1062074e-01
   1.0433532e+00   4.1142923e-01
   1.0499065e+00   4.1219657e-01
   1.0564366e+00   4.1292327e-01
   1.0629414e+00   4.1360988e-01
   1.0694188e+00   4.1425695e-01
   1.0758668e+00   4.1486508e-01
   1.0822835e+00   4.1543486e-01
   1.0886670e+00   4.1596693e-01
   1.0950151e+00   4.1646192e-01
   1.1013262e+00   4.1692050e-01
   1.1075981e+00   4.1734336e-01
   1.1138291e+00   4.1773119e-01
   1.1200174e+00   4.1808470e-01
   1.1261610e+00   4.1840463e-01
   1.1322582e+00   4.1869171e-01
   1.1383072e+00   4.1894671e-01
   1.1443064e+00   4.1917040e-01
   1.1502540e+00   4.1936356e-01
   1.1561483e+00   4.1952697e-01
   1.1619877e+00   4.1966145e-01
   1.1677706e+00   4.1976780e-01
   1.1734955e+00   4.1984685e-01
   1.1791609e+00   4.1989941e-01
   1.1847652e+00   4.1992633e-01
   1.1903071e+00   4.1992844e-01
   1.1957851e+00   4.1990658e-01
   1.2011980e+00   4.1986160e-01
   1.2065444e+00   4.1979435e-01
   1.2118231e+00   4.1970567e-01
   1.2170328e+00   4.1959643e-01
   1.2221724e+00   4.1946746e-01
   1.2272408e+00   4.1931963e-01
   1.2322370e+00   4.1915377e-01
   1.2371599e+00   4.1897074e-01
   1.2420085e+00   4.1877138e-01
   1.2467821e+00   4.1855652e-01
   1.2514796e+00   4.1832700e-01
   1.2561003e+00   4.1808365e-01
   1.2606436e+00   4.1782728e-01
   1.2651086e+00   4.1755870e-01
   1.2694947e+00   4.1727873e-01
   1.2738014e+00   4.1698815e-01
   1.2780282e+00   4.1668775e-01
   1.2821745e+00   4.1637831e-01
   1.2862400e+00   4.1606058e-01
   1.2902243e+00   4.1573533e-01
   1.2941270e+00   4.1540328e-01
   1.2979481e+00   4.1506516e-01
   1.3016872e+00   4.1472169e-01
   1.3053443e+00   4.1437356e-01
   1.3089192e+00   4.1402146e-01
   1.3124120e+00   4.1366604e-01
   1.3158227e+00   4.1330796e-01
   1.3191513e+00   4.1294786e-01
   1.3223982e+00   4.1258635e-01
   1.3255633e+00   4.1222402e-01
   1.3286471e+00   4.1186147e-01
   1.3316498e+00   4.1149924e-01
   1.3345718e+00   4.1113790e-01
   1.3374136e+00   4.1077795e-01
   1.3401755e+00   4.1041991e-01
   1.3428582e+00   4.1006427e-01
   1.3454621e+00   4.0971148e-01
   1.3479880e+00   4.0936199e-01
   1.3504365e+00   4.0901624e-01
   1.3528084e+00   4.0867462e-01
   1.3551043e+00   4.0833751e-01
   1.3573252e+00   4.0800529e-01
   1.3594719e+00   4.0767829e-01
   1.3615453e+00   4.0735684e-01
   1.3635464e+00   4.0704124e-01
   1.3654760e+00   4.0673176e-01
   1.3673354e+00   4.0642867e-01
   1.3691256e+00   4.0613221e-01
   1.3708475e+00   4.0584259e-01
   1.3725025e+00   4.0556001e-01
   1.3740917e+00   4.0528466e-01
   1.3756163e+00   4.0501667e-01
   1.3770775e+00   4.0475620e-01
   1.3784767e+00   4.0450336e-01
   1.3798150e+00   4.0425826e-01
   1.3810939e+00   4.0402096e-01
   1.3823146e+00   4.0379153e-01
   1.3834787e+00   4.0357001e-01
   1.3845873e+00   4.0335644e-01
   1.3856420e+00   4.0315081e-01
   1.3866442e+00   4.0295311e-01
   1.3875953e+00   4.0276333e-01
   1.3884968e+00   4.0258141e-01
   1.3893502e+00   4.0240731e-01
   1.3901568e+00   4.0224095e-01
   1.3909183e+00   4.0208223e-01
   1.3916360e+00   4.0193108e-01
   1.3923115e+00   4.0178736e-01
   1.3929463e+00   4.0165096e-01
   1.3935418e+00   4.0152173e-01
   1.3940995e+00   4.0139954e-01
   1.3946209e+00   4.0128421e-01
   1.3951075e+00   4.0117559e-01
   1.3955607e+00   4.0107349e-01
   1.3959820e+00   4.0097773e-01
   1.3963729e+00   4.0088811e-01
   1.3967346e+00   4.0080445e-01
   1.3970687e+00   4.0072652e-01
   1.3973765e+00   4.0065412e-01
   1.3976594e+00   4.0058704e-01
   1.3979187e+00   4.0052506e-01
   1.3981558e+00   4.0046794e-01
   1.3983718e+00   4.0041548e-01
   1.3985682e+00   4.0036744e-01
   1.3987460e+00   4.0032360e-01
   1.3989065e+00   4.0028373e-01
   1.3990509e+00   4.0024762e-01
   1.3991802e+00   4.0021502e-01
   1.3992956e+00   4.0018573e-01
   1.3993982e+00   4.0015952e-01
   1.3994889e+00   4.0013619e-01
   1.3995687e+00   4.0011552e-01
   1.3996385e+00   4.0009731e-01
   1.3996993e+00   4.0008136e-01
   1.3997518e+00   4.0006747e-01
   1.3997970e+00   4.0005547e-01
   1.3998355e+00   4.0004517e-01
   1.3998681e+00   4.0003640e-01
   1.3998954e+00   4.0002900e-01
   1.3999181e+00   4.0002281e-01
   1.3999367e+00   4.0001770e-01
   1.3999519e+00   4.0001352e-01
   1.3999641e+00   4.0001015e-01
   1.3999737e+00   4.0000747e-01
   1.3999811e+00   4.0000538e-01
   1.3999868e+00   4.0000377e-01
   1.3999911e+00   4.0000257e-01
   1.3999941e+00   4.0000169e-01
   1.3999963e+00   4.0000107e-01
   1.3999978e+00   4.0000064e-01
   1.3999988e+00   4.0000036e-01
   1.3999994e+00   4.0000019e-01
   1.3999997e+00   4.0000009e-01
   1.3999999e+00   4.0000004e-01
   1.4000000e+00   4.0000001e-01
   1.4000000e+00   4.0000000e-01
   1.4000000e+00   4.0000000e-01
   1.4000000e+00   4.0000000e-01
   1.4000000e+00   4.0000000e-01
