   0.0000000e+00   0.0000000e+00
   2.3679350e-11  -1.0314879e-12
   7.4994234e-10  -3.2641999e-11
   5.6361376e-09  -2.4512069e-10
   2.3505092e-08  -1.0214210e-09
   7.0988488e-08  -3.0822650e-09
   1.7480717e-07  -7.5835970e-09
   3.7389305e-07  -1.6206604e-08
   7.2135727e-07  -3.1240518e-08
   1.2863091e-06  -5.5658413e-08
   2.1555301e-06  -9.3186205e-08
   3.4350081e-06  -1.4836506e-07
   5.2513348e-06  -2.2660742e-07
   7.7529719e-06  -3.3424682e-07
   1.1111390e-05  -4.7858175e-07
   1.5522084e-05  -6.6791369e-07
   2.1205467e-05  -9.1157953e-07
   2.8407656e-05  -1.2199786e-06
   3.7401134e-05  -1.6045945e-06
   4.8485318e-05  -2.0780116e-06
   6.1987014e-05  -2.6539274e-06
   7.8260777e-05  -3.3471591e-06
   9.7689172e-05  -4.1736466e-06
   1.2068294e-04  -5.1504506e-06
   1.4768109e-04  -6.2957468e-06
   1.7915088e-04  -7.6288162e-06
   2.1558774e-04  -9.1700307e-06
   2.5751510e-04  -1.0940836e-05
   3.0548415e-04  -1.2963731e-05
   3.6007352e-04  -1.5262243e-05
   4.2188893e-04  -1.7860899e-05
   4.9156269e-04  -2.0785197e-05
   5.6975323e-04  -2.4061571e-05
   6.5714452e-04  -2.7717355e-05
   7.5444542e-04  -3.1780742e-05
   8.6238905e-04  -3.6280747e-05
   9.8173198e-04  -4.1247157e-05
   1.1132535e-03  -4.6710489e-05
   1.2577549e-03  -5.2701941e-05
   1.4160584e-03  -5.9253339e-05
   1.5890062e-03  -6.6397087e-05
   1.7774599e-03  -7.4166114e-05
   1.9822992e-03  -8.2593815e-05
   2.2044209e-03  -9.1713996e-05
   2.4447380e-03  -1.0156081e-04
   2.7041786e-03  -1.1216872e-04
   2.9836847e-03  -1.2357240e-04
   3.2842110e-03  -1.3580670e-04
   3.6067242e-03  -1.4890657e-04
   3.9522013e-03  -1.6290702e-04
   4.3216287e-03  -1.7784301e-04
   4.7160010e-03  -1.9374945e-04
   5.1363198e-03  -2.1066106e-04
   5.5835923e-03  -2.2861236e-04
   6.0588304e-03  -2.4763757e-04
   6.5630492e-03  -2.6777057e-04
   7.0972657e-03  -2.8904481e-04
   7.6624981e-03  -3.1149326e-04
   8.2597637e-03  -3.3514832e-04
   8.8900784e-03  -3.6004178e-04
   9.5544551e-03  -3.8620474e-04
   1.0253903e-02  -4.1366753e-04
   1.0989424e-02  -4.4245968e-04
   1.1762017e-02  -4.7260981e-04
   1.2572670e-02  -5.0414559e-04
   1.3422362e-02  -5.3709367e-04
   1.4312063e-02  -5.7147961e-04
   1.5242732e-02  -6.0732784e-04
   1.6215314e-02  -6.4466155e-04
   1.7230740e-02  -6.8350267e-04
   1.8289928e-02  -7.2387178e-04
   1.9393778e-02  -7.6578809e-04
   2.0543174e-02  -8.0926931e-04
   2.1738981e-02  -8.5433167e-04
   2.2982045e-02  -9.0098980e-04
   2.4273192e-02  -9.4925671e-04
   2.5613224e-02  -9.9914371e-04
   2.7002925e-02  -1.0506604e-03
   2.8443053e-02  -1.1038145e-03
   2.9934340e-02  -1.1586120e-03
   3.1477495e-02  -1.2150568e-03
   3.3073200e-02  -1.2731512e-03
   3.4722111e-02  -1.3328951e-03
   3.6424854e-02  -1.3942866e-03
   3.8182026e-02  -1.4573216e-03
   3.9994197e-02  -1.5219940e-03
   4.1861904e-02  -1.5882954e-03
   4.3785654e-02  -1.6562152e-03
   4.5765922e-02  -1.7257405e-03
   4.7803149e-02  -1.7968563e-03
   4.9897744e-02  -1.8695451e-03
   5.2050082e-02  -1.9437870e-03
   5.4260504e-02  -2.0195599e-03
   5.6529315e-02  -2.0968391e-03
   5.8856784e-02  -2.1755974e-03
   6.1243146e-02  -2.2558054e-03
   6.3688597e-02  -2.3374308e-03
   6.6193296e-02  -2.4204391e-03
   6.8757367e-02  -2.5047931e-03
   7.1380895e-02  -2.5904530e-03
   7.4063925e-02  -2.6773764e-03
   7.6806466e-02  -2.7655183e-03
   7.9608487e-02  -2.8548312e-03
   8.2469920e-02  -2.9452648e-03
   8.5390654e-02  -3.0367662e-03
   8.8370543e-02  -3.1292797e-03
   9.1409398e-02  -3.2227473e-03
   9.4506992e-02  -3.3171078e-03
   9.7663060e-02  -3.4122978e-03
   1.0087729e-01  -3.5082509e-03
   1.0414935e-01  -3.6048982e-03
   1.0747883e-01  -3.7021681e-03
   1.1086533e-01  -3.7999860e-03
   1.1430837e-01  -3.8982751e-03
   1.1780745e-01  -3.9969556e-03
   1.2136203e-01  -4.0959452e-03
   1.2497152e-01  -4.1951589e-03
   1.2863530e-01  -4.2945090e-03
   1.3235271e-01  -4.3939052e-03
   1.3612306e-01  -4.4932546e-03
   1.3994560e-01  -4.5924618e-03
   1.4381957e-01  -4.6914286e-03
   1.4774415e-01  -4.7900545e-03
   1.5171849e-01  -4.8882363e-03
   1.5574171e-01  -4.9858682e-03
   1.5981289e-01  -5.0828422e-03
   1.6393107e-01  -5.1790475e-03
   1.6809526e-01  -5.2743713e-03
   1.7230444e-01  -5.3686979e-03
   1.7655754e-01  -5.4619096e-03
   1.8085348e-01  -5.5538862e-03
   1.8519112e-01  -5.6445053e-03
   1.8956931e-01  -5.7336420e-03
   1.9398686e-01  -5.8211695e-03
   1.9844256e-01  -5.9069587e-03
   2.0293514e-01  -5.9908781e-03
   2.0746334e-01  -6.0727945e-03
   2.1202584e-01  -6.1525723e-03
   2.1662131e-01  -6.2300741e-03
   2.2124839e-01  -6.3051605e-03
   2.2590569e-01  -6.3776899e-03
   2.3059179e-01  -6.4475193e-03
   2.3530527e-01  -6.5145035e-03
   2.4004465e-01  -6.5784956e-03
   2.4480846e-01  -6.6393471e-03
   2.4959518e-01  -6.6969077e-03
   2.5440330e-01  -6.7510257e-03
   2.5923126e-01  -6.8015474e-03
   2.6407751e-01  -6.8483181e-03
   2.6894045e-01  -6.8911814e-03
   2.7381850e-01  -6.9299794e-03
   2.7871002e-01  -6.9645531e-03
   2.8361340e-01  -6.9947423e-03
   2.8852699e-01  -7.0203852e-03
   2.9344913e-01  -7.0413192e-03
   2.9837815e-01  -7.0573806e-03
   3.0331237e-01  -7.0684044e-03
   3.0825011e-01  -7.0742251e-03
   3.1318966e-01  -7.0746759e-03
   3.1812932e-01  -7.0695894e-03
   3.2306737e-01  -7.0587973e-03
   3.2800211e-01  -7.0421309e-03
   3.3293180e-01  -7.0194205e-03
   3.3785473e-01  -6.9904961e-03
   3.4276916e-01  -6.9551871e-03
   3.4767337e-01  -6.9133226e-03
   3.5256562e-01  -6.8647313e-03
   3.5744420e-01  -6.8092416e-03
   3.6230738e-01  -6.7466816e-03
   3.6715343e-01  -6.6768796e-03
   3.7198064e-01  -6.5996635e-03
   3.7678730e-01  -6.5148613e-03
   3.8157170e-01  -6.4223012e-03
   3.8633215e-01  -6.3218114e-03
   3.9106696e-01  -6.2132204e-03
   3.9577445e-01  -6.0963570e-03
   4.0045295e-01  -5.9710504e-03
   4.0510081e-01  -5.8371301e-03
   4.0971638e-01  -5.6944263e-03
   4.1429804e-01  -5.5427696e-03
   4.1884418e-01  -5.3819915e-03
   4.2335320e-01  -5.2119238e-03
   4.2782351e-01  -5.0323996e-03
   4.3225357e-01  -4.8432526e-03
   4.3664182e-01  -4.6443175e-03
   4.4098675e-01  -4.4354299e-03
   4.4528685e-01  -4.2164266e-03
   4.4954065e-01  -3.9871456e-03
   4.5374669e-01  -3.7474260e-03
   4.5790354e-01  -3.4971082e-03
   4.6200980e-01  -3.2360341e-03
   4.6606408e-01  -2.9640469e-03
   4.7006504e-01  -2.6809913e-03
   4.7401134e-01  -2.3867136e-03
   4.7790169e-01  -2.0810618e-03
   4.8173483e-01  -1.7638855e-03
   4.8550950e-01  -1.4350360e-03
   4.8922452e-01  -1.0943666e-03
   4.9287869e-01  -7.4173242e-04
   4.9647089e-01  -3.7699052e-04
   5.0000000e-01   0.0000000e+00
   5.0346494e-01   3.8937795e-04
   5.0686468e-01   7.9128001e-04
   5.1019821e-01   1.2058406e-03
   5.1346456e-01   1.6331921e-03
   5.1666280e-01   2.0734641e-03
   5.1979203e-01   2.5267843e-03
   5.2285139e-01   2.9932776e-03
   5.2584007e-01   3.4730667e-03
   5.2875728e-01   3.9662715e-03
   5.3160229e-01   4.4730094e-03
   5.3437439e-01   4.9933951e-03
   5.3707293e-01   5.5275407e-03
   5.3969728e-01   6.0755553e-03
   5.4224686e-01   6.6375454e-03
   5.4472114e-01   7.2136145e-03
   5.4711962e-01   7.8038634e-03
   5.4944185e-01   8.4083895e-03
   5.5168743e-01   9.0272877e-03
   5.5385597e-01   9.6606495e-03
   5.5594717e-01   1.0308563e-02
   5.5796075e-01   1.0971115e-02
   5.5989645e-01   1.1648386e-02
   5.6175410e-01   1.2340456e-02
   5.6353355e-01   1.3047400e-02
   5.6523468e-01   1.3769290e-02
   5.6685745e-01   1.4506197e-02
   5.6840184e-01   1.5258185e-02
   5.6986788e-01   1.6025316e-02
   5.7125563e-01   1.6807651e-02
   5.7256523e-01   1.7605243e-02
   5.7379684e-01   1.8418144e-02
   5.7495065e-01   1.9246404e-02
   5.7602694e-01   2.0090066e-02
   5.7702598e-01   2.0949172e-02
   5.7794813e-01   2.1823760e-02
   5.7879377e-01   2.2713862e-02
   5.7956334e-01   2.3619510e-02
   5.8025729e-01   2.4540731e-02
   5.8087616e-01   2.5477545e-02
   5.8142050e-01   2.6429974e-02
   5.8189091e-01   2.7398032e-02
   5.8228805e-01   2.8381730e-02
   5.8261260e-01   2.9381077e-02
   5.8286530e-01   3.0396076e-02
   5.8304691e-01   3.1426729e-02
   5.8315826e-01   3.2473030e-02
   5.8320019e-01   3.3534972e-02
   5.8317361e-01   3.4612545e-02
   5.8307946e-01   3.5705733e-02
   5.8291871e-01   3.6814518e-02
   5.8269238e-01   3.7938875e-02
   5.8240152e-01   3.9078779e-02
   5.8204723e-01   4.0234199e-02
   5.8163063e-01   4.1405100e-02
   5.8115291e-01   4.2591445e-02
   5.8061526e-01   4.3793190e-02
   5.8001892e-01   4.5010291e-02
   5.7936518e-01   4.6242697e-02
   5.7865534e-01   4.7490354e-02
   5.7789075e-01   4.8753204e-02
   5.7707279e-01   5.0031188e-02
   5.7620287e-01   5.1324238e-02
   5.7528243e-01   5.2632286e-02
   5.7431295e-01   5.3955260e-02
   5.7329594e-01   5.5293082e-02
   5.7223293e-01   5.6645672e-02
   5.7112549e-01   5.8012946e-02
   5.6997520e-01   5.9394816e-02
   5.6878369e-01   6.0791191e-02
   5.6755260e-01   6.2201974e-02
   5.6628361e-01   6.3627067e-02
   5.6497841e-01   6.5066368e-02
   5.6363872e-01   6.6519769e-02
   5.6226629e-01   6.7987161e-02
   5.6086289e-01   6.9468430e-02
   5.5943029e-01   7.0963460e-02
   5.5797031e-01   7.2472129e-02
   5.5648478e-01   7.3994313e-02
   5.5497553e-01   7.5529885e-02
   5.5344444e-01   7.7078713e-02
   5.5189338e-01   7.8640663e-02
   5.5032425e-01   8.0215597e-02
   5.4873895e-01   8.1803374e-02
   5.4713941e-01   8.3403849e-02
   5.4552757e-01   8.5016874e-02
   5.4390537e-01   8.6642298e-02
   5.4227477e-01   8.8279967e-02
   5.4063774e-01   8.9929723e-02
   5.3899625e-01   9.1591406e-02
   5.3735229e-01   9.3264852e-02
   5.3570784e-01   9.4949894e-02
   5.3406491e-01   9.6646363e-02
   5.3242548e-01   9.8354085e-02
   5.3079158e-01   1.0007289e-01
   5.2916519e-01   1.0180259e-01
   5.2754833e-01   1.0354301e-01
   5.2594301e-01   1.0529396e-01
   5.2435122e-01   1.0705526e-01
   5.2277498e-01   1.0882672e-01
   5.2121629e-01   1.1060814e-01
   5.1967714e-01   1.1239934e-01
   5.1815952e-01   1.1420011e-01
   5.1666543e-01   1.1601026e-01
   5.1519683e-01   1.1782958e-01
   5.1375571e-01   1.1965786e-01
   5.1234402e-01   1.2149491e-01
   5.1096372e-01   1.2334051e-01
   5.0961674e-01   1.2519446e-01
   5.0830501e-01   1.2705653e-01
   5.0703045e-01   1.2892651e-01
   5.0579495e-01   1.3080419e-01
   5.0460041e-01   1.3268935e-01
   5.0344869e-01   1.3458176e-01
   5.0234163e-01   1.3648120e-01
   5.0128109e-01   1.3838745e-01
   5.0026885e-01   1.4030029e-01
   4.9930673e-01   1.4221947e-01
   4.9839650e-01   1.4414477e-01
   4.9753989e-01   1.4607597e-01
   4.9673864e-01   1.4801283e-01
   4.9599445e-01   1.4995511e-01
   4.9530900e-01   1.5190257e-01
   4.9468393e-01   1.5385499e-01
   4.9412088e-01   1.5581213e-01
   4.9362144e-01   1.5777373e-01
   4.9318718e-01   1.5973958e-01
   4.9281964e-01   1.6170941e-01
   4.9252032e-01   1.6368299e-01
   4.9229070e-01   1.6566009e-01
   4.9213223e-01   1.6764044e-01
   4.9204632e-01   1.6962381e-01
   4.9203436e-01   1.7160996e-01
   4.9209768e-01   1.7359863e-01
   4.9223759e-01   1.7558959e-01
   4.9245537e-01   1.7758257e-01
   4.9275226e-01   1.7957735e-01
   4.9312946e-01   1.8157366e-01
   4.9358812e-01   1.8357126e-01
   4.9412938e-01   1.8556990e-01
   4.9475432e-01   1.8756933e-01
   4.9546398e-01   1.8956931e-01
   4.9625938e-01   1.9156958e-01
   4.9714146e-01   1.9356990e-01
   4.9811116e-01   1.9557002e-01
   4.9916935e-01   1.9756969e-01
   5.0031688e-01   1.9956866e-01
   5.0155453e-01   2.0156668e-01
   5.0288306e-01   2.0356351e-01
   5.0430318e-01   2.0555890e-01
   5.0581554e-01   2.0755261e-01
   5.0742077e-01   2.0954438e-01
   5.0911943e-01   2.1153398e-01
   5.1091206e-01   2.1352115e-01
   5.1279913e-01   2.1550566e-01
   5.1478108e-01   2.1748726e-01
   5.1685829e-01   2.1946572e-01
   5.1903111e-01   2.2144078e-01
   5.2129983e-01   2.2341221e-01
   5.2366470e-01   2.2537977e-01
   5.2612592e-01   2.2734323e-01
   5.2868363e-01   2.2930235e-01
   5.3133794e-01   2.3125689e-01
   5.3408891e-01   2.3320661e-01
   5.3693655e-01   2.3515130e-01
   5.3988080e-01   2.3709071e-01
   5.4292160e-01   2.3902462e-01
   5.4605879e-01   2.4095280e-01
   5.4929219e-01   2.4287502e-01
   5.5262158e-01   2.4479106e-01
   5.5604666e-01   2.4670070e-01
   5.5956711e-01   2.4860372e-01
   5.6318256e-01   2.5049990e-01
   5.6689258e-01   2.5238902e-01
   5.7069669e-01   2.5427087e-01
   5.7459438e-01   2.5614524e-01
   5.7858508e-01   2.5801191e-01
   5.8266817e-01   2.5987068e-01
   5.8684301e-01   2.6172134e-01
   5.9110887e-01   2.6356369e-01
   5.9546502e-01   2.6539753e-01
   5.9991065e-01   2.6722266e-01
   6.0444491e-01   2.6903888e-01
   6.0906693e-01   2.7084600e-01
   6.1377576e-01   2.7264383e-01
   6.1857044e-01   2.7443217e-01
   6.2344994e-01   2.7621085e-01
   6.2841320e-01   2.7797968e-01
   6.3345911e-01   2.7973848e-01
   6.3858654e-01   2.8148707e-01
   6.4379429e-01   2.8322528e-01
   6.4908113e-01   2.8495294e-01
   6.5444580e-01   2.8666987e-01
   6.5988698e-01   2.8837591e-01
   6.6540334e-01   2.9007090e-01
   6.7099348e-01   2.9175468e-01
   6.7665599e-01   2.9342708e-01
   6.8238941e-01   2.9508797e-01
   6.8819224e-01   2.9673718e-01
   6.9406296e-01   2.9837457e-01
   7.0000000e-01   3.0000000e-01
   7.0600177e-01   3.0161332e-01
   7.1206664e-01   3.0321440e-01
   7.1819295e-01   3.0480310e-01
   7.2437901e-01   3.0637929e-01
   7.3062310e-01   3.0794285e-01
   7.3692347e-01   3.0949364e-01
   7.4327835e-01   3.1103156e-01
   7.4968594e-01   3.1255648e-01
   7.5614440e-01   3.1406829e-01
   7.6265188e-01   3.1556687e-01
   7.6920651e-01   3.1705213e-01
   7.7580639e-01   3.1852396e-01
   7.8244959e-01   3.1998226e-01
   7.8913417e-01   3.2142694e-01
   7.9585818e-01   3.2285789e-01
   8.0261963e-01   3.2427504e-01
   8.0941653e-01   3.2567830e-01
   8.1624686e-01   3.2706759e-01
   8.2310860e-01   3.2844282e-01
   8.2999971e-01   3.2980394e-01
   8.3691813e-01   3.3115086e-01
   8.4386180e-01   3.3248352e-01
   8.5082864e-01   3.3380185e-01
   8.5781656e-01   3.3510581e-01
   8.6482349e-01   3.3639533e-01
   8.7184731e-01   3.3767036e-01
   8.7888593e-01   3.3893085e-01
   8.8593722e-01   3.4017677e-01
   8.9299910e-01   3.4140806e-01
   9.0006943e-01   3.4262470e-01
   9.0714611e-01   3.4382665e-01
   9.1422702e-01   3.4501388e-01
   9.2131005e-01   3.4618637e-01
   9.2839310e-01   3.4734409e-01
   9.3547405e-01   3.4848703e-01
   9.4255082e-01   3.4961518e-01
   9.4962131e-01   3.5072852e-01
   9.5668344e-01   3.5182704e-01
   9.6373512e-01   3.5291075e-01
   9.7077431e-01   3.5397964e-01
   9.7779894e-01   3.5503372e-01
   9.8480698e-01   3.5607300e-01
   9.9179640e-01   3.5709748e-01
   9.9876520e-01   3.5810719e-01
   1.0057114e+00   3.5910214e-01
   1.0126329e+00   3.6008235e-01
   1.0195280e+00   3.6104786e-01
   1.0263945e+00   3.6199868e-01
   1.0332306e+00   3.6293486e-01
   1.0400344e+00   3.6385643e-01
   1.0468040e+00   3.6476343e-01
   1.0535376e+00   3.6565589e-01
   1.0602334e+00   3.6653388e-01
   1.0668895e+00   3.6739744e-01
   1.0735042e+00   3.6824662e-01
   1.0800758e+00   3.6908147e-01
   1.0866025e+00   3.6990207e-01
   1.0930826e+00   3.7070846e-01
   1.0995146e+00   3.7150073e-01
   1.1058968e+00   3.7227893e-01
   1.1122276e+00   3.7304314e-01
   1.1185054e+00   3.7379343e-01
   1.1247288e+00   3.7452989e-01
   1.1308963e+00   3.7525259e-01
   1.1370064e+00   3.7596163e-01
   1.1430577e+00   3.7665708e-01
   1.1490489e+00   3.7733903e-01
   1.1549786e+00   3.7800759e-01
   1.1608455e+00   3.7866284e-01
   1.1666485e+00   3.7930488e-01
   1.1723863e+00   3.7993382e-01
   1.1780577e+00   3.8054976e-01
   1.1836616e+00   3.8115281e-01
   1.1891970e+00   3.8174306e-01
   1.1946627e+00   3.8232064e-01
   1.2000579e+00   3.8288566e-01
   1.2053815e+00   3.8343823e-01
   1.2106327e+00   3.8397848e-01
   1.2158106e+00   3.8450651e-01
   1.2209144e+00   3.8502246e-01
   1.2259433e+00   3.8552645e-01
   1.2308967e+00   3.8601861e-01
   1.2357738e+00   3.8649906e-01
   1.2405740e+00   3.8696793e-01
   1.2452968e+00   3.8742536e-01
   1.2499416e+00   3.8787148e-01
   1.2545079e+00   3.8830643e-01
   1.2589954e+00   3.8873034e-01
   1.2634036e+00   3.8914336e-01
   1.2677321e+00   3.8954562e-01
   1.2719807e+00   3.8993727e-01
   1.2761492e+00   3.9031844e-01
   1.2802374e+00   3.9068929e-01
   1.2842450e+00   3.9104997e-01
   1.2881721e+00   3.9140060e-01
   1.2920185e+00   3.9174136e-01
   1.2957843e+00   3.9207238e-01
   1.2994695e+00   3.9239381e-01
   1.3030741e+00   3.9270581e-01
   1.3065984e+00   3.9300853e-01
   1.3100424e+00   3.9330212e-01
   1.3134065e+00   3.9358674e-01
   1.3166909e+00   3.9386254e-01
   1.3198959e+00   3.9412967e-01
   1.3230218e+00   3.9438829e-01
   1.3260691e+00   3.9463855e-01
   1.3290382e+00   3.9488062e-01
   1.3319297e+00   3.9511464e-01
   1.3347439e+00   3.9534078e-01
   1.3374815e+00   3.9555918e-01
   1.3401432e+00   3.9577002e-01
   1.3427295e+00   3.9597343e-01
   1.3452411e+00   3.9616959e-01
   1.3476788e+00   3.9635864e-01
   1.3500433e+00   3.9654074e-01
   1.3523354e+00   3.9671605e-01
   1.3545560e+00   3.9688472e-01
   1.3567059e+00   3.9704690e-01
   1.3587860e+00   3.9720276e-01
   1.3607973e+00   3.9735244e-01
   1.3627406e+00   3.9749610e-01
   1.3646171e+00   3.9763389e-01
   1.3664277e+00   3.9776597e-01
   1.3681734e+00   3.9789247e-01
   1.3698554e+00   3.9801355e-01
   1.3714747e+00   3.9812936e-01
   1.3730325e+00   3.9824005e-01
   1.3745298e+00   3.9834576e-01
   1.3759679e+00   3.9844664e-01
   1.3773480e+00   3.9854284e-01
   1.3786712e+00   3.9863448e-01
   1.3799388e+00   3.9872172e-01
   1.3811520e+00   3.9880469e-01
   1.3823121e+00   3.9888354e-01
   1.3834202e+00   3.9895839e-01
   1.3844778e+00   3.9902938e-01
   1.3854861e+00   3.9909665e-01
   1.3864463e+00   3.9916033e-01
   1.3873598e+00   3.9922054e-01
   1.3882280e+00   3.9927741e-01
   1.3890520e+00   3.9933107e-01
   1.3898332e+00   3.9938165e-01
   1.3905730e+00   3.9942925e-01
   1.3912727e+00   3.9947401e-01
   1.3919335e+00   3.9951603e-01
   1.3925568e+00   3.9955544e-01
   1.3931439e+00   3.9959234e-01
   1.3936961e+00   3.9962685e-01
   1.3942146e+00   3.9965907e-01
   1.3947009e+00   3.9968911e-01
   1.3951561e+00   3.9971707e-01
   1.3955816e+00   3.9974306e-01
   1.3959785e+00   3.9976717e-01
   1.3963482e+00   3.9978950e-01
   1.3966918e+00   3.9981013e-01
   1.3970105e+00   3.9982917e-01
   1.3973055e+00   3.9984670e-01
   1.3975781e+00   3.9986280e-01
   1.3978293e+00   3.9987756e-01
   1.3980603e+00   3.9989106e-01
   1.3982722e+00   3.9990337e-01
   1.3984660e+00   3.9991457e-01
   1.3986428e+00   3.9992474e-01
   1.3988037e+00   3.9993394e-01
   1.3989495e+00   3.9994224e-01
   1.3990814e+00   3.9994970e-01
   1.3992002e+00   3.9995639e-01
   1.3993068e+00   3.9996236e-01
   1.3994022e+00   3.9996768e-01
   1.3994872e+00   3.9997238e-01
   1.3995625e+00   3.9997654e-01
   1.3996290e+00   3.9998018e-01
   1.3996873e+00   3.9998337e-01
   1.3997384e+00   3.9998614e-01
   1.3997827e+00   3.9998853e-01
   1.3998209e+00   3.9999059e-01
   1.3998537e+00   3.9999234e-01
   1.3998816e+00   3.9999383e-01
   1.3999052e+00   3.9999508e-01
   1.3999249e+00   3.9999612e-01
   1.3999413e+00   3.9999698e-01
   1.3999547e+00   3.9999768e-01
   1.3999656e+00   3.9999824e-01
   1.3999744e+00   3.9999870e-01
   1.3999812e+00   3.9999905e-01
   1.3999866e+00   3.9999932e-01
   1.3999906e+00   3.9999953e-01
   1.3999937e+00   3.9999968e-01
   1.3999959e+00   3.9999979e-01
   1.3999974e+00   3.9999987e-01
   1.3999984e+00   3.9999992e-01
   1.3999991e+00   3.9999996e-01
   1.3999995e+00   3.9999998e-01
   1.3999998e+00   3.9999999e-01
   1.3999999e+00   4.0000000e-01
   1.4000000e+00   4.0000000e-01
   1.4000000e+00   4.0000000e-01
   1.4000000e+00   4.0000000e-01
   1.4000000e+00   4.0000000e-01
   1.4000000e+00   4.0000000e-01
