   1.0000000e-02   0.0000000e+00
   2.0000000e-02   9.9998333e-04
   3.0000000e-02   1.9998667e-03
   4.0000000e-02   2.9995500e-03
   5.0000000e-02   3.9989334e-03
   6.0000000e-02   4.9979169e-03
   7.0000000e-02   5.9964006e-03
   8.0000000e-02   6.9942847e-03
   9.0000000e-02   7.9914694e-03
   1.0000000e-01   8.9878549e-03
   1.1000000e-01   9.9833417e-03
   1.2000000e-01   1.0977830e-02
   1.3000000e-01   1.1971221e-02
   1.4000000e-01   1.2963414e-02
   1.5000000e-01   1.3954311e-02
   1.6000000e-01   1.4943813e-02
   1.7000000e-01   1.5931821e-02
   1.8000000e-01   1.6918235e-02
   1.9000000e-01   1.7902957e-02
   2.0000000e-01   1.8885889e-02
   2.1000000e-01   1.9866933e-02
   2.2000000e-01   2.0845990e-02
   2.3000000e-01   2.1822962e-02
   2.4000000e-01   2.2797752e-02
   2.5000000e-01   2.3770263e-02
   2.6000000e-01   2.4740396e-02
   2.7000000e-01   2.5708055e-02
   2.8000000e-01   2.6673144e-02
   2.9000000e-01   2.7635565e-02
   3.0000000e-01   2.8595223e-02
   3.1000000e-01   2.9552021e-02
   3.2000000e-01   3.0505864e-02
   3.3000000e-01   3.1456656e-02
   3.4000000e-01   3.2404303e-02
   3.5000000e-01   3.3348709e-02
   3.6000000e-01   3.4289781e-02
   3.7000000e-01   3.5227423e-02
   3.8000000e-01   3.6161543e-02
   3.9000000e-01   3.7092047e-02
   4.0000000e-01   3.8018842e-02
   4.1000000e-01   3.8941834e-02
   4.2000000e-01   3.9860933e-02
   4.3000000e-01   4.0776045e-02
   4.4000000e-01   4.1687080e-02
   4.5000000e-01   4.2593947e-02
   4.6000000e-01   4.3496553e-02
   4.7000000e-01   4.4394811e-02
   4.8000000e-01   4.5288629e-02
   4.9000000e-01   4.6177918e-02
   5.0000000e-01   4.7062589e-02
   5.1000000e-01   4.7942554e-02
   5.2000000e-01   4.8817725e-02
   5.3000000e-01   4.9688014e-02
   5.4000000e-01   5.0553334e-02
   5.5000000e-01   5.1413599e-02
   5.6000000e-01   5.2268723e-02
   5.7000000e-01   5.3118620e-02
   5.8000000e-01   5.3963205e-02
   5.9000000e-01   5.4802394e-02
   6.0000000e-01   5.5636102e-02
   6.1000000e-01   5.6464247e-02
   6.2000000e-01   5.7286746e-02
   6.3000000e-01   5.8103516e-02
   6.4000000e-01   5.8914476e-02
   6.5000000e-01   5.9719544e-02
   6.6000000e-01   6.0518641e-02
   6.7000000e-01   6.1311685e-02
   6.8000000e-01   6.2098599e-02
   6.9000000e-01   6.2879302e-02
   7.0000000e-01   6.3653718e-02
   7.1000000e-01   6.4421769e-02
   7.2000000e-01   6.5183377e-02
   7.3000000e-01   6.5938467e-02
   7.4000000e-01   6.6686964e-02
   7.5000000e-01   6.7428791e-02
   7.6000000e-01   6.8163876e-02
   7.7000000e-01   6.8892145e-02
   7.8000000e-01   6.9613524e-02
   7.9000000e-01   7.0327942e-02
   8.0000000e-01   7.1035327e-02
   8.1000000e-01   7.1735609e-02
   8.2000000e-01   7.2428717e-02
   8.3000000e-01   7.3114583e-02
   8.4000000e-01   7.3793137e-02
   8.5000000e-01   7.4464312e-02
   8.6000000e-01   7.5128041e-02
   8.7000000e-01   7.5784256e-02
   8.8000000e-01   7.6432894e-02
   8.9000000e-01   7.7073888e-02
   9.0000000e-01   7.7707175e-02
   9.1000000e-01   7.8332691e-02
   9.2000000e-01   7.8950374e-02
   9.3000000e-01   7.9560162e-02
   9.4000000e-01   8.0161994e-02
   9.5000000e-01   8.0755810e-02
   9.6000000e-01   8.1341550e-02
   9.7000000e-01   8.1919157e-02
   9.8000000e-01   8.2488571e-02
   9.9000000e-01   8.3049737e-02
   1.0000000e+00   8.3602598e-02
   1.0100000e+00   8.4147098e-02
   1.0200000e+00   8.4683184e-02
   1.0300000e+00   8.5210802e-02
   1.0400000e+00   8.5729899e-02
   1.0500000e+00   8.6240423e-02
   1.0600000e+00   8.6742323e-02
   1.0700000e+00   8.7235548e-02
   1.0800000e+00   8.7720050e-02
   1.0900000e+00   8.8195781e-02
   1.1000000e+00   8.8662691e-02
   1.1100000e+00   8.9120736e-02
   1.1200000e+00   8.9569869e-02
   1.1300000e+00   9.0010044e-02
   1.1400000e+00   9.0441219e-02
   1.1500000e+00   9.0863350e-02
   1.1600000e+00   9.1276394e-02
   1.1700000e+00   9.1680311e-02
   1.1800000e+00   9.2075060e-02
   1.1900000e+00   9.2460601e-02
   1.2000000e+00   9.2836897e-02
   1.2100000e+00   9.3203909e-02
   1.2200000e+00   9.3561600e-02
   1.2300000e+00   9.3909936e-02
   1.2400000e+00   9.4248880e-02
   1.2500000e+00   9.4578400e-02
   1.2600000e+00   9.4898462e-02
   1.2700000e+00   9.5209034e-02
   1.2800000e+00   9.5510086e-02
   1.2900000e+00   9.5801586e-02
   1.3000000e+00   9.6083506e-02
   1.3100000e+00   9.6355819e-02
   1.3200000e+00   9.6618495e-02
   1.3300000e+00   9.6871510e-02
   1.3400000e+00   9.7114838e-02
   1.3500000e+00   9.7348454e-02
   1.3600000e+00   9.7572336e-02
   1.3700000e+00   9.7786460e-02
   1.3800000e+00   9.7990806e-02
   1.3900000e+00   9.8185353e-02
   1.4000000e+00   9.8370081e-02
   1.4100000e+00   9.8544973e-02
   1.4200000e+00   9.8710010e-02
   1.4300000e+00   9.8865176e-02
   1.4400000e+00   9.9010456e-02
   1.4500000e+00   9.9145835e-02
   1.4600000e+00   9.9271299e-02
   1.4700000e+00   9.9386836e-02
   1.4800000e+00   9.9492435e-02
   1.4900000e+00   9.9588084e-02
   1.5000000e+00   9.9673775e-02
   1.5100000e+00   9.9749499e-02
   1.5200000e+00   9.9815247e-02
   1.5300000e+00   9.9871014e-02
   1.5400000e+00   9.9916795e-02
   1.5500000e+00   9.9952583e-02
   1.5600000e+00   9.9978376e-02
   1.5700000e+00   9.9994172e-02
   1.5800000e+00   9.9999968e-02
   1.5900000e+00   9.9995765e-02
   1.6000000e+00   9.9981562e-02
   1.6100000e+00   9.9957360e-02
   1.6200000e+00   9.9923163e-02
   1.6300000e+00   9.9878974e-02
   1.6400000e+00   9.9824797e-02
   1.6500000e+00   9.9760638e-02
   1.6600000e+00   9.9686503e-02
   1.6700000e+00   9.9602399e-02
   1.6800000e+00   9.9508335e-02
   1.6900000e+00   9.9404320e-02
   1.7000000e+00   9.9290365e-02
   1.7100000e+00   9.9166481e-02
   1.7200000e+00   9.9032680e-02
   1.7300000e+00   9.8888977e-02
   1.7400000e+00   9.8735384e-02
   1.7500000e+00   9.8571918e-02
   1.7600000e+00   9.8398595e-02
   1.7700000e+00   9.8215432e-02
   1.7800000e+00   9.8022447e-02
   1.7900000e+00   9.7819661e-02
   1.8000000e+00   9.7607092e-02
   1.8100000e+00   9.7384763e-02
   1.8200000e+00   9.7152696e-02
   1.8300000e+00   9.6910913e-02
   1.8400000e+00   9.6659439e-02
   1.8500000e+00   9.6398300e-02
   1.8600000e+00   9.6127520e-02
   1.8700000e+00   9.5847128e-02
   1.8800000e+00   9.5557152e-02
   1.8900000e+00   9.5257619e-02
   1.9000000e+00   9.4948561e-02
   1.9100000e+00   9.4630009e-02
   1.9200000e+00   9.4301993e-02
   1.9300000e+00   9.3964547e-02
   1.9400000e+00   9.3617705e-02
   1.9500000e+00   9.3261501e-02
   1.9600000e+00   9.2895972e-02
   1.9700000e+00   9.2521152e-02
   1.9800000e+00   9.2137081e-02
   1.9900000e+00   9.1743796e-02
   2.0000000e+00   9.1341336e-02
   2.0100000e+00   9.0929743e-02
   2.0200000e+00   9.0509056e-02
   2.0300000e+00   9.0079319e-02
   2.0400000e+00   8.9640574e-02
   2.0500000e+00   8.9192865e-02
   2.0600000e+00   8.8736237e-02
   2.0700000e+00   8.8270735e-02
   2.0800000e+00   8.7796406e-02
   2.0900000e+00   8.7313298e-02
   2.1000000e+00   8.6821458e-02
   2.1100000e+00   8.6320937e-02
   2.1200000e+00   8.5811783e-02
   2.1300000e+00   8.5294048e-02
   2.1400000e+00   8.4767784e-02
   2.1500000e+00   8.4233043e-02
   2.1600000e+00   8.3689879e-02
   2.1700000e+00   8.3138346e-02
   2.1800000e+00   8.2578499e-02
   2.1900000e+00   8.2010395e-02
   2.2000000e+00   8.1434089e-02
   2.2100000e+00   8.0849640e-02
   2.2200000e+00   8.0257107e-02
   2.2300000e+00   7.9656547e-02
   2.2400000e+00   7.9048022e-02
   2.2500000e+00   7.8431593e-02
   2.2600000e+00   7.7807320e-02
   2.2700000e+00   7.7175266e-02
   2.2800000e+00   7.6535495e-02
   2.2900000e+00   7.5888071e-02
   2.3000000e+00   7.5233058e-02
   2.3100000e+00   7.4570521e-02
   2.3200000e+00   7.3900528e-02
   2.3300000e+00   7.3223144e-02
   2.3400000e+00   7.2538439e-02
   2.3500000e+00   7.1846479e-02
   2.3600000e+00   7.1147335e-02
   2.3700000e+00   7.0441077e-02
   2.3800000e+00   6.9727774e-02
   2.3900000e+00   6.9007498e-02
   2.4000000e+00   6.8280322e-02
   2.4100000e+00   6.7546318e-02
   2.4200000e+00   6.6805559e-02
   2.4300000e+00   6.6058120e-02
   2.4400000e+00   6.5304075e-02
   2.4500000e+00   6.4543500e-02
   2.4600000e+00   6.3776470e-02
   2.4700000e+00   6.3003063e-02
   2.4800000e+00   6.2223356e-02
   2.4900000e+00   6.1437426e-02
   2.5000000e+00   6.0645352e-02
   2.5100000e+00   5.9847214e-02
   2.5200000e+00   5.9043092e-02
   2.5300000e+00   5.8233065e-02
   2.5400000e+00   5.7417215e-02
   2.5500000e+00   5.6595623e-02
   2.5600000e+00   5.5768372e-02
   2.5700000e+00   5.4935544e-02
   2.5800000e+00   5.4097222e-02
   2.5900000e+00   5.3253491e-02
   2.6000000e+00   5.2404434e-02
   2.6100000e+00   5.1550137e-02
   2.6200000e+00   5.0690685e-02
   2.6300000e+00   4.9826164e-02
   2.6400000e+00   4.8956661e-02
   2.6500000e+00   4.8082261e-02
   2.6600000e+00   4.7203054e-02
   2.6700000e+00   4.6319126e-02
   2.6800000e+00   4.5430567e-02
   2.6900000e+00   4.4537464e-02
   2.7000000e+00   4.3639908e-02
   2.7100000e+00   4.2737988e-02
   2.7200000e+00   4.1831794e-02
   2.7300000e+00   4.0921417e-02
   2.7400000e+00   4.0006948e-02
   2.7500000e+00   3.9088478e-02
   2.7600000e+00   3.8166099e-02
   2.7700000e+00   3.7239904e-02
   2.7800000e+00   3.6309985e-02
   2.7900000e+00   3.5376435e-02
   2.8000000e+00   3.4439347e-02
   2.8100000e+00   3.3498815e-02
   2.8200000e+00   3.2554933e-02
   2.8300000e+00   3.1607796e-02
   2.8400000e+00   3.0657499e-02
   2.8500000e+00   2.9704135e-02
   2.8600000e+00   2.8747801e-02
   2.8700000e+00   2.7788593e-02
   2.8800000e+00   2.6826605e-02
   2.8900000e+00   2.5861935e-02
   2.9000000e+00   2.4894679e-02
   2.9100000e+00   2.3924933e-02
   2.9200000e+00   2.2952795e-02
   2.9300000e+00   2.1978361e-02
   2.9400000e+00   2.1001730e-02
   2.9500000e+00   2.0022998e-02
   2.9600000e+00   1.9042265e-02
   2.9700000e+00   1.8059627e-02
   2.9800000e+00   1.7075183e-02
   2.9900000e+00   1.6089031e-02
   3.0000000e+00   1.5101271e-02
   3.0100000e+00   1.4112001e-02
   3.0200000e+00   1.3121319e-02
   3.0300000e+00   1.2129326e-02
   3.0400000e+00   1.1136119e-02
   3.0500000e+00   1.0141799e-02
   3.0600000e+00   9.1464642e-03
   3.0700000e+00   8.1502152e-03
   3.0800000e+00   7.1531511e-03
   3.0900000e+00   6.1553717e-03
   3.1000000e+00   5.1569768e-03
   3.1100000e+00   4.1580662e-03
   3.1200000e+00   3.1587398e-03
   3.1300000e+00   2.1590976e-03
   3.1400000e+00   1.1592394e-03
   3.1500000e+00   1.5926529e-04
   3.1600000e+00  -8.4072474e-04
   3.1700000e+00  -1.8406307e-03
   3.1800000e+00  -2.8403526e-03
   3.1900000e+00  -3.8397905e-03
   3.2000000e+00  -4.8388443e-03
   3.2100000e+00  -5.8374143e-03
   3.2200000e+00  -6.8354006e-03
   3.2300000e+00  -7.8327033e-03
   3.2400000e+00  -8.8292228e-03
   3.2500000e+00  -9.8248594e-03
   3.2600000e+00  -1.0819513e-02
   3.2700000e+00  -1.1813086e-02
   3.2800000e+00  -1.2805476e-02
   3.2900000e+00  -1.3796587e-02
   3.3000000e+00  -1.4786317e-02
   3.3100000e+00  -1.5774569e-02
   3.3200000e+00  -1.6761244e-02
   3.3300000e+00  -1.7746242e-02
   3.3400000e+00  -1.8729466e-02
   3.3500000e+00  -1.9710817e-02
   3.3600000e+00  -2.0690197e-02
   3.3700000e+00  -2.1667508e-02
   3.3800000e+00  -2.2642652e-02
   3.3900000e+00  -2.3615532e-02
   3.4000000e+00  -2.4586050e-02
   3.4100000e+00  -2.5554110e-02
   3.4200000e+00  -2.6519615e-02
   3.4300000e+00  -2.7482467e-02
   3.4400000e+00  -2.8442571e-02
   3.4500000e+00  -2.9399831e-02
   3.4600000e+00  -3.0354151e-02
   3.4700000e+00  -3.1305436e-02
   3.4800000e+00  -3.2253590e-02
   3.4900000e+00  -3.3198519e-02
   3.5000000e+00  -3.4140128e-02
   3.5100000e+00  -3.5078323e-02
   3.5200000e+00  -3.6013010e-02
   3.5300000e+00  -3.6944096e-02
   3.5400000e+00  -3.7871487e-02
   3.5500000e+00  -3.8795092e-02
   3.5600000e+00  -3.9714817e-02
   3.5700000e+00  -4.0630570e-02
   3.5800000e+00  -4.1542261e-02
   3.5900000e+00  -4.2449797e-02
   3.6000000e+00  -4.3353088e-02
   3.6100000e+00  -4.4252044e-02
   3.6200000e+00  -4.5146575e-02
   3.6300000e+00  -4.6036591e-02
   3.6400000e+00  -4.6922004e-02
   3.6500000e+00  -4.7802725e-02
   3.6600000e+00  -4.8678665e-02
   3.6700000e+00  -4.9549737e-02
   3.6800000e+00  -5.0415855e-02
   3.6900000e+00  -5.1276931e-02
   3.7000000e+00  -5.2132879e-02
   3.7100000e+00  -5.2983614e-02
   3.7200000e+00  -5.3829051e-02
   3.7300000e+00  -5.4669105e-02
   3.7400000e+00  -5.5503692e-02
   3.7500000e+00  -5.6332728e-02
   3.7600000e+00  -5.7156132e-02
   3.7700000e+00  -5.7973820e-02
   3.7800000e+00  -5.8785710e-02
   3.7900000e+00  -5.9591722e-02
   3.8000000e+00  -6.0391775e-02
   3.8100000e+00  -6.1185789e-02
   3.8200000e+00  -6.1973684e-02
   3.8300000e+00  -6.2755382e-02
   3.8400000e+00  -6.3530805e-02
   3.8500000e+00  -6.4299874e-02
   3.8600000e+00  -6.5062514e-02
   3.8700000e+00  -6.5818647e-02
   3.8800000e+00  -6.6568199e-02
   3.8900000e+00  -6.7311093e-02
   3.9000000e+00  -6.8047257e-02
   3.9100000e+00  -6.8776616e-02
   3.9200000e+00  -6.9499097e-02
   3.9300000e+00  -7.0214629e-02
   3.9400000e+00  -7.0923139e-02
   3.9500000e+00  -7.1624557e-02
   3.9600000e+00  -7.2318812e-02
   3.9700000e+00  -7.3005836e-02
   3.9800000e+00  -7.3685559e-02
   3.9900000e+00  -7.4357914e-02
   4.0000000e+00  -7.5022833e-02
   4.0100000e+00  -7.5680250e-02
   4.0200000e+00  -7.6330098e-02
   4.0300000e+00  -7.6972314e-02
   4.0400000e+00  -7.7606833e-02
   4.0500000e+00  -7.8233591e-02
   4.0600000e+00  -7.8852525e-02
   4.0700000e+00  -7.9463575e-02
   4.0800000e+00  -8.0066678e-02
   4.0900000e+00  -8.0661775e-02
   4.1000000e+00  -8.1248805e-02
   4.1100000e+00  -8.1827711e-02
   4.1200000e+00  -8.2398434e-02
   4.1300000e+00  -8.2960917e-02
   4.1400000e+00  -8.3515105e-02
   4.1500000e+00  -8.4060940e-02
   4.1600000e+00  -8.4598370e-02
   4.1700000e+00  -8.5127340e-02
   4.1800000e+00  -8.5647797e-02
   4.1900000e+00  -8.6159690e-02
   4.2000000e+00  -8.6662967e-02
   4.2100000e+00  -8.7157577e-02
   4.2200000e+00  -8.7643472e-02
   4.2300000e+00  -8.8120603e-02
   4.2400000e+00  -8.8588921e-02
   4.2500000e+00  -8.9048381e-02
   4.2600000e+00  -8.9498936e-02
   4.2700000e+00  -8.9940541e-02
   4.2800000e+00  -9.0373152e-02
   4.2900000e+00  -9.0796726e-02
   4.3000000e+00  -9.1211220e-02
   4.3100000e+00  -9.1616594e-02
   4.3200000e+00  -9.2012805e-02
   4.3300000e+00  -9.2399816e-02
   4.3400000e+00  -9.2777586e-02
   4.3500000e+00  -9.3146079e-02
   4.3600000e+00  -9.3505258e-02
   4.3700000e+00  -9.3855086e-02
   4.3800000e+00  -9.4195528e-02
   4.3900000e+00  -9.4526551e-02
   4.4000000e+00  -9.4848122e-02
   4.4100000e+00  -9.5160207e-02
   4.4200000e+00  -9.5462777e-02
   4.4300000e+00  -9.5755801e-02
   4.4400000e+00  -9.6039249e-02
   4.4500000e+00  -9.6313093e-02
   4.4600000e+00  -9.6577306e-02
   4.4700000e+00  -9.6831861e-02
   4.4800000e+00  -9.7076734e-02
   4.4900000e+00  -9.7311898e-02
   4.5000000e+00  -9.7537332e-02
   4.5100000e+00  -9.7753012e-02
   4.5200000e+00  -9.7958916e-02
   4.5300000e+00  -9.8155025e-02
   4.5400000e+00  -9.8341319e-02
   4.5500000e+00  -9.8517778e-02
   4.5600000e+00  -9.8684386e-02
   4.5700000e+00  -9.8841125e-02
   4.5800000e+00  -9.8987981e-02
   4.5900000e+00  -9.9124937e-02
   4.6000000e+00  -9.9251981e-02
   4.6100000e+00  -9.9369100e-02
   4.6200000e+00  -9.9476283e-02
   4.6300000e+00  -9.9573517e-02
   4.6400000e+00  -9.9660795e-02
   4.6500000e+00  -9.9738106e-02
   4.6600000e+00  -9.9805444e-02
   4.6700000e+00  -9.9862801e-02
   4.6800000e+00  -9.9910172e-02
   4.6900000e+00  -9.9947552e-02
   4.7000000e+00  -9.9974938e-02
   4.7100000e+00  -9.9992326e-02
   4.7200000e+00  -9.9999715e-02
   4.7300000e+00  -9.9997104e-02
   4.7400000e+00  -9.9984493e-02
   4.7500000e+00  -9.9961884e-02
   4.7600000e+00  -9.9929279e-02
   4.7700000e+00  -9.9886681e-02
   4.7800000e+00  -9.9834094e-02
   4.7900000e+00  -9.9771525e-02
   4.8000000e+00  -9.9698978e-02
   4.8100000e+00  -9.9616461e-02
   4.8200000e+00  -9.9523983e-02
   4.8300000e+00  -9.9421552e-02
   4.8400000e+00  -9.9309179e-02
   4.8500000e+00  -9.9186876e-02
   4.8600000e+00  -9.9054654e-02
   4.8700000e+00  -9.8912526e-02
   4.8800000e+00  -9.8760507e-02
   4.8900000e+00  -9.8598613e-02
   4.9000000e+00  -9.8426858e-02
   4.9100000e+00  -9.8245261e-02
   4.9200000e+00  -9.8053840e-02
   4.9300000e+00  -9.7852613e-02
   4.9400000e+00  -9.7641601e-02
   4.9500000e+00  -9.7420825e-02
   4.9600000e+00  -9.7190307e-02
   4.9700000e+00  -9.6950070e-02
   4.9800000e+00  -9.6700138e-02
   4.9900000e+00  -9.6440536e-02
   5.0000000e+00  -9.6171290e-02
   5.0100000e+00  -9.5892427e-02
   5.0200000e+00  -9.5603975e-02
   5.0300000e+00  -9.5305963e-02
   5.0400000e+00  -9.4998420e-02
   5.0500000e+00  -9.4681378e-02
   5.0600000e+00  -9.4354867e-02
   5.0700000e+00  -9.4018921e-02
   5.0800000e+00  -9.3673573e-02
   5.0900000e+00  -9.3318858e-02
   5.1000000e+00  -9.2954811e-02
   5.1100000e+00  -9.2581468e-02
   5.1200000e+00  -9.2198868e-02
   5.1300000e+00  -9.1807047e-02
   5.1400000e+00  -9.1406047e-02
   5.1500000e+00  -9.0995905e-02
   5.1600000e+00  -9.0576664e-02
   5.1700000e+00  -9.0148366e-02
   5.1800000e+00  -8.9711052e-02
   5.1900000e+00  -8.9264768e-02
   5.2000000e+00  -8.8809557e-02
   5.2100000e+00  -8.8345466e-02
   5.2200000e+00  -8.7872539e-02
   5.2300000e+00  -8.7390826e-02
   5.2400000e+00  -8.6900374e-02
   5.2500000e+00  -8.6401232e-02
   5.2600000e+00  -8.5893449e-02
   5.2700000e+00  -8.5377078e-02
   5.2800000e+00  -8.4852169e-02
   5.2900000e+00  -8.4318774e-02
   5.3000000e+00  -8.3776948e-02
   5.3100000e+00  -8.3226744e-02
   5.3200000e+00  -8.2668218e-02
   5.3300000e+00  -8.2101425e-02
   5.3400000e+00  -8.1526421e-02
   5.3500000e+00  -8.0943266e-02
   5.3600000e+00  -8.0352016e-02
   5.3700000e+00  -7.9752730e-02
   5.3800000e+00  -7.9145470e-02
   5.3900000e+00  -7.8530295e-02
   5.4000000e+00  -7.7907267e-02
   5.4100000e+00  -7.7276449e-02
   5.4200000e+00  -7.6637903e-02
   5.4300000e+00  -7.5991693e-02
   5.4400000e+00  -7.5337884e-02
   5.4500000e+00  -7.4676541e-02
   5.4600000e+00  -7.4007731e-02
   5.4700000e+00  -7.3331520e-02
   5.4800000e+00  -7.2647976e-02
   5.4900000e+00  -7.1957167e-02
   5.5000000e+00  -7.1259163e-02
   5.5100000e+00  -7.0554033e-02
   5.5200000e+00  -6.9841847e-02
   5.5300000e+00  -6.9122677e-02
   5.5400000e+00  -6.8396595e-02
   5.5500000e+00  -6.7663674e-02
   5.5600000e+00  -6.6923986e-02
   5.5700000e+00  -6.6177605e-02
   5.5800000e+00  -6.5424608e-02
   5.5900000e+00  -6.4665067e-02
   5.6000000e+00  -6.3899060e-02
   5.6100000e+00  -6.3126664e-02
   5.6200000e+00  -6.2347955e-02
   5.6300000e+00  -6.1563011e-02
   5.6400000e+00  -6.0771910e-02
   5.6500000e+00  -5.9974733e-02
   5.6600000e+00  -5.9171558e-02
   5.6700000e+00  -5.8362466e-02
   5.6800000e+00  -5.7547538e-02
   5.6900000e+00  -5.6726855e-02
   5.7000000e+00  -5.5900500e-02
   5.7100000e+00  -5.5068554e-02
   5.7200000e+00  -5.4231102e-02
   5.7300000e+00  -5.3388227e-02
   5.7400000e+00  -5.2540013e-02
   5.7500000e+00  -5.1686544e-02
   5.7600000e+00  -5.0827908e-02
   5.7700000e+00  -4.9964188e-02
   5.7800000e+00  -4.9095472e-02
   5.7900000e+00  -4.8221847e-02
   5.8000000e+00  -4.7343400e-02
   5.8100000e+00  -4.6460218e-02
   5.8200000e+00  -4.5572390e-02
   5.8300000e+00  -4.4680005e-02
   5.8400000e+00  -4.3783152e-02
   5.8500000e+00  -4.2881921e-02
   5.8600000e+00  -4.1976402e-02
   5.8700000e+00  -4.1066685e-02
   5.8800000e+00  -4.0152861e-02
   5.8900000e+00  -3.9235022e-02
   5.9000000e+00  -3.8313260e-02
   5.9100000e+00  -3.7387666e-02
   5.9200000e+00  -3.6458334e-02
   5.9300000e+00  -3.5525356e-02
   5.9400000e+00  -3.4588825e-02
   5.9500000e+00  -3.3648836e-02
   5.9600000e+00  -3.2705481e-02
   5.9700000e+00  -3.1758857e-02
   5.9800000e+00  -3.0809056e-02
   5.9900000e+00  -2.9856174e-02
   6.0000000e+00  -2.8900307e-02
   6.0100000e+00  -2.7941550e-02
   6.0200000e+00  -2.6979998e-02
   6.0300000e+00  -2.6015749e-02
   6.0400000e+00  -2.5048898e-02
   6.0500000e+00  -2.4079543e-02
   6.0600000e+00  -2.3107779e-02
   6.0700000e+00  -2.2133704e-02
   6.0800000e+00  -2.1157417e-02
   6.0900000e+00  -2.0179013e-02
   6.1000000e+00  -1.9198592e-02
   6.1100000e+00  -1.8216250e-02
   6.1200000e+00  -1.7232088e-02
   6.1300000e+00  -1.6246202e-02
   6.1400000e+00  -1.5258691e-02
   6.1500000e+00  -1.4269654e-02
   6.1600000e+00  -1.3279191e-02
   6.1700000e+00  -1.2287400e-02
   6.1800000e+00  -1.1294379e-02
   6.1900000e+00  -1.0300230e-02
   6.2000000e+00  -9.3050503e-03
   6.2100000e+00  -8.3089403e-03
   6.2200000e+00  -7.3119994e-03
   6.2300000e+00  -6.3143272e-03
   6.2400000e+00  -5.3160237e-03
   6.2500000e+00  -4.3171885e-03
   6.2600000e+00  -3.3179217e-03
   6.2700000e+00  -2.3183230e-03
   6.2800000e+00  -1.3184925e-03
   6.2900000e+00  -3.1853018e-04
   6.3000000e+00   6.8146401e-04
   6.3100000e+00   1.6813900e-03
   6.3200000e+00   2.6811480e-03
   6.3300000e+00   3.6806377e-03
   6.3400000e+00   4.6797595e-03
   6.3500000e+00   5.6784132e-03
   6.3600000e+00   6.6764992e-03
   6.3700000e+00   7.6739174e-03
   6.3800000e+00   8.6705683e-03
   6.3900000e+00   9.6663522e-03
   6.4000000e+00   1.0661169e-02
   6.4100000e+00   1.1654920e-02
   6.4200000e+00   1.2647506e-02
   6.4300000e+00   1.3638827e-02
   6.4400000e+00   1.4628784e-02
   6.4500000e+00   1.5617278e-02
   6.4600000e+00   1.6604211e-02
   6.4700000e+00   1.7589483e-02
   6.4800000e+00   1.8572996e-02
   6.4900000e+00   1.9554652e-02
   6.5000000e+00   2.0534352e-02
   6.5100000e+00   2.1511999e-02
   6.5200000e+00   2.2487495e-02
   6.5300000e+00   2.3460742e-02
   6.5400000e+00   2.4431643e-02
   6.5500000e+00   2.5400100e-02
   6.5600000e+00   2.6366018e-02
   6.5700000e+00   2.7329299e-02
   6.5800000e+00   2.8289848e-02
   6.5900000e+00   2.9247567e-02
   6.6000000e+00   3.0202362e-02
   6.6100000e+00   3.1154136e-02
   6.6200000e+00   3.2102795e-02
   6.6300000e+00   3.3048244e-02
   6.6400000e+00   3.3990388e-02
   6.6500000e+00   3.4929133e-02
   6.6600000e+00   3.5864385e-02
   6.6700000e+00   3.6796051e-02
   6.6800000e+00   3.7724037e-02
   6.6900000e+00   3.8648251e-02
   6.7000000e+00   3.9568600e-02
   6.7100000e+00   4.0484992e-02
   6.7200000e+00   4.1397336e-02
   6.7300000e+00   4.2305540e-02
   6.7400000e+00   4.3209513e-02
   6.7500000e+00   4.4109166e-02
   6.7600000e+00   4.5004407e-02
   6.7700000e+00   4.5895149e-02
   6.7800000e+00   4.6781300e-02
   6.7900000e+00   4.7662774e-02
   6.8000000e+00   4.8539482e-02
   6.8100000e+00   4.9411335e-02
   6.8200000e+00   5.0278248e-02
   6.8300000e+00   5.1140132e-02
   6.8400000e+00   5.1996903e-02
   6.8500000e+00   5.2848474e-02
   6.8600000e+00   5.3694760e-02
   6.8700000e+00   5.4535677e-02
   6.8800000e+00   5.5371140e-02
   6.8900000e+00   5.6201067e-02
   6.9000000e+00   5.7025373e-02
   6.9100000e+00   5.7843976e-02
   6.9200000e+00   5.8656796e-02
   6.9300000e+00   5.9463749e-02
   6.9400000e+00   6.0264757e-02
   6.9500000e+00   6.1059738e-02
   6.9600000e+00   6.1848613e-02
   6.9700000e+00   6.2631303e-02
   6.9800000e+00   6.3407730e-02
   6.9900000e+00   6.4177817e-02
   7.0000000e+00   6.4941485e-02
   7.0100000e+00   6.5698660e-02
   7.0200000e+00   6.6449265e-02
   7.0300000e+00   6.7193225e-02
   7.0400000e+00   6.7930465e-02
   7.0500000e+00   6.8660913e-02
   7.0600000e+00   6.9384494e-02
   7.0700000e+00   7.0101138e-02
   7.0800000e+00   7.0810771e-02
   7.0900000e+00   7.1513323e-02
   7.1000000e+00   7.2208724e-02
   7.1100000e+00   7.2896904e-02
   7.1200000e+00   7.3577794e-02
   7.1300000e+00   7.4251327e-02
   7.1400000e+00   7.4917435e-02
   7.1500000e+00   7.5576051e-02
   7.1600000e+00   7.6227109e-02
   7.1700000e+00   7.6870545e-02
   7.1800000e+00   7.7506294e-02
   7.1900000e+00   7.8134292e-02
   7.2000000e+00   7.8754477e-02
   7.2100000e+00   7.9366786e-02
   7.2200000e+00   7.9971159e-02
   7.2300000e+00   8.0567535e-02
   7.2400000e+00   8.1155854e-02
   7.2500000e+00   8.1736058e-02
   7.2600000e+00   8.2308088e-02
   7.2700000e+00   8.2871887e-02
   7.2800000e+00   8.3427399e-02
   7.2900000e+00   8.3974569e-02
   7.3000000e+00   8.4513341e-02
   7.3100000e+00   8.5043662e-02
   7.3200000e+00   8.5565479e-02
   7.3300000e+00   8.6078739e-02
   7.3400000e+00   8.6583391e-02
   7.3500000e+00   8.7079385e-02
   7.3600000e+00   8.7566671e-02
   7.3700000e+00   8.8045201e-02
   7.3800000e+00   8.8514926e-02
   7.3900000e+00   8.8975800e-02
   7.4000000e+00   8.9427776e-02
   7.4100000e+00   8.9870810e-02
   7.4200000e+00   9.0304856e-02
   7.4300000e+00   9.0729872e-02
   7.4400000e+00   9.1145815e-02
   7.4500000e+00   9.1552644e-02
   7.4600000e+00   9.1950318e-02
   7.4700000e+00   9.2338796e-02
   7.4800000e+00   9.2718041e-02
   7.4900000e+00   9.3088014e-02
   7.5000000e+00   9.3448678e-02
   7.5100000e+00   9.3799998e-02
   7.5200000e+00   9.4141937e-02
   7.5300000e+00   9.4474463e-02
   7.5400000e+00   9.4797541e-02
   7.5500000e+00   9.5111139e-02
   7.5600000e+00   9.5415227e-02
   7.5700000e+00   9.5709773e-02
   7.5800000e+00   9.5994748e-02
   7.5900000e+00   9.6270123e-02
   7.6000000e+00   9.6535872e-02
   7.6100000e+00   9.6791967e-02
   7.6200000e+00   9.7038383e-02
   7.6300000e+00   9.7275096e-02
   7.6400000e+00   9.7502081e-02
   7.6500000e+00   9.7719315e-02
   7.6600000e+00   9.7926778e-02
   7.6700000e+00   9.8124449e-02
   7.6800000e+00   9.8312307e-02
   7.6900000e+00   9.8490333e-02
   7.7000000e+00   9.8658511e-02
   7.7100000e+00   9.8816823e-02
   7.7200000e+00   9.8965254e-02
   7.7300000e+00   9.9103788e-02
   7.7400000e+00   9.9232412e-02
   7.7500000e+00   9.9351112e-02
   7.7600000e+00   9.9459878e-02
   7.7700000e+00   9.9558698e-02
   7.7800000e+00   9.9647561e-02
   7.7900000e+00   9.9726461e-02
   7.8000000e+00   9.9795387e-02
   7.8100000e+00   9.9854335e-02
   7.8200000e+00   9.9903296e-02
   7.8300000e+00   9.9942268e-02
   7.8400000e+00   9.9971245e-02
   7.8500000e+00   9.9990226e-02
   7.8600000e+00   9.9999207e-02
   7.8700000e+00   9.9998189e-02
   7.8800000e+00   9.9987171e-02
   7.8900000e+00   9.9966154e-02
   7.9000000e+00   9.9935141e-02
   7.9100000e+00   9.9894134e-02
   7.9200000e+00   9.9843138e-02
   7.9300000e+00   9.9782158e-02
   7.9400000e+00   9.9711200e-02
   7.9500000e+00   9.9630270e-02
   7.9600000e+00   9.9539378e-02
   7.9700000e+00   9.9438532e-02
   7.9800000e+00   9.9327742e-02
   7.9900000e+00   9.9207019e-02
   8.0000000e+00   9.9076376e-02
   8.0100000e+00   9.8935825e-02
   8.0200000e+00   9.8785380e-02
   8.0300000e+00   9.8625057e-02
   8.0400000e+00   9.8454872e-02
   8.0500000e+00   9.8274842e-02
   8.0600000e+00   9.8084984e-02
   8.0700000e+00   9.7885317e-02
   8.0800000e+00   9.7675862e-02
   8.0900000e+00   9.7456640e-02
   8.1000000e+00   9.7227672e-02
   8.1100000e+00   9.6988981e-02
   8.1200000e+00   9.6740592e-02
   8.1300000e+00   9.6482528e-02
   8.1400000e+00   9.6214816e-02
   8.1500000e+00   9.5937483e-02
   8.1600000e+00   9.5650557e-02
   8.1700000e+00   9.5354065e-02
   8.1800000e+00   9.5048038e-02
   8.1900000e+00   9.4732506e-02
   8.2000000e+00   9.4407501e-02
   8.2100000e+00   9.4073056e-02
   8.2200000e+00   9.3729203e-02
   8.2300000e+00   9.3375977e-02
   8.2400000e+00   9.3013414e-02
   8.2500000e+00   9.2641550e-02
   8.2600000e+00   9.2260421e-02
   8.2700000e+00   9.1870067e-02
   8.2800000e+00   9.1470525e-02
   8.2900000e+00   9.1061837e-02
   8.3000000e+00   9.0644042e-02
   8.3100000e+00   9.0217183e-02
   8.3200000e+00   8.9781303e-02
   8.3300000e+00   8.9336444e-02
   8.3400000e+00   8.8882652e-02
   8.3500000e+00   8.8419972e-02
   8.3600000e+00   8.7948450e-02
   8.3700000e+00   8.7468133e-02
   8.3800000e+00   8.6979069e-02
   8.3900000e+00   8.6481307e-02
   8.4000000e+00   8.5974898e-02
   8.4100000e+00   8.5459891e-02
   8.4200000e+00   8.4936338e-02
   8.4300000e+00   8.4404291e-02
   8.4400000e+00   8.3863804e-02
   8.4500000e+00   8.3314931e-02
   8.4600000e+00   8.2757727e-02
   8.4700000e+00   8.2192246e-02
   8.4800000e+00   8.1618547e-02
   8.4900000e+00   8.1036686e-02
   8.5000000e+00   8.0446721e-02
   8.5100000e+00   7.9848711e-02
   8.5200000e+00   7.9242717e-02
   8.5300000e+00   7.8628799e-02
   8.5400000e+00   7.8007017e-02
   8.5500000e+00   7.7377435e-02
   8.5600000e+00   7.6740116e-02
   8.5700000e+00   7.6095122e-02
   8.5800000e+00   7.5442519e-02
   8.5900000e+00   7.4782372e-02
   8.6000000e+00   7.4114747e-02
   8.6100000e+00   7.3439710e-02
   8.6200000e+00   7.2757329e-02
   8.6300000e+00   7.2067673e-02
   8.6400000e+00   7.1370810e-02
   8.6500000e+00   7.0666810e-02
   8.6600000e+00   6.9955743e-02
   8.6700000e+00   6.9237681e-02
   8.6800000e+00   6.8512695e-02
   8.6900000e+00   6.7780858e-02
   8.7000000e+00   6.7042242e-02
   8.7100000e+00   6.6296923e-02
   8.7200000e+00   6.5544974e-02
   8.7300000e+00   6.4786471e-02
   8.7400000e+00   6.4021489e-02
   8.7500000e+00   6.3250104e-02
   8.7600000e+00   6.2472395e-02
   8.7700000e+00   6.1688439e-02
   8.7800000e+00   6.0898314e-02
   8.7900000e+00   6.0102099e-02
   8.8000000e+00   5.9299874e-02
   8.8100000e+00   5.8491719e-02
   8.8200000e+00   5.7677715e-02
   8.8300000e+00   5.6857943e-02
   8.8400000e+00   5.6032486e-02
   8.8500000e+00   5.5201425e-02
   8.8600000e+00   5.4364844e-02
   8.8700000e+00   5.3522827e-02
   8.8800000e+00   5.2675458e-02
   8.8900000e+00   5.1822821e-02
   8.9000000e+00   5.0965001e-02
   8.9100000e+00   5.0102086e-02
   8.9200000e+00   4.9234160e-02
   8.9300000e+00   4.8361311e-02
   8.9400000e+00   4.7483625e-02
   8.9500000e+00   4.6601192e-02
   8.9600000e+00   4.5714098e-02
   8.9700000e+00   4.4822433e-02
   8.9800000e+00   4.3926285e-02
   8.9900000e+00   4.3025745e-02
   9.0000000e+00   4.2120903e-02
   9.0100000e+00   4.1211849e-02
   9.0200000e+00   4.0298673e-02
   9.0300000e+00   3.9381467e-02
   9.0400000e+00   3.8460324e-02
   9.0500000e+00   3.7535334e-02
   9.0600000e+00   3.6606591e-02
   9.0700000e+00   3.5674187e-02
   9.0800000e+00   3.4738216e-02
   9.0900000e+00   3.3798771e-02
   9.1000000e+00   3.2855947e-02
   9.1100000e+00   3.1909836e-02
   9.1200000e+00   3.0960535e-02
   9.1300000e+00   3.0008138e-02
   9.1400000e+00   2.9052740e-02
   9.1500000e+00   2.8094436e-02
   9.1600000e+00   2.7133323e-02
   9.1700000e+00   2.6169497e-02
   9.1800000e+00   2.5203054e-02
   9.1900000e+00   2.4234091e-02
   9.2000000e+00   2.3262704e-02
   9.2100000e+00   2.2288991e-02
   9.2200000e+00   2.1313050e-02
   9.2300000e+00   2.0334976e-02
   9.2400000e+00   1.9354870e-02
   9.2500000e+00   1.8372828e-02
   9.2600000e+00   1.7388949e-02
   9.2700000e+00   1.6403330e-02
   9.2800000e+00   1.5416072e-02
   9.2900000e+00   1.4427272e-02
   9.3000000e+00   1.3437029e-02
   9.3100000e+00   1.2445442e-02
   9.3200000e+00   1.1452611e-02
   9.3300000e+00   1.0458635e-02
   9.3400000e+00   9.4636128e-03
   9.3500000e+00   8.4676443e-03
   9.3600000e+00   7.4708290e-03
   9.3700000e+00   6.4732667e-03
   9.3800000e+00   5.4750570e-03
   9.3900000e+00   4.4762998e-03
   9.4000000e+00   3.4770950e-03
   9.4100000e+00   2.4775425e-03
   9.4200000e+00   1.4777423e-03
   9.4300000e+00   4.7779426e-04
   9.4400000e+00  -5.2220155e-04
   9.4500000e+00  -1.5221451e-03
   9.4600000e+00  -2.5219365e-03
   9.4700000e+00  -3.5214757e-03
   9.4800000e+00  -4.5206627e-03
   9.4900000e+00  -5.5193977e-03
   9.5000000e+00  -6.5175808e-03
   9.5100000e+00  -7.5151120e-03
   9.5200000e+00  -8.5118918e-03
   9.5300000e+00  -9.5078204e-03
   9.5400000e+00  -1.0502798e-02
   9.5500000e+00  -1.1496726e-02
   9.5600000e+00  -1.2489504e-02
   9.5700000e+00  -1.3481033e-02
   9.5800000e+00  -1.4471214e-02
   9.5900000e+00  -1.5459947e-02
   9.6000000e+00  -1.6447135e-02
   9.6100000e+00  -1.7432678e-02
   9.6200000e+00  -1.8416478e-02
   9.6300000e+00  -1.9398436e-02
   9.6400000e+00  -2.0378454e-02
   9.6500000e+00  -2.1356435e-02
   9.6600000e+00  -2.2332280e-02
   9.6700000e+00  -2.3305892e-02
   9.6800000e+00  -2.4277173e-02
   9.6900000e+00  -2.5246026e-02
   9.7000000e+00  -2.6212355e-02
   9.7100000e+00  -2.7176063e-02
   9.7200000e+00  -2.8137053e-02
   9.7300000e+00  -2.9095229e-02
   9.7400000e+00  -3.0050496e-02
   9.7500000e+00  -3.1002758e-02
   9.7600000e+00  -3.1951919e-02
   9.7700000e+00  -3.2897886e-02
   9.7800000e+00  -3.3840562e-02
   9.7900000e+00  -3.4779855e-02
   9.8000000e+00  -3.5715670e-02
   9.8100000e+00  -3.6647913e-02
   9.8200000e+00  -3.7576491e-02
   9.8300000e+00  -3.8501312e-02
   9.8400000e+00  -3.9422283e-02
   9.8500000e+00  -4.0339311e-02
   9.8600000e+00  -4.1252306e-02
   9.8700000e+00  -4.2161175e-02
   9.8800000e+00  -4.3065828e-02
   9.8900000e+00  -4.3966175e-02
   9.9000000e+00  -4.4862125e-02
   9.9100000e+00  -4.5753589e-02
   9.9200000e+00  -4.6640478e-02
   9.9300000e+00  -4.7522703e-02
   9.9400000e+00  -4.8400175e-02
   9.9500000e+00  -4.9272808e-02
   9.9600000e+00  -5.0140513e-02
   9.9700000e+00  -5.1003204e-02
   9.9800000e+00  -5.1860795e-02
   9.9900000e+00  -5.2713200e-02
   1.0000000e+01  -5.3560333e-02
   1.0010000e+01  -5.4402111e-02
   1.0020000e+01  -5.5238449e-02
   1.0030000e+01  -5.6069262e-02
   1.0040000e+01  -5.6894469e-02
   1.0050000e+01  -5.7713986e-02
   1.0060000e+01  -5.8527732e-02
   1.0070000e+01  -5.9335626e-02
   1.0080000e+01  -6.0137586e-02
   1.0090000e+01  -6.0933532e-02
   1.0100000e+01  -6.1723384e-02
   1.0110000e+01  -6.2507065e-02
   1.0120000e+01  -6.3284495e-02
   1.0130000e+01  -6.4055596e-02
   1.0140000e+01  -6.4820292e-02
   1.0150000e+01  -6.5578506e-02
   1.0160000e+01  -6.6330162e-02
   1.0170000e+01  -6.7075185e-02
   1.0180000e+01  -6.7813501e-02
   1.0190000e+01  -6.8545036e-02
   1.0200000e+01  -6.9269716e-02
   1.0210000e+01  -6.9987469e-02
   1.0220000e+01  -7.0698223e-02
   1.0230000e+01  -7.1401908e-02
   1.0240000e+01  -7.2098452e-02
   1.0250000e+01  -7.2787787e-02
   1.0260000e+01  -7.3469843e-02
   1.0270000e+01  -7.4144552e-02
   1.0280000e+01  -7.4811847e-02
   1.0290000e+01  -7.5471660e-02
   1.0300000e+01  -7.6123927e-02
   1.0310000e+01  -7.6768581e-02
   1.0320000e+01  -7.7405558e-02
   1.0330000e+01  -7.8034795e-02
   1.0340000e+01  -7.8656229e-02
   1.0350000e+01  -7.9269796e-02
   1.0360000e+01  -7.9875437e-02
   1.0370000e+01  -8.0473091e-02
   1.0380000e+01  -8.1062697e-02
   1.0390000e+01  -8.1644197e-02
   1.0400000e+01  -8.2217533e-02
   1.0410000e+01  -8.2782647e-02
   1.0420000e+01  -8.3339483e-02
   1.0430000e+01  -8.3887985e-02
   1.0440000e+01  -8.4428098e-02
   1.0450000e+01  -8.4959768e-02
   1.0460000e+01  -8.5482943e-02
   1.0470000e+01  -8.5997569e-02
   1.0480000e+01  -8.6503596e-02
   1.0490000e+01  -8.7000972e-02
   1.0500000e+01  -8.7489649e-02
   1.0510000e+01  -8.7969576e-02
   1.0520000e+01  -8.8440707e-02
   1.0530000e+01  -8.8902993e-02
   1.0540000e+01  -8.9356389e-02
   1.0550000e+01  -8.9800850e-02
   1.0560000e+01  -9.0236331e-02
   1.0570000e+01  -9.0662788e-02
   1.0580000e+01  -9.1080179e-02
   1.0590000e+01  -9.1488462e-02
   1.0600000e+01  -9.1887597e-02
   1.0610000e+01  -9.2277542e-02
   1.0620000e+01  -9.2658260e-02
   1.0630000e+01  -9.3029712e-02
   1.0640000e+01  -9.3391862e-02
   1.0650000e+01  -9.3744672e-02
   1.0660000e+01  -9.4088108e-02
   1.0670000e+01  -9.4422135e-02
   1.0680000e+01  -9.4746720e-02
   1.0690000e+01  -9.5061830e-02
   1.0700000e+01  -9.5367434e-02
   1.0710000e+01  -9.5663502e-02
   1.0720000e+01  -9.5950003e-02
   1.0730000e+01  -9.6226909e-02
   1.0740000e+01  -9.6494193e-02
   1.0750000e+01  -9.6751827e-02
   1.0760000e+01  -9.6999787e-02
   1.0770000e+01  -9.7238046e-02
   1.0780000e+01  -9.7466582e-02
   1.0790000e+01  -9.7685371e-02
   1.0800000e+01  -9.7894392e-02
   1.0810000e+01  -9.8093623e-02
   1.0820000e+01  -9.8283045e-02
   1.0830000e+01  -9.8462639e-02
   1.0840000e+01  -9.8632386e-02
   1.0850000e+01  -9.8792271e-02
   1.0860000e+01  -9.8942276e-02
   1.0870000e+01  -9.9082387e-02
   1.0880000e+01  -9.9212590e-02
   1.0890000e+01  -9.9332872e-02
   1.0900000e+01  -9.9443221e-02
   1.0910000e+01  -9.9543625e-02
   1.0920000e+01  -9.9634075e-02
   1.0930000e+01  -9.9714562e-02
   1.0940000e+01  -9.9785078e-02
   1.0950000e+01  -9.9845615e-02
   1.0960000e+01  -9.9896167e-02
   1.0970000e+01  -9.9936730e-02
   1.0980000e+01  -9.9967300e-02
   1.0990000e+01  -9.9987872e-02
   1.1000000e+01  -9.9998446e-02
   1.1010000e+01  -9.9999021e-02
   1.1020000e+01  -9.9989595e-02
   1.1030000e+01  -9.9970171e-02
   1.1040000e+01  -9.9940749e-02
   1.1050000e+01  -9.9901334e-02
   1.1060000e+01  -9.9851929e-02
   1.1070000e+01  -9.9792538e-02
   1.1080000e+01  -9.9723168e-02
   1.1090000e+01  -9.9643827e-02
   1.1100000e+01  -9.9554520e-02
   1.1110000e+01  -9.9455259e-02
   1.1120000e+01  -9.9346052e-02
   1.1130000e+01  -9.9226910e-02
   1.1140000e+01  -9.9097846e-02
   1.1150000e+01  -9.8958872e-02
   1.1160000e+01  -9.8810003e-02
   1.1170000e+01  -9.8651252e-02
   1.1180000e+01  -9.8482636e-02
   1.1190000e+01  -9.8304173e-02
   1.1200000e+01  -9.8115879e-02
   1.1210000e+01  -9.7917773e-02
   1.1220000e+01  -9.7709876e-02
   1.1230000e+01  -9.7492207e-02
   1.1240000e+01  -9.7264790e-02
   1.1250000e+01  -9.7027646e-02
   1.1260000e+01  -9.6780800e-02
   1.1270000e+01  -9.6524275e-02
   1.1280000e+01  -9.6258098e-02
   1.1290000e+01  -9.5982296e-02
   1.1300000e+01  -9.5696895e-02
   1.1310000e+01  -9.5401925e-02
   1.1320000e+01  -9.5097415e-02
   1.1330000e+01  -9.4783395e-02
   1.1340000e+01  -9.4459896e-02
   1.1350000e+01  -9.4126952e-02
   1.1360000e+01  -9.3784595e-02
   1.1370000e+01  -9.3432860e-02
   1.1380000e+01  -9.3071781e-02
   1.1390000e+01  -9.2701396e-02
   1.1400000e+01  -9.2321740e-02
   1.1410000e+01  -9.1932853e-02
   1.1420000e+01  -9.1534772e-02
   1.1430000e+01  -9.1127537e-02
   1.1440000e+01  -9.0711190e-02
   1.1450000e+01  -9.0285772e-02
   1.1460000e+01  -8.9851326e-02
   1.1470000e+01  -8.9407894e-02
   1.1480000e+01  -8.8955522e-02
   1.1490000e+01  -8.8494254e-02
   1.1500000e+01  -8.8024137e-02
   1.1510000e+01  -8.7545217e-02
   1.1520000e+01  -8.7057544e-02
   1.1530000e+01  -8.6561164e-02
   1.1540000e+01  -8.6056128e-02
   1.1550000e+01  -8.5542487e-02
   1.1560000e+01  -8.5020292e-02
   1.1570000e+01  -8.4489594e-02
   1.1580000e+01  -8.3950448e-02
   1.1590000e+01  -8.3402907e-02
   1.1600000e+01  -8.2847026e-02
   1.1610000e+01  -8.2282859e-02
   1.1620000e+01  -8.1710465e-02
   1.1630000e+01  -8.1129900e-02
   1.1640000e+01  -8.0541222e-02
   1.1650000e+01  -7.9944490e-02
   1.1660000e+01  -7.9339763e-02
   1.1670000e+01  -7.8727102e-02
   1.1680000e+01  -7.8106569e-02
   1.1690000e+01  -7.7478226e-02
   1.1700000e+01  -7.6842134e-02
   1.1710000e+01  -7.6198358e-02
   1.1720000e+01  -7.5546963e-02
   1.1730000e+01  -7.4888013e-02
   1.1740000e+01  -7.4221574e-02
   1.1750000e+01  -7.3547713e-02
   1.1760000e+01  -7.2866498e-02
   1.1770000e+01  -7.2177995e-02
   1.1780000e+01  -7.1482275e-02
   1.1790000e+01  -7.0779407e-02
   1.1800000e+01  -7.0069461e-02
   1.1810000e+01  -6.9352508e-02
   1.1820000e+01  -6.8628620e-02
   1.1830000e+01  -6.7897870e-02
   1.1840000e+01  -6.7160329e-02
   1.1850000e+01  -6.6416072e-02
   1.1860000e+01  -6.5665174e-02
   1.1870000e+01  -6.4907710e-02
   1.1880000e+01  -6.4143754e-02
   1.1890000e+01  -6.3373385e-02
   1.1900000e+01  -6.2596678e-02
   1.1910000e+01  -6.1813711e-02
   1.1920000e+01  -6.1024563e-02
   1.1930000e+01  -6.0229313e-02
   1.1940000e+01  -5.9428040e-02
   1.1950000e+01  -5.8620824e-02
   1.1960000e+01  -5.7807746e-02
   1.1970000e+01  -5.6988887e-02
   1.1980000e+01  -5.6164330e-02
   1.1990000e+01  -5.5334156e-02
   1.2000000e+01  -5.4498449e-02
   1.2010000e+01  -5.3657292e-02
   1.2020000e+01  -5.2810769e-02
   1.2030000e+01  -5.1958965e-02
   1.2040000e+01  -5.1101966e-02
   1.2050000e+01  -5.0239856e-02
   1.2060000e+01  -4.9372722e-02
   1.2070000e+01  -4.8500651e-02
   1.2080000e+01  -4.7623730e-02
   1.2090000e+01  -4.6742047e-02
   1.2100000e+01  -4.5855689e-02
   1.2110000e+01  -4.4964746e-02
   1.2120000e+01  -4.4069307e-02
   1.2130000e+01  -4.3169461e-02
   1.2140000e+01  -4.2265297e-02
   1.2150000e+01  -4.1356908e-02
   1.2160000e+01  -4.0444382e-02
   1.2170000e+01  -3.9527812e-02
   1.2180000e+01  -3.8607290e-02
   1.2190000e+01  -3.7682907e-02
   1.2200000e+01  -3.6754755e-02
   1.2210000e+01  -3.5822928e-02
   1.2220000e+01  -3.4887519e-02
   1.2230000e+01  -3.3948621e-02
   1.2240000e+01  -3.3006328e-02
   1.2250000e+01  -3.2060735e-02
   1.2260000e+01  -3.1111935e-02
   1.2270000e+01  -3.0160025e-02
   1.2280000e+01  -2.9205098e-02
   1.2290000e+01  -2.8247251e-02
   1.2300000e+01  -2.7286580e-02
   1.2310000e+01  -2.6323179e-02
   1.2320000e+01  -2.5357146e-02
   1.2330000e+01  -2.4388578e-02
   1.2340000e+01  -2.3417571e-02
   1.2350000e+01  -2.2444222e-02
   1.2360000e+01  -2.1468629e-02
   1.2370000e+01  -2.0490888e-02
   1.2380000e+01  -1.9511099e-02
   1.2390000e+01  -1.8529359e-02
   1.2400000e+01  -1.7545765e-02
   1.2410000e+01  -1.6560418e-02
   1.2420000e+01  -1.5573414e-02
   1.2430000e+01  -1.4584852e-02
   1.2440000e+01  -1.3594833e-02
   1.2450000e+01  -1.2603454e-02
   1.2460000e+01  -1.1610814e-02
   1.2470000e+01  -1.0617014e-02
   1.2480000e+01  -9.6221513e-03
   1.2490000e+01  -8.6263269e-03
   1.2500000e+01  -7.6296398e-03
   1.2510000e+01  -6.6321897e-03
   1.2520000e+01  -5.6340765e-03
   1.2530000e+01  -4.6353998e-03
   1.2540000e+01  -3.6362596e-03
   1.2550000e+01  -2.6367558e-03
   1.2560000e+01  -1.6369883e-03
   1.2570000e+01  -6.3705713e-04
   1.2580000e+01   3.6293777e-04
   1.2590000e+01   1.3628964e-03
   1.2600000e+01   2.3627187e-03
   1.2610000e+01   3.3623047e-03
   1.2620000e+01   4.3615545e-03
   1.2630000e+01   5.3603682e-03
   1.2640000e+01   6.3586458e-03
   1.2650000e+01   7.3562876e-03
   1.2660000e+01   8.3531937e-03
   1.2670000e+01   9.3492646e-03
   1.2680000e+01   1.0344401e-02
   1.2690000e+01   1.1338502e-02
   1.2700000e+01   1.2331470e-02
   1.2710000e+01   1.3323204e-02
   1.2720000e+01   1.4313606e-02
   1.2730000e+01   1.5302577e-02
   1.2740000e+01   1.6290018e-02
   1.2750000e+01   1.7275829e-02
   1.2760000e+01   1.8259913e-02
   1.2770000e+01   1.9242172e-02
   1.2780000e+01   2.0222505e-02
   1.2790000e+01   2.1200817e-02
   1.2800000e+01   2.2177009e-02
   1.2810000e+01   2.3150983e-02
   1.2820000e+01   2.4122641e-02
   1.2830000e+01   2.5091888e-02
   1.2840000e+01   2.6058625e-02
   1.2850000e+01   2.7022757e-02
   1.2860000e+01   2.7984186e-02
   1.2870000e+01   2.8942817e-02
   1.2880000e+01   2.9898554e-02
   1.2890000e+01   3.0851301e-02
   1.2900000e+01   3.1800962e-02
   1.2910000e+01   3.2747444e-02
   1.2920000e+01   3.3690651e-02
   1.2930000e+01   3.4630489e-02
   1.2940000e+01   3.5566864e-02
   1.2950000e+01   3.6499682e-02
   1.2960000e+01   3.7428850e-02
   1.2970000e+01   3.8354276e-02
   1.2980000e+01   3.9275866e-02
   1.2990000e+01   4.0193528e-02
   1.3000000e+01   4.1107171e-02
   1.3010000e+01   4.2016704e-02
   1.3020000e+01   4.2922035e-02
   1.3030000e+01   4.3823073e-02
   1.3040000e+01   4.4719730e-02
   1.3050000e+01   4.5611914e-02
   1.3060000e+01   4.6499537e-02
   1.3070000e+01   4.7382511e-02
   1.3080000e+01   4.8260746e-02
   1.3090000e+01   4.9134155e-02
   1.3100000e+01   5.0002651e-02
   1.3110000e+01   5.0866146e-02
   1.3120000e+01   5.1724555e-02
   1.3130000e+01   5.2577792e-02
   1.3140000e+01   5.3425771e-02
   1.3150000e+01   5.4268407e-02
   1.3160000e+01   5.5105617e-02
   1.3170000e+01   5.5937316e-02
   1.3180000e+01   5.6763421e-02
   1.3190000e+01   5.7583850e-02
   1.3200000e+01   5.8398521e-02
   1.3210000e+01   5.9207351e-02
   1.3220000e+01   6.0010262e-02
   1.3230000e+01   6.0807171e-02
   1.3240000e+01   6.1597999e-02
   1.3250000e+01   6.2382668e-02
   1.3260000e+01   6.3161099e-02
   1.3270000e+01   6.3933213e-02
   1.3280000e+01   6.4698935e-02
   1.3290000e+01   6.5458186e-02
   1.3300000e+01   6.6210892e-02
   1.3310000e+01   6.6956976e-02
   1.3320000e+01   6.7696365e-02
   1.3330000e+01   6.8428985e-02
   1.3340000e+01   6.9154761e-02
   1.3350000e+01   6.9873622e-02
   1.3360000e+01   7.0585496e-02
   1.3370000e+01   7.1290311e-02
   1.3380000e+01   7.1987998e-02
   1.3390000e+01   7.2678485e-02
   1.3400000e+01   7.3361705e-02
   1.3410000e+01   7.4037589e-02
   1.3420000e+01   7.4706069e-02
   1.3430000e+01   7.5367079e-02
   1.3440000e+01   7.6020551e-02
   1.3450000e+01   7.6666422e-02
   1.3460000e+01   7.7304626e-02
   1.3470000e+01   7.7935100e-02
   1.3480000e+01   7.8557781e-02
   1.3490000e+01   7.9172605e-02
   1.3500000e+01   7.9779513e-02
   1.3510000e+01   8.0378443e-02
   1.3520000e+01   8.0969335e-02
   1.3530000e+01   8.1552130e-02
   1.3540000e+01   8.2126769e-02
   1.3550000e+01   8.2693197e-02
   1.3560000e+01   8.3251355e-02
   1.3570000e+01   8.3801188e-02
   1.3580000e+01   8.4342640e-02
   1.3590000e+01   8.4875659e-02
   1.3600000e+01   8.5400190e-02
   1.3610000e+01   8.5916181e-02
   1.3620000e+01   8.6423581e-02
   1.3630000e+01   8.6922339e-02
   1.3640000e+01   8.7412404e-02
   1.3650000e+01   8.7893728e-02
   1.3660000e+01   8.8366263e-02
   1.3670000e+01   8.8829961e-02
   1.3680000e+01   8.9284776e-02
   1.3690000e+01   8.9730663e-02
   1.3700000e+01   9.0167577e-02
   1.3710000e+01   9.0595474e-02
   1.3720000e+01   9.1014312e-02
   1.3730000e+01   9.1424048e-02
   1.3740000e+01   9.1824642e-02
   1.3750000e+01   9.2216054e-02
   1.3760000e+01   9.2598244e-02
   1.3770000e+01   9.2971175e-02
   1.3780000e+01   9.3334808e-02
   1.3790000e+01   9.3689108e-02
   1.3800000e+01   9.4034039e-02
   1.3810000e+01   9.4369567e-02
   1.3820000e+01   9.4695658e-02
   1.3830000e+01   9.5012279e-02
   1.3840000e+01   9.5319400e-02
   1.3850000e+01   9.5616988e-02
   1.3860000e+01   9.5905015e-02
   1.3870000e+01   9.6183451e-02
   1.3880000e+01   9.6452269e-02
   1.3890000e+01   9.6711442e-02
   1.3900000e+01   9.6960944e-02
   1.3910000e+01   9.7200750e-02
   1.3920000e+01   9.7430836e-02
   1.3930000e+01   9.7651179e-02
   1.3940000e+01   9.7861757e-02
   1.3950000e+01   9.8062549e-02
   1.3960000e+01   9.8253534e-02
   1.3970000e+01   9.8434695e-02
   1.3980000e+01   9.8606011e-02
   1.3990000e+01   9.8767468e-02
   1.4000000e+01   9.8919048e-02
   1.4010000e+01   9.9060736e-02
   1.4020000e+01   9.9192518e-02
   1.4030000e+01   9.9314380e-02
   1.4040000e+01   9.9426312e-02
   1.4050000e+01   9.9528301e-02
   1.4060000e+01   9.9620337e-02
   1.4070000e+01   9.9702411e-02
   1.4080000e+01   9.9774515e-02
   1.4090000e+01   9.9836642e-02
   1.4100000e+01   9.9888785e-02
   1.4110000e+01   9.9930939e-02
   1.4120000e+01   9.9963100e-02
   1.4130000e+01   9.9985265e-02
   1.4140000e+01   9.9997432e-02
   1.4150000e+01   9.9999599e-02
   1.4160000e+01   9.9991766e-02
   1.4170000e+01   9.9973934e-02
   1.4180000e+01   9.9946104e-02
   1.4190000e+01   9.9908280e-02
   1.4200000e+01   9.9860466e-02
   1.4210000e+01   9.9802665e-02
   1.4220000e+01   9.9734885e-02
   1.4230000e+01   9.9657130e-02
   1.4240000e+01   9.9569411e-02
   1.4250000e+01   9.9471734e-02
   1.4260000e+01   9.9364110e-02
   1.4270000e+01   9.9246550e-02
   1.4280000e+01   9.9119065e-02
   1.4290000e+01   9.8981669e-02
   1.4300000e+01   9.8834374e-02
   1.4310000e+01   9.8677196e-02
   1.4320000e+01   9.8510151e-02
   1.4330000e+01   9.8333254e-02
   1.4340000e+01   9.8146525e-02
   1.4350000e+01   9.7949980e-02
   1.4360000e+01   9.7743641e-02
   1.4370000e+01   9.7527528e-02
   1.4380000e+01   9.7301661e-02
   1.4390000e+01   9.7066065e-02
   1.4400000e+01   9.6820762e-02
   1.4410000e+01   9.6565778e-02
   1.4420000e+01   9.6301136e-02
   1.4430000e+01   9.6026865e-02
   1.4440000e+01   9.5742991e-02
   1.4450000e+01   9.5449543e-02
   1.4460000e+01   9.5146550e-02
   1.4470000e+01   9.4834042e-02
   1.4480000e+01   9.4512052e-02
   1.4490000e+01   9.4180609e-02
   1.4500000e+01   9.3839749e-02
   1.4510000e+01   9.3489506e-02
   1.4520000e+01   9.3129913e-02
   1.4530000e+01   9.2761007e-02
   1.4540000e+01   9.2382825e-02
   1.4550000e+01   9.1995405e-02
   1.4560000e+01   9.1598786e-02
   1.4570000e+01   9.1193007e-02
   1.4580000e+01   9.0778108e-02
   1.4590000e+01   9.0354132e-02
   1.4600000e+01   8.9921121e-02
   1.4610000e+01   8.9479117e-02
   1.4620000e+01   8.9028166e-02
   1.4630000e+01   8.8568312e-02
   1.4640000e+01   8.8099601e-02
   1.4650000e+01   8.7622080e-02
   1.4660000e+01   8.7135797e-02
   1.4670000e+01   8.6640801e-02
   1.4680000e+01   8.6137140e-02
   1.4690000e+01   8.5624866e-02
   1.4700000e+01   8.5104030e-02
   1.4710000e+01   8.4574683e-02
   1.4720000e+01   8.4036879e-02
   1.4730000e+01   8.3490671e-02
   1.4740000e+01   8.2936114e-02
   1.4750000e+01   8.2373264e-02
   1.4760000e+01   8.1802176e-02
   1.4770000e+01   8.1222909e-02
   1.4780000e+01   8.0635519e-02
   1.4790000e+01   8.0040065e-02
   1.4800000e+01   7.9436608e-02
   1.4810000e+01   7.8825207e-02
   1.4820000e+01   7.8205923e-02
   1.4830000e+01   7.7578819e-02
   1.4840000e+01   7.6943958e-02
   1.4850000e+01   7.6301401e-02
   1.4860000e+01   7.5651215e-02
   1.4870000e+01   7.4993464e-02
   1.4880000e+01   7.4328213e-02
   1.4890000e+01   7.3655530e-02
   1.4900000e+01   7.2975481e-02
   1.4910000e+01   7.2288135e-02
   1.4920000e+01   7.1593560e-02
   1.4930000e+01   7.0891826e-02
   1.4940000e+01   7.0183002e-02
   1.4950000e+01   6.9467160e-02
   1.4960000e+01   6.8744372e-02
   1.4970000e+01   6.8014709e-02
   1.4980000e+01   6.7278245e-02
   1.4990000e+01   6.6535053e-02
   1.5000000e+01   6.5785208e-02
   1.5010000e+01   6.5028784e-02
   1.5020000e+01   6.4265857e-02
   1.5030000e+01   6.3496504e-02
   1.5040000e+01   6.2720801e-02
   1.5050000e+01   6.1938827e-02
   1.5060000e+01   6.1150658e-02
   1.5070000e+01   6.0356374e-02
   1.5080000e+01   5.9556055e-02
   1.5090000e+01   5.8749780e-02
   1.5100000e+01   5.7937630e-02
   1.5110000e+01   5.7119687e-02
   1.5120000e+01   5.6296032e-02
   1.5130000e+01   5.5466747e-02
   1.5140000e+01   5.4631915e-02
   1.5150000e+01   5.3791620e-02
   1.5160000e+01   5.2945947e-02
   1.5170000e+01   5.2094978e-02
   1.5180000e+01   5.1238800e-02
   1.5190000e+01   5.0377499e-02
   1.5200000e+01   4.9511159e-02
   1.5210000e+01   4.8639869e-02
   1.5220000e+01   4.7763714e-02
   1.5230000e+01   4.6882784e-02
   1.5240000e+01   4.5997165e-02
   1.5250000e+01   4.5106946e-02
   1.5260000e+01   4.4212217e-02
   1.5270000e+01   4.3313066e-02
   1.5280000e+01   4.2409585e-02
   1.5290000e+01   4.1501862e-02
   1.5300000e+01   4.0589989e-02
   1.5310000e+01   3.9674057e-02
   1.5320000e+01   3.8754158e-02
   1.5330000e+01   3.7830384e-02
   1.5340000e+01   3.6902826e-02
   1.5350000e+01   3.5971578e-02
   1.5360000e+01   3.5036733e-02
   1.5370000e+01   3.4098385e-02
   1.5380000e+01   3.3156626e-02
   1.5390000e+01   3.2211552e-02
   1.5400000e+01   3.1263257e-02
   1.5410000e+01   3.0311836e-02
   1.5420000e+01   2.9357383e-02
   1.5430000e+01   2.8399995e-02
   1.5440000e+01   2.7439766e-02
   1.5450000e+01   2.6476794e-02
   1.5460000e+01   2.5511174e-02
   1.5470000e+01   2.4543003e-02
   1.5480000e+01   2.3572378e-02
   1.5490000e+01   2.2599395e-02
   1.5500000e+01   2.1624153e-02
   1.5510000e+01   2.0646748e-02
   1.5520000e+01   1.9667279e-02
   1.5530000e+01   1.8685843e-02
   1.5540000e+01   1.7702538e-02
   1.5550000e+01   1.6717463e-02
   1.5560000e+01   1.5730716e-02
   1.5570000e+01   1.4742396e-02
   1.5580000e+01   1.3752602e-02
   1.5590000e+01   1.2761433e-02
   1.5600000e+01   1.1768988e-02
   1.5610000e+01   1.0775365e-02
   1.5620000e+01   9.7806654e-03
   1.5630000e+01   8.7849875e-03
   1.5640000e+01   7.7884312e-03
   1.5650000e+01   6.7910960e-03
   1.5660000e+01   5.7930816e-03
   1.5670000e+01   4.7944880e-03
   1.5680000e+01   3.7954150e-03
   1.5690000e+01   2.7959624e-03
   1.5700000e+01   1.7962302e-03
   1.5710000e+01   7.9631838e-04
   1.5720000e+01  -2.0367306e-04
   1.5730000e+01  -1.2036441e-03
   1.5740000e+01  -2.2034949e-03
   1.5750000e+01  -3.2031252e-03
   1.5760000e+01  -4.2024353e-03
   1.5770000e+01  -5.2013251e-03
   1.5780000e+01  -6.1996948e-03
   1.5790000e+01  -7.1974445e-03
   1.5800000e+01  -8.1944745e-03
   1.5810000e+01  -9.1906850e-03
   1.5820000e+01  -1.0185977e-02
   1.5830000e+01  -1.1180249e-02
   1.5840000e+01  -1.2173404e-02
   1.5850000e+01  -1.3165342e-02
   1.5860000e+01  -1.4155963e-02
   1.5870000e+01  -1.5145168e-02
   1.5880000e+01  -1.6132859e-02
   1.5890000e+01  -1.7118937e-02
   1.5900000e+01  -1.8103303e-02
   1.5910000e+01  -1.9085858e-02
   1.5920000e+01  -2.0066505e-02
   1.5930000e+01  -2.1045145e-02
   1.5940000e+01  -2.2021681e-02
   1.5950000e+01  -2.2996015e-02
   1.5960000e+01  -2.3968049e-02
   1.5970000e+01  -2.4937686e-02
   1.5980000e+01  -2.5904829e-02
   1.5990000e+01  -2.6869383e-02
   1.6000000e+01  -2.7831249e-02
   1.6010000e+01  -2.8790332e-02
   1.6020000e+01  -2.9746536e-02
   1.6030000e+01  -3.0699765e-02
   1.6040000e+01  -3.1649925e-02
   1.6050000e+01  -3.2596919e-02
   1.6060000e+01  -3.3540654e-02
   1.6070000e+01  -3.4481035e-02
   1.6080000e+01  -3.5417967e-02
   1.6090000e+01  -3.6351358e-02
   1.6100000e+01  -3.7281114e-02
   1.6110000e+01  -3.8207142e-02
   1.6120000e+01  -3.9129349e-02
   1.6130000e+01  -4.0047643e-02
   1.6140000e+01  -4.0961932e-02
   1.6150000e+01  -4.1872126e-02
   1.6160000e+01  -4.2778132e-02
   1.6170000e+01  -4.3679860e-02
   1.6180000e+01  -4.4577220e-02
   1.6190000e+01  -4.5470123e-02
   1.6200000e+01  -4.6358479e-02
   1.6210000e+01  -4.7242199e-02
   1.6220000e+01  -4.8121194e-02
   1.6230000e+01  -4.8995378e-02
   1.6240000e+01  -4.9864662e-02
   1.6250000e+01  -5.0728960e-02
   1.6260000e+01  -5.1588185e-02
   1.6270000e+01  -5.2442251e-02
   1.6280000e+01  -5.3291073e-02
   1.6290000e+01  -5.4134565e-02
   1.6300000e+01  -5.4972645e-02
   1.6310000e+01  -5.5805227e-02
   1.6320000e+01  -5.6632229e-02
   1.6330000e+01  -5.7453567e-02
   1.6340000e+01  -5.8269161e-02
   1.6350000e+01  -5.9078927e-02
   1.6360000e+01  -5.9882786e-02
   1.6370000e+01  -6.0680656e-02
   1.6380000e+01  -6.1472458e-02
   1.6390000e+01  -6.2258113e-02
   1.6400000e+01  -6.3037543e-02
   1.6410000e+01  -6.3810668e-02
   1.6420000e+01  -6.4577413e-02
   1.6430000e+01  -6.5337700e-02
   1.6440000e+01  -6.6091453e-02
   1.6450000e+01  -6.6838597e-02
   1.6460000e+01  -6.7579057e-02
   1.6470000e+01  -6.8312760e-02
   1.6480000e+01  -6.9039631e-02
   1.6490000e+01  -6.9759599e-02
   1.6500000e+01  -7.0472590e-02
   1.6510000e+01  -7.1178534e-02
   1.6520000e+01  -7.1877361e-02
   1.6530000e+01  -7.2568999e-02
   1.6540000e+01  -7.3253381e-02
   1.6550000e+01  -7.3930438e-02
   1.6560000e+01  -7.4600102e-02
   1.6570000e+01  -7.5262305e-02
   1.6580000e+01  -7.5916983e-02
   1.6590000e+01  -7.6564069e-02
   1.6600000e+01  -7.7203499e-02
   1.6610000e+01  -7.7835208e-02
   1.6620000e+01  -7.8459134e-02
   1.6630000e+01  -7.9075214e-02
   1.6640000e+01  -7.9683386e-02
   1.6650000e+01  -8.0283591e-02
   1.6660000e+01  -8.0875766e-02
   1.6670000e+01  -8.1459855e-02
   1.6680000e+01  -8.2035797e-02
   1.6690000e+01  -8.2603537e-02
   1.6700000e+01  -8.3163015e-02
   1.6710000e+01  -8.3714178e-02
   1.6720000e+01  -8.4256969e-02
   1.6730000e+01  -8.4791335e-02
   1.6740000e+01  -8.5317221e-02
   1.6750000e+01  -8.5834576e-02
   1.6760000e+01  -8.6343347e-02
   1.6770000e+01  -8.6843484e-02
   1.6780000e+01  -8.7334937e-02
   1.6790000e+01  -8.7817657e-02
   1.6800000e+01  -8.8291595e-02
   1.6810000e+01  -8.8756703e-02
   1.6820000e+01  -8.9212936e-02
   1.6830000e+01  -8.9660248e-02
   1.6840000e+01  -9.0098594e-02
   1.6850000e+01  -9.0527930e-02
   1.6860000e+01  -9.0948214e-02
   1.6870000e+01  -9.1359403e-02
   1.6880000e+01  -9.1761455e-02
   1.6890000e+01  -9.2154332e-02
   1.6900000e+01  -9.2537994e-02
   1.6910000e+01  -9.2912401e-02
   1.6920000e+01  -9.3277518e-02
   1.6930000e+01  -9.3633307e-02
   1.6940000e+01  -9.3979732e-02
   1.6950000e+01  -9.4316760e-02
   1.6960000e+01  -9.4644356e-02
   1.6970000e+01  -9.4962488e-02
   1.6980000e+01  -9.5271123e-02
   1.6990000e+01  -9.5570232e-02
   1.7000000e+01  -9.5859783e-02
   1.7010000e+01  -9.6139749e-02
   1.7020000e+01  -9.6410101e-02
   1.7030000e+01  -9.6670812e-02
   1.7040000e+01  -9.6921856e-02
   1.7050000e+01  -9.7163208e-02
   1.7060000e+01  -9.7394843e-02
   1.7070000e+01  -9.7616739e-02
   1.7080000e+01  -9.7828874e-02
   1.7090000e+01  -9.8031225e-02
   1.7100000e+01  -9.8223774e-02
   1.7110000e+01  -9.8406501e-02
   1.7120000e+01  -9.8579386e-02
   1.7130000e+01  -9.8742414e-02
   1.7140000e+01  -9.8895568e-02
   1.7150000e+01  -9.9038832e-02
   1.7160000e+01  -9.9172193e-02
   1.7170000e+01  -9.9295636e-02
   1.7180000e+01  -9.9409150e-02
   1.7190000e+01  -9.9512723e-02
   1.7200000e+01  -9.9606345e-02
   1.7210000e+01  -9.9690007e-02
   1.7220000e+01  -9.9763699e-02
   1.7230000e+01  -9.9827415e-02
   1.7240000e+01  -9.9881149e-02
   1.7250000e+01  -9.9924894e-02
   1.7260000e+01  -9.9958647e-02
   1.7270000e+01  -9.9982404e-02
   1.7280000e+01  -9.9996163e-02
   1.7290000e+01  -9.9999923e-02
   1.7300000e+01  -9.9993683e-02
   1.7310000e+01  -9.9977443e-02
   1.7320000e+01  -9.9951206e-02
   1.7330000e+01  -9.9914974e-02
   1.7340000e+01  -9.9868750e-02
   1.7350000e+01  -9.9812539e-02
   1.7360000e+01  -9.9746348e-02
   1.7370000e+01  -9.9670181e-02
   1.7380000e+01  -9.9584048e-02
   1.7390000e+01  -9.9487957e-02
   1.7400000e+01  -9.9381916e-02
   1.7410000e+01  -9.9265938e-02
   1.7420000e+01  -9.9140033e-02
   1.7430000e+01  -9.9004214e-02
   1.7440000e+01  -9.8858495e-02
   1.7450000e+01  -9.8702890e-02
   1.7460000e+01  -9.8537415e-02
   1.7470000e+01  -9.8362087e-02
   1.7480000e+01  -9.8176922e-02
   1.7490000e+01  -9.7981939e-02
   1.7500000e+01  -9.7777159e-02
   1.7510000e+01  -9.7562601e-02
   1.7520000e+01  -9.7338286e-02
   1.7530000e+01  -9.7104238e-02
   1.7540000e+01  -9.6860480e-02
   1.7550000e+01  -9.6607035e-02
   1.7560000e+01  -9.6343930e-02
   1.7570000e+01  -9.6071191e-02
   1.7580000e+01  -9.5788844e-02
   1.7590000e+01  -9.5496919e-02
   1.7600000e+01  -9.5195444e-02
   1.7610000e+01  -9.4884450e-02
   1.7620000e+01  -9.4563967e-02
   1.7630000e+01  -9.4234028e-02
   1.7640000e+01  -9.3894666e-02
   1.7650000e+01  -9.3545914e-02
   1.7660000e+01  -9.3187808e-02
   1.7670000e+01  -9.2820383e-02
   1.7680000e+01  -9.2443676e-02
   1.7690000e+01  -9.2057725e-02
   1.7700000e+01  -9.1662568e-02
   1.7710000e+01  -9.1258245e-02
   1.7720000e+01  -9.0844796e-02
   1.7730000e+01  -9.0422263e-02
   1.7740000e+01  -8.9990688e-02
   1.7750000e+01  -8.9550113e-02
   1.7760000e+01  -8.9100584e-02
   1.7770000e+01  -8.8642145e-02
   1.7780000e+01  -8.8174841e-02
   1.7790000e+01  -8.7698720e-02
   1.7800000e+01  -8.7213830e-02
   1.7810000e+01  -8.6720218e-02
   1.7820000e+01  -8.6217934e-02
   1.7830000e+01  -8.5707028e-02
   1.7840000e+01  -8.5187552e-02
   1.7850000e+01  -8.4659557e-02
   1.7860000e+01  -8.4123097e-02
   1.7870000e+01  -8.3578223e-02
   1.7880000e+01  -8.3024993e-02
   1.7890000e+01  -8.2463459e-02
   1.7900000e+01  -8.1893680e-02
   1.7910000e+01  -8.1315711e-02
   1.7920000e+01  -8.0729611e-02
   1.7930000e+01  -8.0135438e-02
   1.7940000e+01  -7.9533251e-02
   1.7950000e+01  -7.8923111e-02
   1.7960000e+01  -7.8305079e-02
   1.7970000e+01  -7.7679216e-02
   1.7980000e+01  -7.7045586e-02
   1.7990000e+01  -7.6404251e-02
   1.8000000e+01  -7.5755275e-02
   1.8010000e+01  -7.5098725e-02
   1.8020000e+01  -7.4434664e-02
   1.8030000e+01  -7.3763160e-02
   1.8040000e+01  -7.3084280e-02
   1.8050000e+01  -7.2398091e-02
   1.8060000e+01  -7.1704663e-02
   1.8070000e+01  -7.1004064e-02
   1.8080000e+01  -7.0296365e-02
   1.8090000e+01  -6.9581636e-02
   1.8100000e+01  -6.8859949e-02
   1.8110000e+01  -6.8131377e-02
   1.8120000e+01  -6.7395991e-02
   1.8130000e+01  -6.6653865e-02
   1.8140000e+01  -6.5905075e-02
   1.8150000e+01  -6.5149693e-02
   1.8160000e+01  -6.4387797e-02
   1.8170000e+01  -6.3619463e-02
   1.8180000e+01  -6.2844766e-02
   1.8190000e+01  -6.2063785e-02
   1.8200000e+01  -6.1276597e-02
   1.8210000e+01  -6.0483282e-02
   1.8220000e+01  -5.9683919e-02
   1.8230000e+01  -5.8878587e-02
   1.8240000e+01  -5.8067368e-02
   1.8250000e+01  -5.7250342e-02
   1.8260000e+01  -5.6427590e-02
   1.8270000e+01  -5.5599197e-02
   1.8280000e+01  -5.4765243e-02
   1.8290000e+01  -5.3925813e-02
   1.8300000e+01  -5.3080990e-02
   1.8310000e+01  -5.2230859e-02
   1.8320000e+01  -5.1375505e-02
   1.8330000e+01  -5.0515014e-02
   1.8340000e+01  -4.9649471e-02
   1.8350000e+01  -4.8778963e-02
   1.8360000e+01  -4.7903578e-02
   1.8370000e+01  -4.7023402e-02
   1.8380000e+01  -4.6138523e-02
   1.8390000e+01  -4.5249031e-02
   1.8400000e+01  -4.4355015e-02
   1.8410000e+01  -4.3456562e-02
   1.8420000e+01  -4.2553764e-02
   1.8430000e+01  -4.1646711e-02
   1.8440000e+01  -4.0735493e-02
   1.8450000e+01  -3.9820202e-02
   1.8460000e+01  -3.8900928e-02
   1.8470000e+01  -3.7977765e-02
   1.8480000e+01  -3.7050803e-02
   1.8490000e+01  -3.6120137e-02
   1.8500000e+01  -3.5185859e-02
   1.8510000e+01  -3.4248062e-02
   1.8520000e+01  -3.3306840e-02
   1.8530000e+01  -3.2362288e-02
   1.8540000e+01  -3.1414499e-02
   1.8550000e+01  -3.0463570e-02
   1.8560000e+01  -2.9509593e-02
   1.8570000e+01  -2.8552666e-02
   1.8580000e+01  -2.7592884e-02
   1.8590000e+01  -2.6630342e-02
   1.8600000e+01  -2.5665137e-02
   1.8610000e+01  -2.4697366e-02
   1.8620000e+01  -2.3727125e-02
   1.8630000e+01  -2.2754512e-02
   1.8640000e+01  -2.1779623e-02
   1.8650000e+01  -2.0802556e-02
   1.8660000e+01  -1.9823408e-02
   1.8670000e+01  -1.8842279e-02
   1.8680000e+01  -1.7859265e-02
   1.8690000e+01  -1.6874466e-02
   1.8700000e+01  -1.5887978e-02
   1.8710000e+01  -1.4899903e-02
   1.8720000e+01  -1.3910337e-02
   1.8730000e+01  -1.2919380e-02
   1.8740000e+01  -1.1927131e-02
   1.8750000e+01  -1.0933690e-02
   1.8760000e+01  -9.9391547e-03
   1.8770000e+01  -8.9436259e-03
   1.8780000e+01  -7.9472028e-03
   1.8790000e+01  -6.9499850e-03
   1.8800000e+01  -5.9520721e-03
   1.8810000e+01  -4.9535641e-03
   1.8820000e+01  -3.9545607e-03
   1.8830000e+01  -2.9551619e-03
   1.8840000e+01  -1.9554675e-03
   1.8850000e+01  -9.5557761e-04
   1.8860000e+01   4.4407845e-05
   1.8870000e+01   1.0443889e-03
   1.8880000e+01   2.0442654e-03
   1.8890000e+01   3.0439376e-03
   1.8900000e+01   4.0433053e-03
   1.8910000e+01   5.0422688e-03
   1.8920000e+01   6.0407280e-03
   1.8930000e+01   7.0385831e-03
   1.8940000e+01   8.0357344e-03
   1.8950000e+01   9.0320821e-03
   1.8960000e+01   1.0027527e-02
   1.8970000e+01   1.1021968e-02
   1.8980000e+01   1.2015308e-02
   1.8990000e+01   1.3007446e-02
   1.9000000e+01   1.3998283e-02
   1.9010000e+01   1.4987721e-02
   1.9020000e+01   1.5975660e-02
   1.9030000e+01   1.6962001e-02
   1.9040000e+01   1.7946646e-02
   1.9050000e+01   1.8929496e-02
   1.9060000e+01   1.9910454e-02
   1.9070000e+01   2.0889420e-02
   1.9080000e+01   2.1866298e-02
   1.9090000e+01   2.2840989e-02
   1.9100000e+01   2.3813395e-02
   1.9110000e+01   2.4783421e-02
   1.9120000e+01   2.5750968e-02
   1.9130000e+01   2.6715940e-02
   1.9140000e+01   2.7678241e-02
   1.9150000e+01   2.8637773e-02
   1.9160000e+01   2.9594442e-02
   1.9170000e+01   3.0548152e-02
   1.9180000e+01   3.1498806e-02
   1.9190000e+01   3.2446311e-02
   1.9200000e+01   3.3390572e-02
   1.9210000e+01   3.4331493e-02
   1.9220000e+01   3.5268981e-02
   1.9230000e+01   3.6202942e-02
   1.9240000e+01   3.7133283e-02
   1.9250000e+01   3.8059911e-02
   1.9260000e+01   3.8982733e-02
   1.9270000e+01   3.9901656e-02
   1.9280000e+01   4.0816590e-02
   1.9290000e+01   4.1727441e-02
   1.9300000e+01   4.2634120e-02
   1.9310000e+01   4.3536536e-02
   1.9320000e+01   4.4434598e-02
   1.9330000e+01   4.5328217e-02
   1.9340000e+01   4.6217303e-02
   1.9350000e+01   4.7101767e-02
   1.9360000e+01   4.7981521e-02
   1.9370000e+01   4.8856477e-02
   1.9380000e+01   4.9726547e-02
   1.9390000e+01   5.0591645e-02
   1.9400000e+01   5.1451683e-02
   1.9410000e+01   5.2306577e-02
   1.9420000e+01   5.3156239e-02
   1.9430000e+01   5.4000587e-02
   1.9440000e+01   5.4839534e-02
   1.9450000e+01   5.5672997e-02
   1.9460000e+01   5.6500893e-02
   1.9470000e+01   5.7323139e-02
   1.9480000e+01   5.8139653e-02
   1.9490000e+01   5.8950353e-02
   1.9500000e+01   5.9755158e-02
   1.9510000e+01   6.0553987e-02
   1.9520000e+01   6.1346761e-02
   1.9530000e+01   6.2133400e-02
   1.9540000e+01   6.2913827e-02
   1.9550000e+01   6.3687961e-02
   1.9560000e+01   6.4455727e-02
   1.9570000e+01   6.5217048e-02
   1.9580000e+01   6.5971847e-02
   1.9590000e+01   6.6720049e-02
   1.9600000e+01   6.7461578e-02
   1.9610000e+01   6.8196362e-02
   1.9620000e+01   6.8924326e-02
   1.9630000e+01   6.9645398e-02
   1.9640000e+01   7.0359505e-02
   1.9650000e+01   7.1066576e-02
   1.9660000e+01   7.1766541e-02
   1.9670000e+01   7.2459329e-02
   1.9680000e+01   7.3144872e-02
   1.9690000e+01   7.3823100e-02
   1.9700000e+01   7.4493945e-02
   1.9710000e+01   7.5157342e-02
   1.9720000e+01   7.5813222e-02
   1.9730000e+01   7.6461522e-02
   1.9740000e+01   7.7102175e-02
   1.9750000e+01   7.7735118e-02
   1.9760000e+01   7.8360288e-02
   1.9770000e+01   7.8977621e-02
   1.9780000e+01   7.9587057e-02
   1.9790000e+01   8.0188535e-02
   1.9800000e+01   8.0781993e-02
   1.9810000e+01   8.1367374e-02
   1.9820000e+01   8.1944618e-02
   1.9830000e+01   8.2513667e-02
   1.9840000e+01   8.3074465e-02
   1.9850000e+01   8.3626956e-02
   1.9860000e+01   8.4171084e-02
   1.9870000e+01   8.4706795e-02
   1.9880000e+01   8.5234035e-02
   1.9890000e+01   8.5752752e-02
   1.9900000e+01   8.6262894e-02
   1.9910000e+01   8.6764410e-02
   1.9920000e+01   8.7257249e-02
   1.9930000e+01   8.7741363e-02
   1.9940000e+01   8.8216703e-02
   1.9950000e+01   8.8683221e-02
   1.9960000e+01   8.9140870e-02
   1.9970000e+01   8.9589606e-02
   1.9980000e+01   9.0029383e-02
   1.9990000e+01   9.0460157e-02
   2.0000000e+01   9.0881885e-02
   2.0010000e+01   9.1294525e-02
   2.0020000e+01   9.1698036e-02
   2.0030000e+01   9.2092376e-02
   2.0040000e+01   9.2477508e-02
   2.0050000e+01   9.2853392e-02
   2.0060000e+01   9.3219991e-02
   2.0070000e+01   9.3577268e-02
   2.0080000e+01   9.3925187e-02
   2.0090000e+01   9.4263714e-02
   2.0100000e+01   9.4592814e-02
   2.0110000e+01   9.4912455e-02
   2.0120000e+01   9.5222605e-02
   2.0130000e+01   9.5523233e-02
   2.0140000e+01   9.5814309e-02
   2.0150000e+01   9.6095803e-02
   2.0160000e+01   9.6367688e-02
   2.0170000e+01   9.6629936e-02
   2.0180000e+01   9.6882521e-02
   2.0190000e+01   9.7125418e-02
   2.0200000e+01   9.7358603e-02
   2.0210000e+01   9.7582052e-02
   2.0220000e+01   9.7795742e-02
   2.0230000e+01   9.7999654e-02
   2.0240000e+01   9.8193765e-02
   2.0250000e+01   9.8378057e-02
   2.0260000e+01   9.8552511e-02
   2.0270000e+01   9.8717110e-02
   2.0280000e+01   9.8871838e-02
   2.0290000e+01   9.9016678e-02
   2.0300000e+01   9.9151617e-02
   2.0310000e+01   9.9276641e-02
   2.0320000e+01   9.9391737e-02
   2.0330000e+01   9.9496894e-02
   2.0340000e+01   9.9592101e-02
   2.0350000e+01   9.9677349e-02
   2.0360000e+01   9.9752630e-02
   2.0370000e+01   9.9817936e-02
   2.0380000e+01   9.9873259e-02
   2.0390000e+01   9.9918596e-02
   2.0400000e+01   9.9953941e-02
   2.0410000e+01   9.9979290e-02
   2.0420000e+01   9.9994642e-02
   2.0430000e+01   9.9999994e-02
   2.0440000e+01   9.9995346e-02
   2.0450000e+01   9.9980699e-02
   2.0460000e+01   9.9956054e-02
   2.0470000e+01   9.9921413e-02
   2.0480000e+01   9.9876780e-02
   2.0490000e+01   9.9822160e-02
   2.0500000e+01   9.9757558e-02
   2.0510000e+01   9.9682979e-02
   2.0520000e+01   9.9598433e-02
   2.0530000e+01   9.9503927e-02
   2.0540000e+01   9.9399471e-02
   2.0550000e+01   9.9285074e-02
   2.0560000e+01   9.9160750e-02
   2.0570000e+01   9.9026509e-02
   2.0580000e+01   9.8882366e-02
   2.0590000e+01   9.8728334e-02
   2.0600000e+01   9.8564430e-02
   2.0610000e+01   9.8390669e-02
   2.0620000e+01   9.8207070e-02
   2.0630000e+01   9.8013650e-02
   2.0640000e+01   9.7810428e-02
   2.0650000e+01   9.7597426e-02
   2.0660000e+01   9.7374664e-02
   2.0670000e+01   9.7142164e-02
   2.0680000e+01   9.6899951e-02
   2.0690000e+01   9.6648047e-02
   2.0700000e+01   9.6386479e-02
   2.0710000e+01   9.6115272e-02
   2.0720000e+01   9.5834454e-02
   2.0730000e+01   9.5544053e-02
   2.0740000e+01   9.5244097e-02
   2.0750000e+01   9.4934616e-02
   2.0760000e+01   9.4615643e-02
   2.0770000e+01   9.4287208e-02
   2.0780000e+01   9.3949344e-02
   2.0790000e+01   9.3602085e-02
   2.0800000e+01   9.3245467e-02
   2.0810000e+01   9.2879523e-02
   2.0820000e+01   9.2504292e-02
   2.0830000e+01   9.2119811e-02
   2.0840000e+01   9.1726118e-02
   2.0850000e+01   9.1323252e-02
   2.0860000e+01   9.0911254e-02
   2.0870000e+01   9.0490164e-02
   2.0880000e+01   9.0060026e-02
   2.0890000e+01   8.9620882e-02
   2.0900000e+01   8.9172776e-02
   2.0910000e+01   8.8715753e-02
   2.0920000e+01   8.8249858e-02
   2.0930000e+01   8.7775138e-02
   2.0940000e+01   8.7291641e-02
   2.0950000e+01   8.6799415e-02
   2.0960000e+01   8.6298509e-02
   2.0970000e+01   8.5788973e-02
   2.0980000e+01   8.5270858e-02
   2.0990000e+01   8.4744217e-02
   2.1000000e+01   8.4209101e-02
   2.1010000e+01   8.3665564e-02
   2.1020000e+01   8.3113660e-02
   2.1030000e+01   8.2553446e-02
   2.1040000e+01   8.1984976e-02
   2.1050000e+01   8.1408307e-02
   2.1060000e+01   8.0823498e-02
   2.1070000e+01   8.0230607e-02
   2.1080000e+01   7.9629693e-02
   2.1090000e+01   7.9020815e-02
   2.1100000e+01   7.8404036e-02
   2.1110000e+01   7.7779416e-02
   2.1120000e+01   7.7147019e-02
   2.1130000e+01   7.6506906e-02
   2.1140000e+01   7.5859144e-02
   2.1150000e+01   7.5203795e-02
   2.1160000e+01   7.4540926e-02
   2.1170000e+01   7.3870603e-02
   2.1180000e+01   7.3192893e-02
   2.1190000e+01   7.2507864e-02
   2.1200000e+01   7.1815584e-02
   2.1210000e+01   7.1116122e-02
   2.1220000e+01   7.0409549e-02
   2.1230000e+01   6.9695935e-02
   2.1240000e+01   6.8975352e-02
   2.1250000e+01   6.8247871e-02
   2.1260000e+01   6.7513565e-02
   2.1270000e+01   6.6772508e-02
   2.1280000e+01   6.6024774e-02
   2.1290000e+01   6.5270438e-02
   2.1300000e+01   6.4509574e-02
   2.1310000e+01   6.3742260e-02
   2.1320000e+01   6.2968571e-02
   2.1330000e+01   6.2188586e-02
   2.1340000e+01   6.1402381e-02
   2.1350000e+01   6.0610037e-02
   2.1360000e+01   5.9811631e-02
   2.1370000e+01   5.9007245e-02
   2.1380000e+01   5.8196958e-02
   2.1390000e+01   5.7380851e-02
   2.1400000e+01   5.6559006e-02
   2.1410000e+01   5.5731505e-02
   2.1420000e+01   5.4898432e-02
   2.1430000e+01   5.4059868e-02
   2.1440000e+01   5.3215898e-02
   2.1450000e+01   5.2366607e-02
   2.1460000e+01   5.1512080e-02
   2.1470000e+01   5.0652401e-02
   2.1480000e+01   4.9787657e-02
   2.1490000e+01   4.8917934e-02
   2.1500000e+01   4.8043319e-02
   2.1510000e+01   4.7163900e-02
   2.1520000e+01   4.6279765e-02
   2.1530000e+01   4.5391002e-02
   2.1540000e+01   4.4497700e-02
   2.1550000e+01   4.3599948e-02
   2.1560000e+01   4.2697836e-02
   2.1570000e+01   4.1791454e-02
   2.1580000e+01   4.0880894e-02
   2.1590000e+01   3.9966245e-02
   2.1600000e+01   3.9047599e-02
   2.1610000e+01   3.8125049e-02
   2.1620000e+01   3.7198687e-02
   2.1630000e+01   3.6268604e-02
   2.1640000e+01   3.5334895e-02
   2.1650000e+01   3.4397652e-02
   2.1660000e+01   3.3456970e-02
   2.1670000e+01   3.2512942e-02
   2.1680000e+01   3.1565662e-02
   2.1690000e+01   3.0615226e-02
   2.1700000e+01   2.9661729e-02
   2.1710000e+01   2.8705265e-02
   2.1720000e+01   2.7745931e-02
   2.1730000e+01   2.6783822e-02
   2.1740000e+01   2.5819035e-02
   2.1750000e+01   2.4851666e-02
   2.1760000e+01   2.3881812e-02
   2.1770000e+01   2.2909570e-02
   2.1780000e+01   2.1935037e-02
   2.1790000e+01   2.0958310e-02
   2.1800000e+01   1.9979488e-02
   2.1810000e+01   1.8998668e-02
   2.1820000e+01   1.8015947e-02
   2.1830000e+01   1.7031426e-02
   2.1840000e+01   1.6045201e-02
   2.1850000e+01   1.5057371e-02
   2.1860000e+01   1.4068036e-02
   2.1870000e+01   1.3077294e-02
   2.1880000e+01   1.2085244e-02
   2.1890000e+01   1.1091986e-02
   2.1900000e+01   1.0097619e-02
   2.1910000e+01   9.1022416e-03
   2.1920000e+01   8.1059543e-03
   2.1930000e+01   7.1088563e-03
   2.1940000e+01   6.1110475e-03
   2.1950000e+01   5.1126276e-03
   2.1960000e+01   4.1136964e-03
   2.1970000e+01   3.1143538e-03
   2.1980000e+01   2.1146999e-03
   2.1990000e+01   1.1148344e-03
   2.2000000e+01   1.1485749e-04
   2.2010000e+01  -8.8513093e-04
   2.2020000e+01  -1.8850308e-03
   2.2030000e+01  -2.8847422e-03
   2.2040000e+01  -3.8841652e-03
   2.2050000e+01  -4.8831997e-03
   2.2060000e+01  -5.8817459e-03
   2.2070000e+01  -6.8797039e-03
   2.2080000e+01  -7.8769740e-03
   2.2090000e+01  -8.8734564e-03
   2.2100000e+01  -9.8690514e-03
   2.2110000e+01  -1.0863660e-02
   2.2120000e+01  -1.1857181e-02
   2.2130000e+01  -1.2849517e-02
   2.2140000e+01  -1.3840569e-02
   2.2150000e+01  -1.4830236e-02
   2.2160000e+01  -1.5818420e-02
   2.2170000e+01  -1.6805022e-02
   2.2180000e+01  -1.7789944e-02
   2.2190000e+01  -1.8773087e-02
   2.2200000e+01  -1.9754352e-02
   2.2210000e+01  -2.0733642e-02
   2.2220000e+01  -2.1710859e-02
   2.2230000e+01  -2.2685904e-02
   2.2240000e+01  -2.3658682e-02
   2.2250000e+01  -2.4629093e-02
   2.2260000e+01  -2.5597041e-02
   2.2270000e+01  -2.6562430e-02
   2.2280000e+01  -2.7525162e-02
   2.2290000e+01  -2.8485142e-02
   2.2300000e+01  -2.9442274e-02
   2.2310000e+01  -3.0396461e-02
   2.2320000e+01  -3.1347609e-02
   2.2330000e+01  -3.2295621e-02
   2.2340000e+01  -3.3240405e-02
   2.2350000e+01  -3.4181864e-02
   2.2360000e+01  -3.5119905e-02
   2.2370000e+01  -3.6054435e-02
   2.2380000e+01  -3.6985358e-02
   2.2390000e+01  -3.7912584e-02
   2.2400000e+01  -3.8836018e-02
   2.2410000e+01  -3.9755568e-02
   2.2420000e+01  -4.0671143e-02
   2.2430000e+01  -4.1582651e-02
   2.2440000e+01  -4.2490001e-02
   2.2450000e+01  -4.3393102e-02
   2.2460000e+01  -4.4291863e-02
   2.2470000e+01  -4.5186195e-02
   2.2480000e+01  -4.6076009e-02
   2.2490000e+01  -4.6961215e-02
   2.2500000e+01  -4.7841725e-02
   2.2510000e+01  -4.8717451e-02
   2.2520000e+01  -4.9588305e-02
   2.2530000e+01  -5.0454201e-02
   2.2540000e+01  -5.1315051e-02
   2.2550000e+01  -5.2170770e-02
   2.2560000e+01  -5.3021271e-02
   2.2570000e+01  -5.3866471e-02
   2.2580000e+01  -5.4706284e-02
   2.2590000e+01  -5.5540626e-02
   2.2600000e+01  -5.6369414e-02
   2.2610000e+01  -5.7192566e-02
   2.2620000e+01  -5.8009998e-02
   2.2630000e+01  -5.8821629e-02
   2.2640000e+01  -5.9627378e-02
   2.2650000e+01  -6.0427164e-02
   2.2660000e+01  -6.1220908e-02
   2.2670000e+01  -6.2008530e-02
   2.2680000e+01  -6.2789951e-02
   2.2690000e+01  -6.3565093e-02
   2.2700000e+01  -6.4333878e-02
   2.2710000e+01  -6.5096231e-02
   2.2720000e+01  -6.5852073e-02
   2.2730000e+01  -6.6601331e-02
   2.2740000e+01  -6.7343928e-02
   2.2750000e+01  -6.8079791e-02
   2.2760000e+01  -6.8808846e-02
   2.2770000e+01  -6.9531021e-02
   2.2780000e+01  -7.0246242e-02
   2.2790000e+01  -7.0954438e-02
   2.2800000e+01  -7.1655540e-02
   2.2810000e+01  -7.2349476e-02
   2.2820000e+01  -7.3036177e-02
   2.2830000e+01  -7.3715574e-02
   2.2840000e+01  -7.4387600e-02
   2.2850000e+01  -7.5052187e-02
   2.2860000e+01  -7.5709269e-02
   2.2870000e+01  -7.6358780e-02
   2.2880000e+01  -7.7000655e-02
   2.2890000e+01  -7.7634831e-02
   2.2900000e+01  -7.8261243e-02
   2.2910000e+01  -7.8879829e-02
   2.2920000e+01  -7.9490527e-02
   2.2930000e+01  -8.0093276e-02
   2.2940000e+01  -8.0688015e-02
   2.2950000e+01  -8.1274686e-02
   2.2960000e+01  -8.1853230e-02
   2.2970000e+01  -8.2423588e-02
   2.2980000e+01  -8.2985704e-02
   2.2990000e+01  -8.3539522e-02
   2.3000000e+01  -8.4084985e-02
   2.3010000e+01  -8.4622040e-02
   2.3020000e+01  -8.5150633e-02
   2.3030000e+01  -8.5670712e-02
   2.3040000e+01  -8.6182223e-02
   2.3050000e+01  -8.6685116e-02
   2.3060000e+01  -8.7179340e-02
   2.3070000e+01  -8.7664847e-02
   2.3080000e+01  -8.8141587e-02
   2.3090000e+01  -8.8609513e-02
   2.3100000e+01  -8.9068578e-02
   2.3110000e+01  -8.9518737e-02
   2.3120000e+01  -8.9959943e-02
   2.3130000e+01  -9.0392154e-02
   2.3140000e+01  -9.0815326e-02
   2.3150000e+01  -9.1229416e-02
   2.3160000e+01  -9.1634383e-02
   2.3170000e+01  -9.2030187e-02
   2.3180000e+01  -9.2416788e-02
   2.3190000e+01  -9.2794148e-02
   2.3200000e+01  -9.3162228e-02
   2.3210000e+01  -9.3520992e-02
   2.3220000e+01  -9.3870403e-02
   2.3230000e+01  -9.4210428e-02
   2.3240000e+01  -9.4541032e-02
   2.3250000e+01  -9.4862182e-02
   2.3260000e+01  -9.5173846e-02
   2.3270000e+01  -9.5475992e-02
   2.3280000e+01  -9.5768591e-02
   2.3290000e+01  -9.6051614e-02
   2.3300000e+01  -9.6325031e-02
   2.3310000e+01  -9.6588815e-02
   2.3320000e+01  -9.6842941e-02
   2.3330000e+01  -9.7087383e-02
   2.3340000e+01  -9.7322116e-02
   2.3350000e+01  -9.7547117e-02
   2.3360000e+01  -9.7762363e-02
   2.3370000e+01  -9.7967833e-02
   2.3380000e+01  -9.8163507e-02
   2.3390000e+01  -9.8349364e-02
   2.3400000e+01  -9.8525386e-02
   2.3410000e+01  -9.8691556e-02
   2.3420000e+01  -9.8847857e-02
   2.3430000e+01  -9.8994273e-02
   2.3440000e+01  -9.9130789e-02
   2.3450000e+01  -9.9257393e-02
   2.3460000e+01  -9.9374071e-02
   2.3470000e+01  -9.9480812e-02
   2.3480000e+01  -9.9577604e-02
   2.3490000e+01  -9.9664439e-02
   2.3500000e+01  -9.9741308e-02
   2.3510000e+01  -9.9808203e-02
   2.3520000e+01  -9.9865117e-02
   2.3530000e+01  -9.9912044e-02
   2.3540000e+01  -9.9948981e-02
   2.3550000e+01  -9.9975922e-02
   2.3560000e+01  -9.9992866e-02
   2.3570000e+01  -9.9999811e-02
   2.3580000e+01  -9.9996756e-02
   2.3590000e+01  -9.9983701e-02
   2.3600000e+01  -9.9960648e-02
   2.3610000e+01  -9.9927599e-02
   2.3620000e+01  -9.9884558e-02
   2.3630000e+01  -9.9831528e-02
   2.3640000e+01  -9.9768515e-02
   2.3650000e+01  -9.9695525e-02
   2.3660000e+01  -9.9612565e-02
   2.3670000e+01  -9.9519645e-02
   2.3680000e+01  -9.9416773e-02
   2.3690000e+01  -9.9303959e-02
   2.3700000e+01  -9.9181214e-02
   2.3710000e+01  -9.9048552e-02
   2.3720000e+01  -9.8905985e-02
   2.3730000e+01  -9.8753527e-02
   2.3740000e+01  -9.8591195e-02
   2.3750000e+01  -9.8419003e-02
   2.3760000e+01  -9.8236969e-02
   2.3770000e+01  -9.8045112e-02
   2.3780000e+01  -9.7843450e-02
   2.3790000e+01  -9.7632004e-02
   2.3800000e+01  -9.7410795e-02
   2.3810000e+01  -9.7179845e-02
   2.3820000e+01  -9.6939177e-02
   2.3830000e+01  -9.6688815e-02
   2.3840000e+01  -9.6428784e-02
   2.3850000e+01  -9.6159110e-02
   2.3860000e+01  -9.5879821e-02
   2.3870000e+01  -9.5590944e-02
   2.3880000e+01  -9.5292508e-02
   2.3890000e+01  -9.4984542e-02
   2.3900000e+01  -9.4667079e-02
   2.3910000e+01  -9.4340148e-02
   2.3920000e+01  -9.4003784e-02
   2.3930000e+01  -9.3658019e-02
   2.3940000e+01  -9.3302889e-02
   2.3950000e+01  -9.2938428e-02
   2.3960000e+01  -9.2564674e-02
   2.3970000e+01  -9.2181663e-02
   2.3980000e+01  -9.1789434e-02
   2.3990000e+01  -9.1388027e-02
   2.4000000e+01  -9.0977480e-02
   2.4010000e+01  -9.0557836e-02
   2.4020000e+01  -9.0129136e-02
   2.4030000e+01  -8.9691424e-02
   2.4040000e+01  -8.9244742e-02
   2.4050000e+01  -8.8789136e-02
   2.4060000e+01  -8.8324651e-02
   2.4070000e+01  -8.7851334e-02
   2.4080000e+01  -8.7369231e-02
   2.4090000e+01  -8.6878392e-02
   2.4100000e+01  -8.6378865e-02
   2.4110000e+01  -8.5870700e-02
   2.4120000e+01  -8.5353948e-02
   2.4130000e+01  -8.4828661e-02
   2.4140000e+01  -8.4294891e-02
   2.4150000e+01  -8.3752692e-02
   2.4160000e+01  -8.3202117e-02
   2.4170000e+01  -8.2643223e-02
   2.4180000e+01  -8.2076064e-02
   2.4190000e+01  -8.1500697e-02
   2.4200000e+01  -8.0917181e-02
   2.4210000e+01  -8.0325573e-02
   2.4220000e+01  -7.9725932e-02
   2.4230000e+01  -7.9118319e-02
   2.4240000e+01  -7.8502794e-02
   2.4250000e+01  -7.7879419e-02
   2.4260000e+01  -7.7248256e-02
   2.4270000e+01  -7.6609368e-02
   2.4280000e+01  -7.5962819e-02
   2.4290000e+01  -7.5308674e-02
   2.4300000e+01  -7.4646999e-02
   2.4310000e+01  -7.3977859e-02
   2.4320000e+01  -7.3301320e-02
   2.4330000e+01  -7.2617452e-02
   2.4340000e+01  -7.1926323e-02
   2.4350000e+01  -7.1228000e-02
   2.4360000e+01  -7.0522555e-02
   2.4370000e+01  -6.9810058e-02
   2.4380000e+01  -6.9090580e-02
   2.4390000e+01  -6.8364192e-02
   2.4400000e+01  -6.7630969e-02
   2.4410000e+01  -6.6890982e-02
   2.4420000e+01  -6.6144306e-02
   2.4430000e+01  -6.5391016e-02
   2.4440000e+01  -6.4631187e-02
   2.4450000e+01  -6.3864895e-02
   2.4460000e+01  -6.3092216e-02
   2.4470000e+01  -6.2313229e-02
   2.4480000e+01  -6.1528010e-02
   2.4490000e+01  -6.0736638e-02
   2.4500000e+01  -5.9939192e-02
   2.4510000e+01  -5.9135753e-02
   2.4520000e+01  -5.8326400e-02
   2.4530000e+01  -5.7511215e-02
   2.4540000e+01  -5.6690278e-02
   2.4550000e+01  -5.5863673e-02
   2.4560000e+01  -5.5031481e-02
   2.4570000e+01  -5.4193786e-02
   2.4580000e+01  -5.3350672e-02
   2.4590000e+01  -5.2502223e-02
   2.4600000e+01  -5.1648523e-02
   2.4610000e+01  -5.0789659e-02
   2.4620000e+01  -4.9925716e-02
   2.4630000e+01  -4.9056780e-02
   2.4640000e+01  -4.8182939e-02
   2.4650000e+01  -4.7304279e-02
   2.4660000e+01  -4.6420889e-02
   2.4670000e+01  -4.5532857e-02
   2.4680000e+01  -4.4640272e-02
   2.4690000e+01  -4.3743223e-02
   2.4700000e+01  -4.2841799e-02
   2.4710000e+01  -4.1936092e-02
   2.4720000e+01  -4.1026190e-02
   2.4730000e+01  -4.0112187e-02
   2.4740000e+01  -3.9194171e-02
   2.4750000e+01  -3.8272237e-02
   2.4760000e+01  -3.7346475e-02
   2.4770000e+01  -3.6416979e-02
   2.4780000e+01  -3.5483841e-02
   2.4790000e+01  -3.4547155e-02
   2.4800000e+01  -3.3607014e-02
   2.4810000e+01  -3.2663513e-02
   2.4820000e+01  -3.1716745e-02
   2.4830000e+01  -3.0766805e-02
   2.4840000e+01  -2.9813789e-02
   2.4850000e+01  -2.8857791e-02
   2.4860000e+01  -2.7898908e-02
   2.4870000e+01  -2.6937235e-02
   2.4880000e+01  -2.5972868e-02
   2.4890000e+01  -2.5005904e-02
   2.4900000e+01  -2.4036439e-02
   2.4910000e+01  -2.3064571e-02
   2.4920000e+01  -2.2090396e-02
   2.4930000e+01  -2.1114012e-02
   2.4940000e+01  -2.0135517e-02
   2.4950000e+01  -1.9155008e-02
   2.4960000e+01  -1.8172584e-02
   2.4970000e+01  -1.7188342e-02
   2.4980000e+01  -1.6202382e-02
   2.4990000e+01  -1.5214802e-02
   2.5000000e+01  -1.4225700e-02
   2.5010000e+01  -1.3235175e-02
   2.5020000e+01  -1.2243327e-02
   2.5030000e+01  -1.1250255e-02
   2.5040000e+01  -1.0256057e-02
   2.5050000e+01  -9.2608342e-03
   2.5060000e+01  -8.2646852e-03
   2.5070000e+01  -7.2677097e-03
   2.5080000e+01  -6.2700074e-03
   2.5090000e+01  -5.2716781e-03
   2.5100000e+01  -4.2728217e-03
   2.5110000e+01  -3.2735379e-03
   2.5120000e+01  -2.2739269e-03
   2.5130000e+01  -1.2740884e-03
   2.5140000e+01  -2.7412253e-04
   2.5150000e+01   7.2587075e-04
   2.5160000e+01   1.7257914e-03
   2.5170000e+01   2.7255396e-03
   2.5180000e+01   3.7250151e-03
   2.5190000e+01   4.7241182e-03
   2.5200000e+01   5.7227489e-03
   2.5210000e+01   6.7208073e-03
   2.5220000e+01   7.7181936e-03
   2.5230000e+01   8.7148081e-03
   2.5240000e+01   9.7105511e-03
   2.5250000e+01   1.0705323e-02
   2.5260000e+01   1.1699025e-02
   2.5270000e+01   1.2691556e-02
   2.5280000e+01   1.3682819e-02
   2.5290000e+01   1.4672713e-02
   2.5300000e+01   1.5661140e-02
   2.5310000e+01   1.6648000e-02
   2.5320000e+01   1.7633196e-02
   2.5330000e+01   1.8616629e-02
   2.5340000e+01   1.9598200e-02
   2.5350000e+01   2.0577811e-02
   2.5360000e+01   2.1555365e-02
   2.5370000e+01   2.2530763e-02
   2.5380000e+01   2.3503908e-02
   2.5390000e+01   2.4474702e-02
   2.5400000e+01   2.5443049e-02
   2.5410000e+01   2.6408852e-02
   2.5420000e+01   2.7372014e-02
   2.5430000e+01   2.8332439e-02
   2.5440000e+01   2.9290030e-02
   2.5450000e+01   3.0244693e-02
   2.5460000e+01   3.1196331e-02
   2.5470000e+01   3.2144850e-02
   2.5480000e+01   3.3090154e-02
   2.5490000e+01   3.4032149e-02
   2.5500000e+01   3.4970741e-02
   2.5510000e+01   3.5905835e-02
   2.5520000e+01   3.6837340e-02
   2.5530000e+01   3.7765160e-02
   2.5540000e+01   3.8689204e-02
   2.5550000e+01   3.9609380e-02
   2.5560000e+01   4.0525594e-02
   2.5570000e+01   4.1437756e-02
   2.5580000e+01   4.2345774e-02
   2.5590000e+01   4.3249557e-02
   2.5600000e+01   4.4149016e-02
   2.5610000e+01   4.5044059e-02
   2.5620000e+01   4.5934599e-02
   2.5630000e+01   4.6820545e-02
   2.5640000e+01   4.7701809e-02
   2.5650000e+01   4.8578302e-02
   2.5660000e+01   4.9449938e-02
   2.5670000e+01   5.0316629e-02
   2.5680000e+01   5.1178289e-02
   2.5690000e+01   5.2034830e-02
   2.5700000e+01   5.2886169e-02
   2.5710000e+01   5.3732218e-02
   2.5720000e+01   5.4572895e-02
   2.5730000e+01   5.5408114e-02
   2.5740000e+01   5.6237792e-02
   2.5750000e+01   5.7061847e-02
   2.5760000e+01   5.7880195e-02
   2.5770000e+01   5.8692756e-02
   2.5780000e+01   5.9499447e-02
   2.5790000e+01   6.0300189e-02
   2.5800000e+01   6.1094900e-02
   2.5810000e+01   6.1883502e-02
   2.5820000e+01   6.2665916e-02
   2.5830000e+01   6.3442063e-02
   2.5840000e+01   6.4211866e-02
   2.5850000e+01   6.4975248e-02
   2.5860000e+01   6.5732133e-02
   2.5870000e+01   6.6482444e-02
   2.5880000e+01   6.7226107e-02
   2.5890000e+01   6.7963047e-02
   2.5900000e+01   6.8693192e-02
   2.5910000e+01   6.9416467e-02
   2.5920000e+01   7.0132800e-02
   2.5930000e+01   7.0842120e-02
   2.5940000e+01   7.1544357e-02
   2.5950000e+01   7.2239438e-02
   2.5960000e+01   7.2927296e-02
   2.5970000e+01   7.3607861e-02
   2.5980000e+01   7.4281066e-02
   2.5990000e+01   7.4946842e-02
   2.6000000e+01   7.5605124e-02
   2.6010000e+01   7.6255845e-02
   2.6020000e+01   7.6898941e-02
   2.6030000e+01   7.7534347e-02
   2.6040000e+01   7.8161999e-02
   2.6050000e+01   7.8781836e-02
   2.6060000e+01   7.9393794e-02
   2.6070000e+01   7.9997813e-02
   2.6080000e+01   8.0593832e-02
   2.6090000e+01   8.1181792e-02
   2.6100000e+01   8.1761634e-02
   2.6110000e+01   8.2333300e-02
   2.6120000e+01   8.2896733e-02
   2.6130000e+01   8.3451875e-02
   2.6140000e+01   8.3998673e-02
   2.6150000e+01   8.4537071e-02
   2.6160000e+01   8.5067016e-02
   2.6170000e+01   8.5588453e-02
   2.6180000e+01   8.6101332e-02
   2.6190000e+01   8.6605601e-02
   2.6200000e+01   8.7101210e-02
   2.6210000e+01   8.7588108e-02
   2.6220000e+01   8.8066248e-02
   2.6230000e+01   8.8535581e-02
   2.6240000e+01   8.8996060e-02
   2.6250000e+01   8.9447640e-02
   2.6260000e+01   8.9890276e-02
   2.6270000e+01   9.0323922e-02
   2.6280000e+01   9.0748536e-02
   2.6290000e+01   9.1164075e-02
   2.6300000e+01   9.1570498e-02
   2.6310000e+01   9.1967764e-02
   2.6320000e+01   9.2355834e-02
   2.6330000e+01   9.2734668e-02
   2.6340000e+01   9.3104228e-02
   2.6350000e+01   9.3464478e-02
   2.6360000e+01   9.3815382e-02
   2.6370000e+01   9.4156904e-02
   2.6380000e+01   9.4489011e-02
   2.6390000e+01   9.4811668e-02
   2.6400000e+01   9.5124845e-02
   2.6410000e+01   9.5428509e-02
   2.6420000e+01   9.5722631e-02
   2.6430000e+01   9.6007180e-02
   2.6440000e+01   9.6282129e-02
   2.6450000e+01   9.6547450e-02
   2.6460000e+01   9.6803116e-02
   2.6470000e+01   9.7049101e-02
   2.6480000e+01   9.7285382e-02
   2.6490000e+01   9.7511935e-02
   2.6500000e+01   9.7728736e-02
   2.6510000e+01   9.7935764e-02
   2.6520000e+01   9.8132999e-02
   2.6530000e+01   9.8320421e-02
   2.6540000e+01   9.8498011e-02
   2.6550000e+01   9.8665751e-02
   2.6560000e+01   9.8823625e-02
   2.6570000e+01   9.8971616e-02
   2.6580000e+01   9.9109710e-02
   2.6590000e+01   9.9237894e-02
   2.6600000e+01   9.9356153e-02
   2.6610000e+01   9.9464477e-02
   2.6620000e+01   9.9562855e-02
   2.6630000e+01   9.9651277e-02
   2.6640000e+01   9.9729733e-02
   2.6650000e+01   9.9798217e-02
   2.6660000e+01   9.9856721e-02
   2.6670000e+01   9.9905239e-02
   2.6680000e+01   9.9943767e-02
   2.6690000e+01   9.9972300e-02
   2.6700000e+01   9.9990837e-02
   2.6710000e+01   9.9999374e-02
   2.6720000e+01   9.9997912e-02
   2.6730000e+01   9.9986450e-02
   2.6740000e+01   9.9964989e-02
   2.6750000e+01   9.9933532e-02
   2.6760000e+01   9.9892081e-02
   2.6770000e+01   9.9840642e-02
   2.6780000e+01   9.9779218e-02
   2.6790000e+01   9.9707817e-02
   2.6800000e+01   9.9626445e-02
   2.6810000e+01   9.9535110e-02
   2.6820000e+01   9.9433822e-02
   2.6830000e+01   9.9322591e-02
   2.6840000e+01   9.9201428e-02
   2.6850000e+01   9.9070344e-02
   2.6860000e+01   9.8929354e-02
   2.6870000e+01   9.8778470e-02
   2.6880000e+01   9.8617709e-02
   2.6890000e+01   9.8447086e-02
   2.6900000e+01   9.8266619e-02
   2.6910000e+01   9.8076325e-02
   2.6920000e+01   9.7876223e-02
   2.6930000e+01   9.7666334e-02
   2.6940000e+01   9.7446678e-02
   2.6950000e+01   9.7217278e-02
   2.6960000e+01   9.6978156e-02
   2.6970000e+01   9.6729337e-02
   2.6980000e+01   9.6470844e-02
   2.6990000e+01   9.6202705e-02
   2.7000000e+01   9.5924945e-02
   2.7010000e+01   9.5637593e-02
   2.7020000e+01   9.5340677e-02
   2.7030000e+01   9.5034227e-02
   2.7040000e+01   9.4718274e-02
   2.7050000e+01   9.4392849e-02
   2.7060000e+01   9.4057985e-02
   2.7070000e+01   9.3713715e-02
   2.7080000e+01   9.3360074e-02
   2.7090000e+01   9.2997097e-02
   2.7100000e+01   9.2624821e-02
   2.7110000e+01   9.2243282e-02
   2.7120000e+01   9.1852518e-02
   2.7130000e+01   9.1452570e-02
   2.7140000e+01   9.1043476e-02
   2.7150000e+01   9.0625278e-02
   2.7160000e+01   9.0198018e-02
   2.7170000e+01   8.9761738e-02
   2.7180000e+01   8.9316482e-02
   2.7190000e+01   8.8862294e-02
   2.7200000e+01   8.8399220e-02
   2.7210000e+01   8.7927306e-02
   2.7220000e+01   8.7446600e-02
   2.7230000e+01   8.6957149e-02
   2.7240000e+01   8.6459002e-02
   2.7250000e+01   8.5952210e-02
   2.7260000e+01   8.5436822e-02
   2.7270000e+01   8.4912891e-02
   2.7280000e+01   8.4380468e-02
   2.7290000e+01   8.3839608e-02
   2.7300000e+01   8.3290363e-02
   2.7310000e+01   8.2732790e-02
   2.7320000e+01   8.2166944e-02
   2.7330000e+01   8.1592880e-02
   2.7340000e+01   8.1010658e-02
   2.7350000e+01   8.0420335e-02
   2.7360000e+01   7.9821969e-02
   2.7370000e+01   7.9215622e-02
   2.7380000e+01   7.8601353e-02
   2.7390000e+01   7.7979224e-02
   2.7400000e+01   7.7349297e-02
   2.7410000e+01   7.6711635e-02
   2.7420000e+01   7.6066302e-02
   2.7430000e+01   7.5413363e-02
   2.7440000e+01   7.4752882e-02
   2.7450000e+01   7.4084926e-02
   2.7460000e+01   7.3409562e-02
   2.7470000e+01   7.2726857e-02
   2.7480000e+01   7.2036879e-02
   2.7490000e+01   7.1339697e-02
   2.7500000e+01   7.0635382e-02
   2.7510000e+01   6.9924003e-02
   2.7520000e+01   6.9205632e-02
   2.7530000e+01   6.8480340e-02
   2.7540000e+01   6.7748201e-02
   2.7550000e+01   6.7009286e-02
   2.7560000e+01   6.6263671e-02
   2.7570000e+01   6.5511429e-02
   2.7580000e+01   6.4752636e-02
   2.7590000e+01   6.3987368e-02
   2.7600000e+01   6.3215702e-02
   2.7610000e+01   6.2437714e-02
   2.7620000e+01   6.1653482e-02
   2.7630000e+01   6.0863084e-02
   2.7640000e+01   6.0066601e-02
   2.7650000e+01   5.9264111e-02
   2.7660000e+01   5.8455695e-02
   2.7670000e+01   5.7641433e-02
   2.7680000e+01   5.6821407e-02
   2.7690000e+01   5.5995699e-02
   2.7700000e+01   5.5164391e-02
   2.7710000e+01   5.4327567e-02
   2.7720000e+01   5.3485310e-02
   2.7730000e+01   5.2637705e-02
   2.7740000e+01   5.1784836e-02
   2.7750000e+01   5.0926789e-02
   2.7760000e+01   5.0063649e-02
   2.7770000e+01   4.9195502e-02
   2.7780000e+01   4.8322436e-02
   2.7790000e+01   4.7444538e-02
   2.7800000e+01   4.6561896e-02
   2.7810000e+01   4.5674597e-02
   2.7820000e+01   4.4782731e-02
   2.7830000e+01   4.3886387e-02
   2.7840000e+01   4.2985654e-02
   2.7850000e+01   4.2080623e-02
   2.7860000e+01   4.1171383e-02
   2.7870000e+01   4.0258027e-02
   2.7880000e+01   3.9340644e-02
   2.7890000e+01   3.8419328e-02
   2.7900000e+01   3.7494170e-02
   2.7910000e+01   3.6565262e-02
   2.7920000e+01   3.5632698e-02
   2.7930000e+01   3.4696571e-02
   2.7940000e+01   3.3756974e-02
   2.7950000e+01   3.2814001e-02
   2.7960000e+01   3.1867747e-02
   2.7970000e+01   3.0918306e-02
   2.7980000e+01   2.9965773e-02
   2.7990000e+01   2.9010244e-02
   2.8000000e+01   2.8051814e-02
   2.8010000e+01   2.7090579e-02
   2.8020000e+01   2.6126634e-02
   2.8030000e+01   2.5160078e-02
   2.8040000e+01   2.4191005e-02
   2.8050000e+01   2.3219512e-02
   2.8060000e+01   2.2245699e-02
   2.8070000e+01   2.1269660e-02
   2.8080000e+01   2.0291494e-02
   2.8090000e+01   1.9311300e-02
   2.8100000e+01   1.8329174e-02
   2.8110000e+01   1.7345216e-02
   2.8120000e+01   1.6359522e-02
   2.8130000e+01   1.5372193e-02
   2.8140000e+01   1.4383327e-02
   2.8150000e+01   1.3393022e-02
   2.8160000e+01   1.2401379e-02
   2.8170000e+01   1.1408495e-02
   2.8180000e+01   1.0414470e-02
   2.8190000e+01   9.4194034e-03
   2.8200000e+01   8.4233951e-03
   2.8210000e+01   7.4265446e-03
   2.8220000e+01   6.4289513e-03
   2.8230000e+01   5.4307152e-03
   2.8240000e+01   4.4319361e-03
   2.8250000e+01   3.4327137e-03
   2.8260000e+01   2.4331481e-03
   2.8270000e+01   1.4333391e-03
   2.8280000e+01   4.3338687e-04
   2.8290000e+01  -5.6660874e-04
   2.8300000e+01  -1.5665477e-03
   2.8310000e+01  -2.5663300e-03
   2.8320000e+01  -3.5658557e-03
   2.8330000e+01  -4.5650247e-03
   2.8340000e+01  -5.5637373e-03
   2.8350000e+01  -6.5618935e-03
   2.8360000e+01  -7.5593936e-03
   2.8370000e+01  -8.5561377e-03
   2.8380000e+01  -9.5520262e-03
   2.8390000e+01  -1.0546959e-02
   2.8400000e+01  -1.1540838e-02
   2.8410000e+01  -1.2533563e-02
   2.8420000e+01  -1.3525034e-02
   2.8430000e+01  -1.4515152e-02
   2.8440000e+01  -1.5503820e-02
   2.8450000e+01  -1.6490937e-02
   2.8460000e+01  -1.7476404e-02
   2.8470000e+01  -1.8460124e-02
   2.8480000e+01  -1.9441999e-02
   2.8490000e+01  -2.0421928e-02
   2.8500000e+01  -2.1399816e-02
   2.8510000e+01  -2.2375564e-02
   2.8520000e+01  -2.3349074e-02
   2.8530000e+01  -2.4320250e-02
   2.8540000e+01  -2.5288993e-02
   2.8550000e+01  -2.6255208e-02
   2.8560000e+01  -2.7218797e-02
   2.8570000e+01  -2.8179664e-02
   2.8580000e+01  -2.9137713e-02
   2.8590000e+01  -3.0092848e-02
   2.8600000e+01  -3.1044974e-02
   2.8610000e+01  -3.1993996e-02
   2.8620000e+01  -3.2939819e-02
   2.8630000e+01  -3.3882347e-02
   2.8640000e+01  -3.4821487e-02
   2.8650000e+01  -3.5757145e-02
   2.8660000e+01  -3.6689228e-02
   2.8670000e+01  -3.7617641e-02
   2.8680000e+01  -3.8542293e-02
   2.8690000e+01  -3.9463090e-02
   2.8700000e+01  -4.0379942e-02
   2.8710000e+01  -4.1292755e-02
   2.8720000e+01  -4.2201439e-02
   2.8730000e+01  -4.3105903e-02
   2.8740000e+01  -4.4006056e-02
   2.8750000e+01  -4.4901809e-02
   2.8760000e+01  -4.5793072e-02
   2.8770000e+01  -4.6679755e-02
   2.8780000e+01  -4.7561771e-02
   2.8790000e+01  -4.8439030e-02
   2.8800000e+01  -4.9311446e-02
   2.8810000e+01  -5.0178930e-02
   2.8820000e+01  -5.1041397e-02
   2.8830000e+01  -5.1898759e-02
   2.8840000e+01  -5.2750932e-02
   2.8850000e+01  -5.3597829e-02
   2.8860000e+01  -5.4439367e-02
   2.8870000e+01  -5.5275461e-02
   2.8880000e+01  -5.6106027e-02
   2.8890000e+01  -5.6930983e-02
   2.8900000e+01  -5.7750246e-02
   2.8910000e+01  -5.8563734e-02
   2.8920000e+01  -5.9371366e-02
   2.8930000e+01  -6.0173060e-02
   2.8940000e+01  -6.0968737e-02
   2.8950000e+01  -6.1758317e-02
   2.8960000e+01  -6.2541722e-02
   2.8970000e+01  -6.3318873e-02
   2.8980000e+01  -6.4089691e-02
   2.8990000e+01  -6.4854101e-02
   2.9000000e+01  -6.5612025e-02
   2.9010000e+01  -6.6363388e-02
   2.9020000e+01  -6.7108115e-02
   2.9030000e+01  -6.7846132e-02
   2.9040000e+01  -6.8577363e-02
   2.9050000e+01  -6.9301737e-02
   2.9060000e+01  -7.0019181e-02
   2.9070000e+01  -7.0729623e-02
   2.9080000e+01  -7.1432992e-02
   2.9090000e+01  -7.2129218e-02
   2.9100000e+01  -7.2818231e-02
   2.9110000e+01  -7.3499962e-02
   2.9120000e+01  -7.4174343e-02
   2.9130000e+01  -7.4841307e-02
   2.9140000e+01  -7.5500787e-02
   2.9150000e+01  -7.6152717e-02
   2.9160000e+01  -7.6797031e-02
   2.9170000e+01  -7.7433666e-02
   2.9180000e+01  -7.8062558e-02
   2.9190000e+01  -7.8683643e-02
   2.9200000e+01  -7.9296860e-02
   2.9210000e+01  -7.9902148e-02
   2.9220000e+01  -8.0499445e-02
   2.9230000e+01  -8.1088693e-02
   2.9240000e+01  -8.1669831e-02
   2.9250000e+01  -8.2242803e-02
   2.9260000e+01  -8.2807551e-02
   2.9270000e+01  -8.3364018e-02
   2.9280000e+01  -8.3912148e-02
   2.9290000e+01  -8.4451888e-02
   2.9300000e+01  -8.4983182e-02
   2.9310000e+01  -8.5505978e-02
   2.9320000e+01  -8.6020224e-02
   2.9330000e+01  -8.6525867e-02
   2.9340000e+01  -8.7022858e-02
   2.9350000e+01  -8.7511147e-02
   2.9360000e+01  -8.7990685e-02
   2.9370000e+01  -8.8461424e-02
   2.9380000e+01  -8.8923316e-02
   2.9390000e+01  -8.9376317e-02
   2.9400000e+01  -8.9820380e-02
   2.9410000e+01  -9.0255461e-02
   2.9420000e+01  -9.0681516e-02
   2.9430000e+01  -9.1098504e-02
   2.9440000e+01  -9.1506381e-02
   2.9450000e+01  -9.1905108e-02
   2.9460000e+01  -9.2294645e-02
   2.9470000e+01  -9.2674952e-02
   2.9480000e+01  -9.3045992e-02
   2.9490000e+01  -9.3407728e-02
   2.9500000e+01  -9.3760122e-02
   2.9510000e+01  -9.4103141e-02
   2.9520000e+01  -9.4436749e-02
   2.9530000e+01  -9.4760914e-02
   2.9540000e+01  -9.5075603e-02
   2.9550000e+01  -9.5380784e-02
   2.9560000e+01  -9.5676428e-02
   2.9570000e+01  -9.5962504e-02
   2.9580000e+01  -9.6238983e-02
   2.9590000e+01  -9.6505839e-02
   2.9600000e+01  -9.6763044e-02
   2.9610000e+01  -9.7010573e-02
   2.9620000e+01  -9.7248401e-02
   2.9630000e+01  -9.7476505e-02
   2.9640000e+01  -9.7694861e-02
   2.9650000e+01  -9.7903447e-02
   2.9660000e+01  -9.8102243e-02
   2.9670000e+01  -9.8291229e-02
   2.9680000e+01  -9.8470386e-02
   2.9690000e+01  -9.8639696e-02
   2.9700000e+01  -9.8799142e-02
   2.9710000e+01  -9.8948708e-02
   2.9720000e+01  -9.9088380e-02
   2.9730000e+01  -9.9218143e-02
   2.9740000e+01  -9.9337983e-02
   2.9750000e+01  -9.9447891e-02
   2.9760000e+01  -9.9547853e-02
   2.9770000e+01  -9.9637861e-02
   2.9780000e+01  -9.9717905e-02
   2.9790000e+01  -9.9787978e-02
   2.9800000e+01  -9.9848071e-02
   2.9810000e+01  -9.9898180e-02
   2.9820000e+01  -9.9938300e-02
   2.9830000e+01  -9.9968425e-02
   2.9840000e+01  -9.9988554e-02
   2.9850000e+01  -9.9998684e-02
   2.9860000e+01  -9.9998814e-02
   2.9870000e+01  -9.9988945e-02
   2.9880000e+01  -9.9969076e-02
   2.9890000e+01  -9.9939211e-02
   2.9900000e+01  -9.9899352e-02
   2.9910000e+01  -9.9849503e-02
   2.9920000e+01  -9.9789669e-02
   2.9930000e+01  -9.9719857e-02
   2.9940000e+01  -9.9640072e-02
   2.9950000e+01  -9.9550324e-02
   2.9960000e+01  -9.9450620e-02
   2.9970000e+01  -9.9340972e-02
   2.9980000e+01  -9.9221389e-02
   2.9990000e+01  -9.9091885e-02
   3.0000000e+01  -9.8952471e-02
