   1.0000000e-02  -1.1084766e-03
   2.0000000e-02  -9.8118059e-05
   3.0000000e-02   9.1224044e-04
   4.0000000e-02   2.2081298e-04
   5.0000000e-02  -7.4125237e-04
   6.0000000e-02  -3.4505120e-04
   7.0000000e-02  -5.5159036e-04
   8.0000000e-02   1.7240084e-03
   9.0000000e-02  -1.6105940e-03
   1.0000000e-01  -2.8968614e-04
   1.1000000e-01  -3.5388654e-04
   1.2000000e-01   7.6945125e-04
   1.3000000e-01   8.5457703e-04
   1.4000000e-01   4.9967265e-04
   1.5000000e-01   2.4953650e-03
   1.6000000e-01   4.0355364e-03
   1.7000000e-01   5.6757170e-03
   1.8000000e-01   4.5280318e-03
   1.9000000e-01   8.0058873e-03
   2.0000000e-01   9.2643761e-03
   2.1000000e-01   1.1874872e-02
   2.2000000e-01   1.5161726e-02
   2.3000000e-01   1.4993418e-02
   2.4000000e-01   1.8361633e-02
   2.5000000e-01   1.8155274e-02
   2.6000000e-01   2.1366606e-02
   2.7000000e-01   2.2686274e-02
   2.8000000e-01   2.4968053e-02
   2.9000000e-01   2.7624859e-02
   3.0000000e-01   2.8335521e-02
   3.1000000e-01   3.0892846e-02
   3.2000000e-01   2.9676322e-02
   3.3000000e-01   3.1426194e-02
   3.4000000e-01   3.2307078e-02
   3.5000000e-01   3.5052841e-02
   3.6000000e-01   3.7487346e-02
   3.7000000e-01   3.9813552e-02
   3.8000000e-01   3.8349881e-02
   3.9000000e-01   4.2677941e-02
   4.0000000e-01   4.4259908e-02
   4.1000000e-01   4.3663282e-02
   4.2000000e-01   4.6387138e-02
   4.3000000e-01   4.9263644e-02
   4.4000000e-01   5.0972719e-02
   4.5000000e-01   5.1833068e-02
   4.6000000e-01   5.2886796e-02
   4.7000000e-01   5.4885817e-02
   4.8000000e-01   5.5700597e-02
   4.9000000e-01   5.7904157e-02
   5.0000000e-01   5.7649500e-02
   5.1000000e-01   5.9628742e-02
   5.2000000e-01   6.0543238e-02
   5.3000000e-01   6.0912952e-02
   5.4000000e-01   6.1588990e-02
   5.5000000e-01   6.4661693e-02
   5.6000000e-01   6.4019669e-02
   5.7000000e-01   6.6089730e-02
   5.8000000e-01   6.3874342e-02
   5.9000000e-01   6.7602390e-02
   6.0000000e-01   6.6851676e-02
   6.1000000e-01   7.1628278e-02
   6.2000000e-01   6.9991864e-02
   6.3000000e-01   7.0173611e-02
   6.4000000e-01   7.1050582e-02
   6.5000000e-01   6.8447605e-02
   6.6000000e-01   6.8050617e-02
   6.7000000e-01   6.6839246e-02
   6.8000000e-01   6.4194536e-02
   6.9000000e-01   6.3368414e-02
   7.0000000e-01   6.0145435e-02
   7.1000000e-01   5.8965730e-02
   7.2000000e-01   6.0887625e-02
   7.3000000e-01   6.0178641e-02
   7.4000000e-01   6.1747370e-02
   7.5000000e-01   6.1148389e-02
   7.6000000e-01   6.2575073e-02
   7.7000000e-01   6.4275564e-02
   7.8000000e-01   6.5753903e-02
   7.9000000e-01   6.4208535e-02
   8.0000000e-01   6.8764679e-02
   8.1000000e-01   6.8482679e-02
   8.2000000e-01   6.8606869e-02
   8.3000000e-01   6.8724536e-02
   8.4000000e-01   7.2263042e-02
   8.5000000e-01   7.3559745e-02
   8.6000000e-01   7.3578186e-02
   8.7000000e-01   7.3368445e-02
   8.8000000e-01   7.5531182e-02
   8.9000000e-01   7.4807179e-02
   9.0000000e-01   7.7283392e-02
   9.1000000e-01   7.7458002e-02
   9.2000000e-01   7.9869188e-02
   9.3000000e-01   8.2315246e-02
   9.4000000e-01   7.9385686e-02
   9.5000000e-01   7.8415453e-02
   9.6000000e-01   7.9350982e-02
   9.7000000e-01   7.9366982e-02
   9.8000000e-01   7.8829599e-02
   9.9000000e-01   7.9806791e-02
   1.0000000e+00   8.0550458e-02
   1.0100000e+00   8.3059342e-02
   1.0200000e+00   8.3291634e-02
   1.0300000e+00   8.3541717e-02
   1.0400000e+00   8.5162052e-02
   1.0500000e+00   8.2745205e-02
   1.0600000e+00   8.6500205e-02
   1.0700000e+00   8.6130292e-02
   1.0800000e+00   8.8640759e-02
   1.0900000e+00   8.9101480e-02
   1.1000000e+00   8.9887805e-02
   1.1100000e+00   9.0058375e-02
   1.1200000e+00   8.8024020e-02
   1.1300000e+00   8.8414101e-02
   1.1400000e+00   9.0781946e-02
   1.1500000e+00   8.8094433e-02
   1.1600000e+00   9.1165075e-02
   1.1700000e+00   9.1019305e-02
   1.1800000e+00   9.1509258e-02
   1.1900000e+00   9.2022030e-02
   1.2000000e+00   9.0889617e-02
   1.2100000e+00   9.2347420e-02
   1.2200000e+00   9.1904560e-02
   1.2300000e+00   9.2386166e-02
   1.2400000e+00   9.5092716e-02
   1.2500000e+00   9.3371568e-02
   1.2600000e+00   9.4527461e-02
   1.2700000e+00   9.7239820e-02
   1.2800000e+00   9.6654514e-02
   1.2900000e+00   9.5063100e-02
   1.3000000e+00   9.6693520e-02
   1.3100000e+00   9.3847711e-02
   1.3200000e+00   9.5164405e-02
   1.3300000e+00   9.5780583e-02
   1.3400000e+00   9.6278169e-02
   1.3500000e+00   9.6005760e-02
   1.3600000e+00   9.8317529e-02
   1.3700000e+00   9.7169037e-02
   1.3800000e+00   1.0003171e-01
   1.3900000e+00   9.8467065e-02
   1.4000000e+00   9.8183039e-02
   1.4100000e+00   1.0051693e-01
   1.4200000e+00   9.9271428e-02
   1.4300000e+00   9.7899198e-02
   1.4400000e+00   9.8015550e-02
   1.4500000e+00   9.8816052e-02
   1.4600000e+00   9.9701546e-02
   1.4700000e+00   9.6702809e-02
   1.4800000e+00   9.8238636e-02
   1.4900000e+00   9.7868296e-02
   1.5000000e+00   1.0024515e-01
   1.5100000e+00   9.9636755e-02
   1.5200000e+00   9.8457655e-02
   1.5300000e+00   1.0066459e-01
   1.5400000e+00   9.8995068e-02
   1.5500000e+00   1.0002753e-01
   1.5600000e+00   9.9292512e-02
   1.5700000e+00   1.0062712e-01
   1.5800000e+00   1.0017801e-01
   1.5900000e+00   1.0132504e-01
   1.6000000e+00   1.0002820e-01
   1.6100000e+00   1.0108703e-01
   1.6200000e+00   1.0052058e-01
   1.6300000e+00   1.0037954e-01
   1.6400000e+00   9.8389902e-02
   1.6500000e+00   1.0013254e-01
   1.6600000e+00   1.0005380e-01
   1.6700000e+00   9.9004428e-02
   1.6800000e+00   9.8311799e-02
   1.6900000e+00   9.8329305e-02
   1.7000000e+00   9.7570407e-02
   1.7100000e+00   9.7429328e-02
   1.7200000e+00   9.6111292e-02
   1.7300000e+00   9.7072472e-02
   1.7400000e+00   9.6174281e-02
   1.7500000e+00   9.5050191e-02
   1.7600000e+00   9.4354116e-02
   1.7700000e+00   9.5219766e-02
   1.7800000e+00   9.3986860e-02
   1.7900000e+00   9.4586482e-02
   1.8000000e+00   9.3664945e-02
   1.8100000e+00   9.3700866e-02
   1.8200000e+00   9.2695177e-02
   1.8300000e+00   9.2113814e-02
   1.8400000e+00   9.3707235e-02
   1.8500000e+00   9.2145481e-02
   1.8600000e+00   9.1548021e-02
   1.8700000e+00   9.1497458e-02
   1.8800000e+00   9.0400114e-02
   1.8900000e+00   8.9020246e-02
   1.9000000e+00   9.0422481e-02
   1.9100000e+00   8.9571419e-02
   1.9200000e+00   8.8714268e-02
   1.9300000e+00   8.6667436e-02
   1.9400000e+00   8.8748399e-02
   1.9500000e+00   8.9743873e-02
   1.9600000e+00   8.5056357e-02
   1.9700000e+00   8.6429477e-02
   1.9800000e+00   8.5889929e-02
   1.9900000e+00   8.5235721e-02
   2.0000000e+00   8.4317531e-02
   2.0100000e+00   8.5036593e-02
   2.0200000e+00   8.2750705e-02
   2.0300000e+00   8.4190107e-02
   2.0400000e+00   8.1085719e-02
   2.0500000e+00   8.2137151e-02
   2.0600000e+00   8.0511959e-02
   2.0700000e+00   8.2072408e-02
   2.0800000e+00   7.9821414e-02
   2.0900000e+00   7.9751678e-02
   2.1000000e+00   7.9322674e-02
   2.1100000e+00   7.8190824e-02
   2.1200000e+00   7.7323373e-02
   2.1300000e+00   7.7121640e-02
   2.1400000e+00   7.4674611e-02
   2.1500000e+00   7.4719843e-02
   2.1600000e+00   7.6411111e-02
   2.1700000e+00   7.3821140e-02
   2.1800000e+00   7.2372986e-02
   2.1900000e+00   7.3416795e-02
   2.2000000e+00   7.3111541e-02
   2.2100000e+00   7.2137652e-02
   2.2200000e+00   6.9614537e-02
   2.2300000e+00   7.0365951e-02
   2.2400000e+00   6.7619515e-02
   2.2500000e+00   6.6867640e-02
   2.2600000e+00   6.6130005e-02
   2.2700000e+00   6.7049882e-02
   2.2800000e+00   6.5340685e-02
   2.2900000e+00   6.4778233e-02
   2.3000000e+00   6.3813780e-02
   2.3100000e+00   6.3144245e-02
   2.3200000e+00   6.2435140e-02
   2.3300000e+00   6.0476730e-02
   2.3400000e+00   6.0713826e-02
   2.3500000e+00   6.1535252e-02
   2.3600000e+00   5.9694372e-02
   2.3700000e+00   6.0428509e-02
   2.3800000e+00   5.6179913e-02
   2.3900000e+00   5.4371181e-02
   2.4000000e+00   5.5973670e-02
   2.4100000e+00   5.4134655e-02
   2.4200000e+00   5.4942580e-02
   2.4300000e+00   5.5001559e-02
   2.4400000e+00   5.3797445e-02
   2.4500000e+00   5.1000778e-02
   2.4600000e+00   5.2951457e-02
   2.4700000e+00   4.9601469e-02
   2.4800000e+00   4.9300691e-02
   2.4900000e+00   4.9197158e-02
   2.5000000e+00   4.7937918e-02
   2.5100000e+00   4.7248001e-02
   2.5200000e+00   4.6858855e-02
   2.5300000e+00   4.6370912e-02
   2.5400000e+00   4.6118251e-02
   2.5500000e+00   4.4115056e-02
   2.5600000e+00   4.4250309e-02
   2.5700000e+00   4.2186230e-02
   2.5800000e+00   4.4045152e-02
   2.5900000e+00   4.1736122e-02
   2.6000000e+00   3.8556050e-02
   2.6100000e+00   4.0209015e-02
   2.6200000e+00   4.0358537e-02
   2.6300000e+00   4.0723008e-02
   2.6400000e+00   3.9261898e-02
   2.6500000e+00   3.9233407e-02
   2.6600000e+00   3.6826467e-02
   2.6700000e+00   3.8662889e-02
   2.6800000e+00   3.5955189e-02
   2.6900000e+00   3.7595599e-02
   2.7000000e+00   3.7605383e-02
   2.7100000e+00   3.5398158e-02
   2.7200000e+00   3.6855406e-02
   2.7300000e+00   3.8166118e-02
   2.7400000e+00   3.6977998e-02
   2.7500000e+00   3.8507593e-02
   2.7600000e+00   3.6385084e-02
   2.7700000e+00   3.6061284e-02
   2.7800000e+00   3.6779321e-02
   2.7900000e+00   3.6624847e-02
   2.8000000e+00   3.6169439e-02
   2.8100000e+00   3.6146541e-02
   2.8200000e+00   3.7358961e-02
   2.8300000e+00   3.4369196e-02
   2.8400000e+00   3.3286214e-02
   2.8500000e+00   3.4766556e-02
   2.8600000e+00   3.0420867e-02
   2.8700000e+00   3.0117394e-02
   2.8800000e+00   3.3673092e-02
   2.8900000e+00   2.7959311e-02
   2.9000000e+00   2.7421287e-02
   2.9100000e+00   3.0263219e-02
   2.9200000e+00   2.8067612e-02
   2.9300000e+00   2.8840932e-02
   2.9400000e+00   2.7102026e-02
   2.9500000e+00   2.5995396e-02
   2.9600000e+00   2.4773976e-02
   2.9700000e+00   2.5857407e-02
   2.9800000e+00   2.3120177e-02
   2.9900000e+00   2.1928319e-02
   3.0000000e+00   2.1192813e-02
   3.0100000e+00   2.0780626e-02
   3.0200000e+00   1.8589739e-02
   3.0300000e+00   1.4344753e-02
   3.0400000e+00   1.2886403e-02
   3.0500000e+00   1.1331704e-02
   3.0600000e+00   1.0227786e-02
   3.0700000e+00   9.4375592e-03
   3.0800000e+00   7.4909271e-03
   3.0900000e+00   6.9046272e-03
   3.1000000e+00   5.1947441e-03
   3.1100000e+00   4.9518357e-03
   3.1200000e+00   4.4879593e-03
   3.1300000e+00   1.8541696e-03
   3.1400000e+00   2.4621409e-03
   3.1500000e+00   1.3437157e-03
   3.1600000e+00  -2.0054845e-04
   3.1700000e+00   1.2415352e-03
   3.1800000e+00  -1.8097004e-03
   3.1900000e+00  -2.0505477e-03
   3.2000000e+00  -2.1075449e-03
   3.2100000e+00  -4.6479847e-03
   3.2200000e+00  -3.9640771e-03
   3.2300000e+00  -4.5252969e-03
   3.2400000e+00  -6.1894832e-03
   3.2500000e+00  -6.1325335e-03
   3.2600000e+00  -7.9190044e-03
   3.2700000e+00  -1.0119285e-02
   3.2800000e+00  -1.1195221e-02
   3.2900000e+00  -1.1583307e-02
   3.3000000e+00  -1.1893000e-02
   3.3100000e+00  -1.4043562e-02
   3.3200000e+00  -1.2591267e-02
   3.3300000e+00  -1.4603057e-02
   3.3400000e+00  -1.4687018e-02
   3.3500000e+00  -1.8523476e-02
   3.3600000e+00  -1.8427946e-02
   3.3700000e+00  -1.9244709e-02
   3.3800000e+00  -1.9353855e-02
   3.3900000e+00  -2.0577752e-02
   3.4000000e+00  -1.9991001e-02
   3.4100000e+00  -2.0358168e-02
   3.4200000e+00  -2.2773924e-02
   3.4300000e+00  -2.5860930e-02
   3.4400000e+00  -2.7636343e-02
   3.4500000e+00  -2.9777016e-02
   3.4600000e+00  -3.1328266e-02
   3.4700000e+00  -3.0648705e-02
   3.4800000e+00  -3.1803312e-02
   3.4900000e+00  -3.8558176e-02
   3.5000000e+00  -3.4427375e-02
   3.5100000e+00  -3.7282146e-02
   3.5200000e+00  -3.6014914e-02
   3.5300000e+00  -3.7808098e-02
   3.5400000e+00  -3.8920097e-02
   3.5500000e+00  -4.0548566e-02
   3.5600000e+00  -4.3705298e-02
   3.5700000e+00  -4.1250521e-02
   3.5800000e+00  -4.1134782e-02
   3.5900000e+00  -4.2329399e-02
   3.6000000e+00  -4.2461825e-02
   3.6100000e+00  -4.5247615e-02
   3.6200000e+00  -4.4526620e-02
   3.6300000e+00  -4.6333938e-02
   3.6400000e+00  -4.5922849e-02
   3.6500000e+00  -4.6856458e-02
   3.6600000e+00  -4.8234420e-02
   3.6700000e+00  -5.0443934e-02
   3.6800000e+00  -4.8909103e-02
   3.6900000e+00  -5.0148854e-02
   3.7000000e+00  -5.1536797e-02
   3.7100000e+00  -5.0034026e-02
   3.7200000e+00  -5.1310421e-02
   3.7300000e+00  -5.4045841e-02
   3.7400000e+00  -5.3222992e-02
   3.7500000e+00  -5.3919864e-02
   3.7600000e+00  -5.4764606e-02
   3.7700000e+00  -5.7275664e-02
   3.7800000e+00  -5.5433553e-02
   3.7900000e+00  -5.5265528e-02
   3.8000000e+00  -5.6882136e-02
   3.8100000e+00  -5.8953091e-02
   3.8200000e+00  -5.8837445e-02
   3.8300000e+00  -5.9959937e-02
   3.8400000e+00  -6.1933027e-02
   3.8500000e+00  -6.1528212e-02
   3.8600000e+00  -6.3267847e-02
   3.8700000e+00  -6.5617865e-02
   3.8800000e+00  -6.6008760e-02
   3.8900000e+00  -6.5281610e-02
   3.9000000e+00  -6.8030743e-02
   3.9100000e+00  -6.9343575e-02
   3.9200000e+00  -7.0249566e-02
   3.9300000e+00  -7.1552140e-02
   3.9400000e+00  -6.9623357e-02
   3.9500000e+00  -7.3023238e-02
   3.9600000e+00  -7.1202798e-02
   3.9700000e+00  -7.4364021e-02
   3.9800000e+00  -7.3910033e-02
   3.9900000e+00  -7.2497174e-02
   4.0000000e+00  -7.4527989e-02
   4.0100000e+00  -7.4426871e-02
   4.0200000e+00  -7.3773306e-02
   4.0300000e+00  -7.4463181e-02
   4.0400000e+00  -7.6353300e-02
   4.0500000e+00  -7.5789805e-02
   4.0600000e+00  -7.6011676e-02
   4.0700000e+00  -7.4144863e-02
   4.0800000e+00  -7.4820785e-02
   4.0900000e+00  -7.7405729e-02
   4.1000000e+00  -7.7451641e-02
   4.1100000e+00  -8.0237727e-02
   4.1200000e+00  -7.9921847e-02
   4.1300000e+00  -8.0487207e-02
   4.1400000e+00  -8.1770825e-02
   4.1500000e+00  -8.3438096e-02
   4.1600000e+00  -8.3390461e-02
   4.1700000e+00  -8.3926638e-02
   4.1800000e+00  -8.5911811e-02
   4.1900000e+00  -8.5953378e-02
   4.2000000e+00  -8.6495478e-02
   4.2100000e+00  -8.6861743e-02
   4.2200000e+00  -8.7060439e-02
   4.2300000e+00  -9.0423462e-02
   4.2400000e+00  -8.8760861e-02
   4.2500000e+00  -8.9921858e-02
   4.2600000e+00  -9.2350292e-02
   4.2700000e+00  -9.1469636e-02
   4.2800000e+00  -9.1017620e-02
   4.2900000e+00  -9.2586105e-02
   4.3000000e+00  -9.5182869e-02
   4.3100000e+00  -9.4025445e-02
   4.3200000e+00  -9.2315397e-02
   4.3300000e+00  -9.6751453e-02
   4.3400000e+00  -9.5865302e-02
   4.3500000e+00  -9.5632417e-02
   4.3600000e+00  -9.4422089e-02
   4.3700000e+00  -9.5986036e-02
   4.3800000e+00  -9.6083920e-02
   4.3900000e+00  -9.5122822e-02
   4.4000000e+00  -9.8009919e-02
   4.4100000e+00  -9.4893525e-02
   4.4200000e+00  -9.4033719e-02
   4.4300000e+00  -9.6271040e-02
   4.4400000e+00  -9.7164979e-02
   4.4500000e+00  -9.3439921e-02
   4.4600000e+00  -9.4134142e-02
   4.4700000e+00  -9.4477047e-02
   4.4800000e+00  -9.5748089e-02
   4.4900000e+00  -9.4289537e-02
   4.5000000e+00  -9.6547285e-02
   4.5100000e+00  -9.4306250e-02
   4.5200000e+00  -9.4751645e-02
   4.5300000e+00  -9.6896290e-02
   4.5400000e+00  -9.5467192e-02
   4.5500000e+00  -9.5878187e-02
   4.5600000e+00  -9.6853373e-02
   4.5700000e+00  -9.5832897e-02
   4.5800000e+00  -9.6294031e-02
   4.5900000e+00  -9.7926362e-02
   4.6000000e+00  -9.9161284e-02
   4.6100000e+00  -9.7111612e-02
   4.6200000e+00  -9.7888385e-02
   4.6300000e+00  -9.8647400e-02
   4.6400000e+00  -9.9743433e-02
   4.6500000e+00  -9.9228464e-02
   4.6600000e+00  -9.9690988e-02
   4.6700000e+00  -1.0077498e-01
   4.6800000e+00  -1.0325970e-01
   4.6900000e+00  -1.0312967e-01
   4.7000000e+00  -1.0257669e-01
   4.7100000e+00  -1.0176557e-01
   4.7200000e+00  -1.0329733e-01
   4.7300000e+00  -1.0593180e-01
   4.7400000e+00  -1.0375201e-01
   4.7500000e+00  -1.0232441e-01
   4.7600000e+00  -1.0384445e-01
   4.7700000e+00  -1.0688535e-01
   4.7800000e+00  -1.0439874e-01
   4.7900000e+00  -1.0428810e-01
   4.8000000e+00  -1.0433184e-01
   4.8100000e+00  -1.0380612e-01
   4.8200000e+00  -1.0295991e-01
   4.8300000e+00  -1.0249821e-01
   4.8400000e+00  -1.0430249e-01
   4.8500000e+00  -1.0200797e-01
   4.8600000e+00  -1.0265491e-01
   4.8700000e+00  -1.0394907e-01
   4.8800000e+00  -1.0127548e-01
   4.8900000e+00  -1.0157715e-01
   4.9000000e+00  -1.0316641e-01
   4.9100000e+00  -1.0302237e-01
   4.9200000e+00  -1.0254237e-01
   4.9300000e+00  -1.0200682e-01
   4.9400000e+00  -9.9242307e-02
   4.9500000e+00  -1.0234469e-01
   4.9600000e+00  -1.0104215e-01
   4.9700000e+00  -1.0139090e-01
   4.9800000e+00  -1.0019939e-01
   4.9900000e+00  -1.0149236e-01
   5.0000000e+00  -1.0093351e-01
   5.0100000e+00  -1.0128903e-01
   5.0200000e+00  -1.0014710e-01
   5.0300000e+00  -9.9213921e-02
   5.0400000e+00  -9.8866689e-02
   5.0500000e+00  -9.7999422e-02
   5.0600000e+00  -9.4496623e-02
   5.0700000e+00  -9.7682957e-02
   5.0800000e+00  -9.3485839e-02
   5.0900000e+00  -9.3825998e-02
   5.1000000e+00  -9.3935751e-02
   5.1100000e+00  -9.5236231e-02
   5.1200000e+00  -9.4392106e-02
   5.1300000e+00  -9.4697027e-02
   5.1400000e+00  -9.4273366e-02
   5.1500000e+00  -9.3774683e-02
   5.1600000e+00  -9.4910411e-02
   5.1700000e+00  -9.2742827e-02
   5.1800000e+00  -9.2140748e-02
   5.1900000e+00  -8.8907307e-02
   5.2000000e+00  -9.1526179e-02
   5.2100000e+00  -8.7528727e-02
   5.2200000e+00  -8.6618400e-02
   5.2300000e+00  -8.8632370e-02
   5.2400000e+00  -8.7048045e-02
   5.2500000e+00  -9.0267048e-02
   5.2600000e+00  -8.8020881e-02
   5.2700000e+00  -8.8764585e-02
   5.2800000e+00  -8.7308430e-02
   5.2900000e+00  -8.8421439e-02
   5.3000000e+00  -8.6600214e-02
   5.3100000e+00  -8.8596516e-02
   5.3200000e+00  -8.5622170e-02
   5.3300000e+00  -8.7899219e-02
   5.3400000e+00  -8.5530553e-02
   5.3500000e+00  -8.6137215e-02
   5.3600000e+00  -8.4632243e-02
   5.3700000e+00  -8.4102326e-02
   5.3800000e+00  -8.5189307e-02
   5.3900000e+00  -8.2451942e-02
   5.4000000e+00  -8.2552547e-02
   5.4100000e+00  -8.2482249e-02
   5.4200000e+00  -8.1891661e-02
   5.4300000e+00  -8.0915991e-02
   5.4400000e+00  -8.0885742e-02
   5.4500000e+00  -8.0291389e-02
   5.4600000e+00  -7.8319677e-02
   5.4700000e+00  -7.9341683e-02
   5.4800000e+00  -7.5820054e-02
   5.4900000e+00  -7.4291931e-02
   5.5000000e+00  -7.4915246e-02
   5.5100000e+00  -7.2690991e-02
   5.5200000e+00  -7.2391368e-02
   5.5300000e+00  -7.0545574e-02
   5.5400000e+00  -7.0808524e-02
   5.5500000e+00  -6.8019181e-02
   5.5600000e+00  -6.6493113e-02
   5.5700000e+00  -6.6224703e-02
   5.5800000e+00  -6.5244578e-02
   5.5900000e+00  -6.4863025e-02
   5.6000000e+00  -6.4135337e-02
   5.6100000e+00  -6.4386659e-02
   5.6200000e+00  -6.3130358e-02
   5.6300000e+00  -6.2650113e-02
   5.6400000e+00  -6.3100485e-02
   5.6500000e+00  -6.2446168e-02
   5.6600000e+00  -5.9885311e-02
   5.6700000e+00  -5.7576705e-02
   5.6800000e+00  -5.8159026e-02
   5.6900000e+00  -5.6580729e-02
   5.7000000e+00  -6.0198174e-02
   5.7100000e+00  -5.8188138e-02
   5.7200000e+00  -5.7845239e-02
   5.7300000e+00  -5.8241302e-02
   5.7400000e+00  -5.6150791e-02
   5.7500000e+00  -5.3148514e-02
   5.7600000e+00  -5.5988609e-02
   5.7700000e+00  -5.4022788e-02
   5.7800000e+00  -5.1129621e-02
   5.7900000e+00  -4.9625526e-02
   5.8000000e+00  -4.9698864e-02
   5.8100000e+00  -5.0725718e-02
   5.8200000e+00  -4.9540938e-02
   5.8300000e+00  -4.7718255e-02
   5.8400000e+00  -4.7548214e-02
   5.8500000e+00  -4.7376063e-02
   5.8600000e+00  -4.2108579e-02
   5.8700000e+00  -4.4646247e-02
   5.8800000e+00  -4.2371115e-02
   5.8900000e+00  -4.0743452e-02
   5.9000000e+00  -4.1538458e-02
   5.9100000e+00  -3.9003746e-02
   5.9200000e+00  -3.8896707e-02
   5.9300000e+00  -3.8535894e-02
   5.9400000e+00  -3.5526812e-02
   5.9500000e+00  -3.5808591e-02
   5.9600000e+00  -3.5400952e-02
   5.9700000e+00  -3.4202539e-02
   5.9800000e+00  -3.1777604e-02
   5.9900000e+00  -3.1379818e-02
   6.0000000e+00  -2.9121814e-02
   6.0100000e+00  -2.8519390e-02
   6.0200000e+00  -2.5706363e-02
   6.0300000e+00  -2.5866579e-02
   6.0400000e+00  -2.7504470e-02
   6.0500000e+00  -2.6453176e-02
   6.0600000e+00  -2.5771293e-02
   6.0700000e+00  -2.1516859e-02
   6.0800000e+00  -2.4317957e-02
   6.0900000e+00  -2.3146189e-02
   6.1000000e+00  -2.1214081e-02
   6.1100000e+00  -2.1100949e-02
   6.1200000e+00  -1.9737941e-02
   6.1300000e+00  -2.0595678e-02
   6.1400000e+00  -1.8420477e-02
   6.1500000e+00  -1.8705315e-02
   6.1600000e+00  -1.8208755e-02
   6.1700000e+00  -1.5933785e-02
   6.1800000e+00  -1.5322521e-02
   6.1900000e+00  -1.5343119e-02
   6.2000000e+00  -1.4611263e-02
   6.2100000e+00  -1.5008586e-02
   6.2200000e+00  -1.3008976e-02
   6.2300000e+00  -1.1520790e-02
   6.2400000e+00  -1.3766272e-02
   6.2500000e+00  -1.1598987e-02
   6.2600000e+00  -1.1142558e-02
   6.2700000e+00  -9.6101142e-03
   6.2800000e+00  -9.0285229e-03
   6.2900000e+00  -7.9389349e-03
   6.3000000e+00  -3.6457883e-03
   6.3100000e+00  -2.6535437e-03
   6.3200000e+00  -2.3848899e-03
   6.3300000e+00   8.5830058e-04
   6.3400000e+00   9.8277979e-04
   6.3500000e+00   1.4590367e-03
   6.3600000e+00   2.4038808e-03
   6.3700000e+00   3.9221994e-03
   6.3800000e+00   6.4928979e-03
   6.3900000e+00   6.6549175e-03
   6.4000000e+00   7.4364399e-03
   6.4100000e+00   9.6214281e-03
   6.4200000e+00   1.0502635e-02
   6.4300000e+00   1.1867797e-02
   6.4400000e+00   1.0767160e-02
   6.4500000e+00   1.3582816e-02
   6.4600000e+00   1.6034096e-02
   6.4700000e+00   1.6837455e-02
   6.4800000e+00   1.5942357e-02
   6.4900000e+00   1.8057792e-02
   6.5000000e+00   1.9705689e-02
   6.5100000e+00   2.1414373e-02
   6.5200000e+00   2.0024942e-02
   6.5300000e+00   2.2149256e-02
   6.5400000e+00   2.1778513e-02
   6.5500000e+00   2.2030041e-02
   6.5600000e+00   2.3467197e-02
   6.5700000e+00   2.5559653e-02
   6.5800000e+00   2.5564142e-02
   6.5900000e+00   2.7485120e-02
   6.6000000e+00   2.8113119e-02
   6.6100000e+00   2.8242109e-02
   6.6200000e+00   2.8486916e-02
   6.6300000e+00   2.8574366e-02
   6.6400000e+00   2.9594534e-02
   6.6500000e+00   3.1350503e-02
   6.6600000e+00   3.1020837e-02
   6.6700000e+00   3.2183694e-02
   6.6800000e+00   3.4875525e-02
   6.6900000e+00   3.2307551e-02
   6.7000000e+00   3.5722160e-02
   6.7100000e+00   3.3971124e-02
   6.7200000e+00   3.7957370e-02
   6.7300000e+00   4.0279252e-02
   6.7400000e+00   4.0870150e-02
   6.7500000e+00   3.8995350e-02
   6.7600000e+00   3.9869487e-02
   6.7700000e+00   4.3287125e-02
   6.7800000e+00   4.2379840e-02
   6.7900000e+00   4.3924063e-02
   6.8000000e+00   4.5257589e-02
   6.8100000e+00   4.4383590e-02
   6.8200000e+00   4.6984982e-02
   6.8300000e+00   4.5209546e-02
   6.8400000e+00   4.8944412e-02
   6.8500000e+00   4.7409336e-02
   6.8600000e+00   5.0252345e-02
   6.8700000e+00   5.0934370e-02
   6.8800000e+00   5.0766452e-02
   6.8900000e+00   5.2267534e-02
   6.9000000e+00   5.4478041e-02
   6.9100000e+00   5.4706430e-02
   6.9200000e+00   5.4538255e-02
   6.9300000e+00   5.5840652e-02
   6.9400000e+00   5.6014858e-02
   6.9500000e+00   5.9001736e-02
   6.9600000e+00   5.5813369e-02
   6.9700000e+00   6.0082793e-02
   6.9800000e+00   6.1179892e-02
   6.9900000e+00   6.0070786e-02
   7.0000000e+00   6.1529507e-02
   7.0100000e+00   6.3632656e-02
   7.0200000e+00   6.5967409e-02
   7.0300000e+00   6.5969916e-02
   7.0400000e+00   6.7621786e-02
   7.0500000e+00   6.8838802e-02
   7.0600000e+00   6.8849535e-02
   7.0700000e+00   6.8295625e-02
   7.0800000e+00   6.8638822e-02
   7.0900000e+00   6.9521930e-02
   7.1000000e+00   7.0086348e-02
   7.1100000e+00   7.1492870e-02
   7.1200000e+00   7.1137630e-02
   7.1300000e+00   7.2791220e-02
   7.1400000e+00   7.4327030e-02
   7.1500000e+00   7.4005942e-02
   7.1600000e+00   7.5559164e-02
   7.1700000e+00   7.6188098e-02
   7.1800000e+00   7.7122984e-02
   7.1900000e+00   7.8848686e-02
   7.2000000e+00   7.8188781e-02
   7.2100000e+00   7.8815023e-02
   7.2200000e+00   8.0513602e-02
   7.2300000e+00   8.1030869e-02
   7.2400000e+00   8.1090411e-02
   7.2500000e+00   7.9176940e-02
   7.2600000e+00   8.4064163e-02
   7.2700000e+00   8.2240148e-02
   7.2800000e+00   8.3531701e-02
   7.2900000e+00   8.2651726e-02
   7.3000000e+00   8.6079068e-02
   7.3100000e+00   8.6217712e-02
   7.3200000e+00   8.6233436e-02
   7.3300000e+00   8.6358597e-02
   7.3400000e+00   8.9031683e-02
   7.3500000e+00   8.6480722e-02
   7.3600000e+00   8.8488225e-02
   7.3700000e+00   8.8111184e-02
   7.3800000e+00   8.9271136e-02
   7.3900000e+00   8.9344487e-02
   7.4000000e+00   9.1041752e-02
   7.4100000e+00   8.8416300e-02
   7.4200000e+00   9.1537485e-02
   7.4300000e+00   9.4130419e-02
   7.4400000e+00   9.1215632e-02
   7.4500000e+00   9.2751972e-02
   7.4600000e+00   9.0849355e-02
   7.4700000e+00   9.3657687e-02
   7.4800000e+00   9.3212411e-02
   7.4900000e+00   9.4450840e-02
   7.5000000e+00   9.4007583e-02
   7.5100000e+00   9.4973469e-02
   7.5200000e+00   9.4262656e-02
   7.5300000e+00   9.6074660e-02
   7.5400000e+00   9.5424701e-02
   7.5500000e+00   9.5236567e-02
   7.5600000e+00   9.6131308e-02
   7.5700000e+00   9.3211322e-02
   7.5800000e+00   9.6400648e-02
   7.5900000e+00   9.8660519e-02
   7.6000000e+00   9.6614169e-02
   7.6100000e+00   9.4892939e-02
   7.6200000e+00   9.5812521e-02
   7.6300000e+00   9.6124824e-02
   7.6400000e+00   9.7734975e-02
   7.6500000e+00   9.8167217e-02
   7.6600000e+00   9.8695748e-02
   7.6700000e+00   9.8991885e-02
   7.6800000e+00   9.9547401e-02
   7.6900000e+00   9.8222515e-02
   7.7000000e+00   1.0079912e-01
   7.7100000e+00   1.0017502e-01
   7.7200000e+00   9.9859583e-02
   7.7300000e+00   1.0429155e-01
   7.7400000e+00   1.0351292e-01
   7.7500000e+00   1.0106707e-01
   7.7600000e+00   1.0072976e-01
   7.7700000e+00   1.0204959e-01
   7.7800000e+00   1.0332867e-01
   7.7900000e+00   1.0188962e-01
   7.8000000e+00   1.0217002e-01
   7.8100000e+00   1.0015518e-01
   7.8200000e+00   1.0250371e-01
   7.8300000e+00   1.0210050e-01
   7.8400000e+00   1.0089154e-01
   7.8500000e+00   1.0173284e-01
   7.8600000e+00   1.0116158e-01
   7.8700000e+00   1.0129768e-01
   7.8800000e+00   9.9381299e-02
   7.8900000e+00   9.9328858e-02
   7.9000000e+00   1.0021151e-01
   7.9100000e+00   1.0106133e-01
   7.9200000e+00   1.0050860e-01
   7.9300000e+00   9.8790437e-02
   7.9400000e+00   9.9504411e-02
   7.9500000e+00   9.9079149e-02
   7.9600000e+00   9.9652653e-02
   7.9700000e+00   9.7192387e-02
   7.9800000e+00   9.8246939e-02
   7.9900000e+00   9.8591313e-02
   8.0000000e+00   9.6377720e-02
   8.0100000e+00   9.7474127e-02
   8.0200000e+00   9.7343029e-02
   8.0300000e+00   9.6246153e-02
   8.0400000e+00   9.6577036e-02
   8.0500000e+00   9.6685443e-02
   8.0600000e+00   9.6851817e-02
   8.0700000e+00   9.6234552e-02
   8.0800000e+00   9.6688444e-02
   8.0900000e+00   9.5470211e-02
   8.1000000e+00   9.6163809e-02
   8.1100000e+00   9.3763752e-02
   8.1200000e+00   9.4005572e-02
   8.1300000e+00   9.6596270e-02
   8.1400000e+00   9.3178753e-02
   8.1500000e+00   9.3526754e-02
   8.1600000e+00   9.6456407e-02
   8.1700000e+00   9.3112086e-02
   8.1800000e+00   9.2851853e-02
   8.1900000e+00   9.3896214e-02
   8.2000000e+00   9.4109258e-02
   8.2100000e+00   9.2428120e-02
   8.2200000e+00   9.2456605e-02
   8.2300000e+00   9.3652929e-02
   8.2400000e+00   9.3657468e-02
   8.2500000e+00   9.2439822e-02
   8.2600000e+00   9.3813915e-02
   8.2700000e+00   9.4335766e-02
   8.2800000e+00   9.3973554e-02
   8.2900000e+00   9.1891119e-02
   8.3000000e+00   9.4126817e-02
   8.3100000e+00   9.3214433e-02
   8.3200000e+00   9.3291850e-02
   8.3300000e+00   9.3950580e-02
   8.3400000e+00   9.0995045e-02
   8.3500000e+00   9.3477830e-02
   8.3600000e+00   9.3139661e-02
   8.3700000e+00   9.1907217e-02
   8.3800000e+00   9.0485962e-02
   8.3900000e+00   9.0707578e-02
   8.4000000e+00   8.9727403e-02
   8.4100000e+00   8.8153483e-02
   8.4200000e+00   8.5422042e-02
   8.4300000e+00   8.4300606e-02
   8.4400000e+00   8.3198780e-02
   8.4500000e+00   8.3295038e-02
   8.4600000e+00   8.4646388e-02
   8.4700000e+00   8.2197604e-02
   8.4800000e+00   8.1603324e-02
   8.4900000e+00   7.9778211e-02
   8.5000000e+00   7.9765628e-02
   8.5100000e+00   8.0027785e-02
   8.5200000e+00   7.8550398e-02
   8.5300000e+00   7.8386112e-02
   8.5400000e+00   7.8192522e-02
   8.5500000e+00   7.8078507e-02
   8.5600000e+00   7.7071531e-02
   8.5700000e+00   7.5665517e-02
   8.5800000e+00   7.4686790e-02
   8.5900000e+00   7.6651468e-02
   8.6000000e+00   7.4817360e-02
   8.6100000e+00   7.5478383e-02
   8.6200000e+00   7.4591344e-02
   8.6300000e+00   7.3943738e-02
   8.6400000e+00   7.2444068e-02
   8.6500000e+00   7.3305040e-02
   8.6600000e+00   7.4368767e-02
   8.6700000e+00   7.4424303e-02
   8.6800000e+00   7.5338567e-02
   8.6900000e+00   7.1730771e-02
   8.7000000e+00   7.1052276e-02
   8.7100000e+00   7.2221362e-02
   8.7200000e+00   6.9164072e-02
   8.7300000e+00   7.0563408e-02
   8.7400000e+00   6.7870067e-02
   8.7500000e+00   6.8230093e-02
   8.7600000e+00   6.6431005e-02
   8.7700000e+00   6.5112543e-02
   8.7800000e+00   6.4206042e-02
   8.7900000e+00   6.1562674e-02
   8.8000000e+00   6.2756465e-02
   8.8100000e+00   6.2000504e-02
   8.8200000e+00   6.1436927e-02
   8.8300000e+00   5.8837805e-02
   8.8400000e+00   5.8723155e-02
   8.8500000e+00   5.5598356e-02
   8.8600000e+00   5.5861973e-02
   8.8700000e+00   5.3937424e-02
   8.8800000e+00   5.2102807e-02
   8.8900000e+00   5.2621749e-02
   8.9000000e+00   5.0874243e-02
   8.9100000e+00   4.9811368e-02
   8.9200000e+00   4.8315310e-02
   8.9300000e+00   4.6982091e-02
   8.9400000e+00   4.6975885e-02
   8.9500000e+00   4.5736941e-02
   8.9600000e+00   4.3973838e-02
   8.9700000e+00   4.3118428e-02
   8.9800000e+00   4.3054893e-02
   8.9900000e+00   4.0224629e-02
   9.0000000e+00   4.1017835e-02
   9.0100000e+00   3.8331031e-02
   9.0200000e+00   3.9020912e-02
   9.0300000e+00   3.8537081e-02
   9.0400000e+00   3.6696854e-02
   9.0500000e+00   3.3626577e-02
   9.0600000e+00   3.4079848e-02
   9.0700000e+00   3.3825479e-02
   9.0800000e+00   3.3829547e-02
   9.0900000e+00   2.9639764e-02
   9.1000000e+00   3.2138238e-02
   9.1100000e+00   3.3152976e-02
   9.1200000e+00   3.3374865e-02
   9.1300000e+00   3.1949343e-02
   9.1400000e+00   2.9991576e-02
   9.1500000e+00   2.8084026e-02
   9.1600000e+00   2.8173379e-02
   9.1700000e+00   2.6972151e-02
   9.1800000e+00   2.5686288e-02
   9.1900000e+00   2.5339132e-02
   9.2000000e+00   2.3870931e-02
   9.2100000e+00   2.3723980e-02
   9.2200000e+00   2.1768803e-02
   9.2300000e+00   2.1152355e-02
   9.2400000e+00   1.8875988e-02
   9.2500000e+00   1.9138583e-02
   9.2600000e+00   1.8397433e-02
   9.2700000e+00   1.9664890e-02
   9.2800000e+00   1.6427274e-02
   9.2900000e+00   1.3507575e-02
   9.3000000e+00   1.6178300e-02
   9.3100000e+00   1.3895722e-02
   9.3200000e+00   1.1701305e-02
   9.3300000e+00   1.2747550e-02
   9.3400000e+00   1.1757309e-02
   9.3500000e+00   9.6218044e-03
   9.3600000e+00   9.9943994e-03
   9.3700000e+00   7.3763033e-03
   9.3800000e+00   6.4375876e-03
   9.3900000e+00   5.3484201e-03
   9.4000000e+00   5.4955531e-03
   9.4100000e+00   5.1927250e-03
   9.4200000e+00   3.3690753e-03
   9.4300000e+00   1.6353862e-03
   9.4400000e+00   4.3103393e-03
   9.4500000e+00   1.4996823e-03
   9.4600000e+00  -1.2433273e-03
   9.4700000e+00   3.8172341e-04
   9.4800000e+00  -2.3666631e-03
   9.4900000e+00  -2.2947593e-03
   9.5000000e+00  -2.2660397e-03
   9.5100000e+00  -4.8120627e-03
   9.5200000e+00  -6.1489802e-03
   9.5300000e+00  -5.2297814e-03
   9.5400000e+00  -6.9442645e-03
   9.5500000e+00  -9.3379293e-03
   9.5600000e+00  -1.0835423e-02
   9.5700000e+00  -1.0759883e-02
   9.5800000e+00  -1.1199249e-02
   9.5900000e+00  -1.3267406e-02
   9.6000000e+00  -1.3864280e-02
   9.6100000e+00  -1.3711596e-02
   9.6200000e+00  -1.5330272e-02
   9.6300000e+00  -1.7803748e-02
   9.6400000e+00  -1.8301064e-02
   9.6500000e+00  -2.0099904e-02
   9.6600000e+00  -1.9763096e-02
   9.6700000e+00  -1.8356967e-02
   9.6800000e+00  -2.1098020e-02
   9.6900000e+00  -2.1787564e-02
   9.7000000e+00  -2.2094637e-02
   9.7100000e+00  -2.4787215e-02
   9.7200000e+00  -2.6028195e-02
   9.7300000e+00  -2.5802704e-02
   9.7400000e+00  -2.4080310e-02
   9.7500000e+00  -2.6806021e-02
   9.7600000e+00  -2.5859763e-02
   9.7700000e+00  -2.7300260e-02
   9.7800000e+00  -2.8508878e-02
   9.7900000e+00  -2.8159784e-02
   9.8000000e+00  -2.9545064e-02
   9.8100000e+00  -2.7785601e-02
   9.8200000e+00  -2.8408435e-02
   9.8300000e+00  -3.2335135e-02
   9.8400000e+00  -3.1118006e-02
   9.8500000e+00  -3.2021106e-02
   9.8600000e+00  -3.2341369e-02
   9.8700000e+00  -3.3787096e-02
   9.8800000e+00  -3.6987425e-02
   9.8900000e+00  -4.0253616e-02
   9.9000000e+00  -4.2052293e-02
   9.9100000e+00  -4.2960619e-02
   9.9200000e+00  -4.4439950e-02
   9.9300000e+00  -4.5971132e-02
   9.9400000e+00  -4.8193281e-02
   9.9500000e+00  -4.9845670e-02
   9.9600000e+00  -5.2981626e-02
   9.9700000e+00  -5.2947395e-02
   9.9800000e+00  -5.5544334e-02
   9.9900000e+00  -5.5744670e-02
   1.0000000e+01  -5.7777935e-02
   1.0010000e+01  -5.8016980e-02
   1.0020000e+01  -6.1246172e-02
   1.0030000e+01  -5.9643365e-02
   1.0040000e+01  -6.2306368e-02
   1.0050000e+01  -6.3795754e-02
   1.0060000e+01  -6.3074796e-02
   1.0070000e+01  -6.4697095e-02
   1.0080000e+01  -6.8500002e-02
   1.0090000e+01  -6.9425112e-02
   1.0100000e+01  -6.8393028e-02
   1.0110000e+01  -6.9937623e-02
   1.0120000e+01  -7.2261016e-02
   1.0130000e+01  -7.1359345e-02
   1.0140000e+01  -7.3069927e-02
   1.0150000e+01  -7.4546157e-02
   1.0160000e+01  -7.5083365e-02
   1.0170000e+01  -7.3220821e-02
   1.0180000e+01  -7.4121306e-02
   1.0190000e+01  -7.4462051e-02
   1.0200000e+01  -7.5233874e-02
   1.0210000e+01  -7.4405256e-02
   1.0220000e+01  -7.3185748e-02
   1.0230000e+01  -7.3728966e-02
   1.0240000e+01  -7.6903558e-02
   1.0250000e+01  -7.3569212e-02
   1.0260000e+01  -7.5683017e-02
   1.0270000e+01  -7.2013821e-02
   1.0280000e+01  -7.3535770e-02
   1.0290000e+01  -7.3710482e-02
   1.0300000e+01  -7.5338388e-02
   1.0310000e+01  -7.6280132e-02
   1.0320000e+01  -7.6691883e-02
   1.0330000e+01  -7.5824486e-02
   1.0340000e+01  -7.5676080e-02
   1.0350000e+01  -7.6023020e-02
   1.0360000e+01  -7.7620092e-02
   1.0370000e+01  -7.6355606e-02
   1.0380000e+01  -7.6869942e-02
   1.0390000e+01  -7.9167988e-02
   1.0400000e+01  -7.9202035e-02
   1.0410000e+01  -7.9617012e-02
   1.0420000e+01  -8.0325264e-02
   1.0430000e+01  -8.0847134e-02
   1.0440000e+01  -8.1510603e-02
   1.0450000e+01  -8.1235756e-02
   1.0460000e+01  -7.8969662e-02
   1.0470000e+01  -8.2228820e-02
   1.0480000e+01  -8.3792649e-02
   1.0490000e+01  -8.3860445e-02
   1.0500000e+01  -8.6266080e-02
   1.0510000e+01  -8.6884934e-02
   1.0520000e+01  -8.8428862e-02
   1.0530000e+01  -8.8878916e-02
   1.0540000e+01  -8.8768020e-02
   1.0550000e+01  -8.9249355e-02
   1.0560000e+01  -9.1626076e-02
   1.0570000e+01  -9.0737039e-02
   1.0580000e+01  -9.1964856e-02
   1.0590000e+01  -9.3926056e-02
   1.0600000e+01  -9.5307339e-02
   1.0610000e+01  -9.5147667e-02
   1.0620000e+01  -9.3915181e-02
   1.0630000e+01  -9.4909988e-02
   1.0640000e+01  -9.7357418e-02
   1.0650000e+01  -9.6231808e-02
   1.0660000e+01  -9.8147274e-02
   1.0670000e+01  -9.6301152e-02
   1.0680000e+01  -9.7934370e-02
   1.0690000e+01  -9.6602535e-02
   1.0700000e+01  -9.9451388e-02
   1.0710000e+01  -9.8651339e-02
   1.0720000e+01  -9.5786320e-02
   1.0730000e+01  -9.8376407e-02
   1.0740000e+01  -9.6635444e-02
   1.0750000e+01  -1.0007958e-01
   1.0760000e+01  -9.9422565e-02
   1.0770000e+01  -9.7117611e-02
   1.0780000e+01  -9.8256658e-02
   1.0790000e+01  -9.8936610e-02
   1.0800000e+01  -9.6064784e-02
   1.0810000e+01  -9.8136149e-02
   1.0820000e+01  -9.6451355e-02
   1.0830000e+01  -9.6210971e-02
   1.0840000e+01  -9.3037493e-02
   1.0850000e+01  -9.6418427e-02
   1.0860000e+01  -9.7250101e-02
   1.0870000e+01  -9.5301612e-02
   1.0880000e+01  -9.6981280e-02
   1.0890000e+01  -9.4788452e-02
   1.0900000e+01  -9.5648794e-02
   1.0910000e+01  -9.6664815e-02
   1.0920000e+01  -9.6673091e-02
   1.0930000e+01  -9.7387812e-02
   1.0940000e+01  -1.0006320e-01
   1.0950000e+01  -1.0011408e-01
   1.0960000e+01  -1.0139610e-01
   1.0970000e+01  -9.7501449e-02
   1.0980000e+01  -9.8792265e-02
   1.0990000e+01  -1.0006874e-01
   1.1000000e+01  -1.0042399e-01
   1.1010000e+01  -1.0210121e-01
   1.1020000e+01  -1.0256754e-01
   1.1030000e+01  -1.0070124e-01
   1.1040000e+01  -1.0036356e-01
   1.1050000e+01  -1.0122317e-01
   1.1060000e+01  -1.0179686e-01
   1.1070000e+01  -1.0178795e-01
   1.1080000e+01  -1.0101715e-01
   1.1090000e+01  -1.0072724e-01
   1.1100000e+01  -1.0142247e-01
   1.1110000e+01  -1.0067128e-01
   1.1120000e+01  -9.9469989e-02
   1.1130000e+01  -9.8028041e-02
   1.1140000e+01  -9.9401531e-02
   1.1150000e+01  -9.7337847e-02
   1.1160000e+01  -9.7863334e-02
   1.1170000e+01  -9.8996481e-02
   1.1180000e+01  -9.8957910e-02
   1.1190000e+01  -9.8622769e-02
   1.1200000e+01  -9.6793946e-02
   1.1210000e+01  -9.9191253e-02
   1.1220000e+01  -9.7711880e-02
   1.1230000e+01  -9.8166569e-02
   1.1240000e+01  -9.6828305e-02
   1.1250000e+01  -9.5658838e-02
   1.1260000e+01  -9.6127472e-02
   1.1270000e+01  -9.6208928e-02
   1.1280000e+01  -9.6304988e-02
   1.1290000e+01  -9.7837397e-02
   1.1300000e+01  -9.5145441e-02
   1.1310000e+01  -9.6285320e-02
   1.1320000e+01  -9.6472653e-02
   1.1330000e+01  -9.5540784e-02
   1.1340000e+01  -9.4688608e-02
   1.1350000e+01  -9.5896706e-02
   1.1360000e+01  -9.3579604e-02
   1.1370000e+01  -9.4037274e-02
   1.1380000e+01  -9.2785518e-02
   1.1390000e+01  -9.3552259e-02
   1.1400000e+01  -9.2322168e-02
   1.1410000e+01  -9.2114976e-02
   1.1420000e+01  -9.3464510e-02
   1.1430000e+01  -9.1921307e-02
   1.1440000e+01  -9.3358185e-02
   1.1450000e+01  -9.3138909e-02
   1.1460000e+01  -9.0446896e-02
   1.1470000e+01  -9.1406462e-02
   1.1480000e+01  -8.8562627e-02
   1.1490000e+01  -8.8523078e-02
   1.1500000e+01  -8.6346504e-02
   1.1510000e+01  -8.9974123e-02
   1.1520000e+01  -8.7773398e-02
   1.1530000e+01  -8.6943893e-02
   1.1540000e+01  -8.5885127e-02
   1.1550000e+01  -8.7302598e-02
   1.1560000e+01  -8.6506416e-02
   1.1570000e+01  -8.5029839e-02
   1.1580000e+01  -8.5204230e-02
   1.1590000e+01  -8.4617124e-02
   1.1600000e+01  -8.3661317e-02
   1.1610000e+01  -8.1685874e-02
   1.1620000e+01  -8.2593990e-02
   1.1630000e+01  -8.3046729e-02
   1.1640000e+01  -8.4227357e-02
   1.1650000e+01  -8.1145404e-02
   1.1660000e+01  -8.1747679e-02
   1.1670000e+01  -8.2763012e-02
   1.1680000e+01  -8.2951009e-02
   1.1690000e+01  -8.0452702e-02
   1.1700000e+01  -8.1136901e-02
   1.1710000e+01  -8.0274351e-02
   1.1720000e+01  -8.1143385e-02
   1.1730000e+01  -7.9129736e-02
   1.1740000e+01  -7.6396449e-02
   1.1750000e+01  -7.7388170e-02
   1.1760000e+01  -7.6955417e-02
   1.1770000e+01  -7.7614714e-02
   1.1780000e+01  -7.5102184e-02
   1.1790000e+01  -7.3404324e-02
   1.1800000e+01  -7.2006273e-02
   1.1810000e+01  -7.0775542e-02
   1.1820000e+01  -6.8255825e-02
   1.1830000e+01  -6.9615019e-02
   1.1840000e+01  -6.9437090e-02
   1.1850000e+01  -6.8303137e-02
   1.1860000e+01  -7.0694241e-02
   1.1870000e+01  -6.6554097e-02
   1.1880000e+01  -6.6133163e-02
   1.1890000e+01  -6.8069421e-02
   1.1900000e+01  -6.5802915e-02
   1.1910000e+01  -6.4226253e-02
   1.1920000e+01  -6.1958526e-02
   1.1930000e+01  -6.3900982e-02
   1.1940000e+01  -6.0074278e-02
   1.1950000e+01  -6.2084356e-02
   1.1960000e+01  -6.1501678e-02
   1.1970000e+01  -6.0129583e-02
   1.1980000e+01  -5.6224669e-02
   1.1990000e+01  -5.6029641e-02
   1.2000000e+01  -5.3510262e-02
   1.2010000e+01  -5.4803138e-02
   1.2020000e+01  -5.4299245e-02
   1.2030000e+01  -5.5668331e-02
   1.2040000e+01  -5.4978191e-02
   1.2050000e+01  -5.2968522e-02
   1.2060000e+01  -5.1274765e-02
   1.2070000e+01  -5.0694350e-02
   1.2080000e+01  -4.8997093e-02
   1.2090000e+01  -5.0271807e-02
   1.2100000e+01  -4.9439001e-02
   1.2110000e+01  -4.5713297e-02
   1.2120000e+01  -4.6666125e-02
   1.2130000e+01  -4.5390912e-02
   1.2140000e+01  -4.5062824e-02
   1.2150000e+01  -4.4407545e-02
   1.2160000e+01  -4.2091071e-02
   1.2170000e+01  -4.1409900e-02
   1.2180000e+01  -4.1798621e-02
   1.2190000e+01  -4.0630000e-02
   1.2200000e+01  -3.8647041e-02
   1.2210000e+01  -3.8021224e-02
   1.2220000e+01  -3.7341504e-02
   1.2230000e+01  -3.4731780e-02
   1.2240000e+01  -3.5040821e-02
   1.2250000e+01  -3.1680055e-02
   1.2260000e+01  -3.3711726e-02
   1.2270000e+01  -3.2026559e-02
   1.2280000e+01  -3.0258457e-02
   1.2290000e+01  -3.1531034e-02
   1.2300000e+01  -2.8989191e-02
   1.2310000e+01  -2.9041078e-02
   1.2320000e+01  -2.7212180e-02
   1.2330000e+01  -2.5885504e-02
   1.2340000e+01  -2.4366357e-02
   1.2350000e+01  -2.5158460e-02
   1.2360000e+01  -2.2993853e-02
   1.2370000e+01  -2.1318202e-02
   1.2380000e+01  -2.2272823e-02
   1.2390000e+01  -2.1898738e-02
   1.2400000e+01  -2.2477605e-02
   1.2410000e+01  -2.0720496e-02
   1.2420000e+01  -2.0328526e-02
   1.2430000e+01  -1.9978888e-02
   1.2440000e+01  -1.8394204e-02
   1.2450000e+01  -1.9346029e-02
   1.2460000e+01  -1.9392137e-02
   1.2470000e+01  -1.7554618e-02
   1.2480000e+01  -1.6832217e-02
   1.2490000e+01  -1.3977583e-02
   1.2500000e+01  -1.6882229e-02
   1.2510000e+01  -1.5017543e-02
   1.2520000e+01  -1.3516076e-02
   1.2530000e+01  -1.2221537e-02
   1.2540000e+01  -1.0661235e-02
   1.2550000e+01  -1.1638602e-02
   1.2560000e+01  -8.1947136e-03
   1.2570000e+01  -8.7965247e-03
   1.2580000e+01  -8.9302646e-03
   1.2590000e+01  -5.5552232e-03
   1.2600000e+01  -6.0239342e-03
   1.2610000e+01  -3.0465792e-03
   1.2620000e+01  -3.5897552e-03
   1.2630000e+01  -3.0847864e-03
   1.2640000e+01   5.7620217e-04
   1.2650000e+01   9.5039992e-04
   1.2660000e+01   2.4180802e-03
   1.2670000e+01   6.6251687e-03
   1.2680000e+01   4.4035151e-03
   1.2690000e+01   7.7180241e-03
   1.2700000e+01   7.6993105e-03
   1.2710000e+01   8.9014103e-03
   1.2720000e+01   1.1193647e-02
   1.2730000e+01   1.3128943e-02
   1.2740000e+01   1.1145716e-02
   1.2750000e+01   1.2735914e-02
   1.2760000e+01   1.5681193e-02
   1.2770000e+01   1.6168428e-02
   1.2780000e+01   1.8902758e-02
   1.2790000e+01   2.0026603e-02
   1.2800000e+01   2.1051970e-02
   1.2810000e+01   2.0499133e-02
   1.2820000e+01   2.1468841e-02
   1.2830000e+01   2.3240849e-02
   1.2840000e+01   2.3520580e-02
   1.2850000e+01   2.4144980e-02
   1.2860000e+01   2.4433191e-02
   1.2870000e+01   2.7012222e-02
   1.2880000e+01   2.8352365e-02
   1.2890000e+01   2.8652209e-02
   1.2900000e+01   3.2070142e-02
   1.2910000e+01   3.0748437e-02
   1.2920000e+01   3.2871826e-02
   1.2930000e+01   3.1192983e-02
   1.2940000e+01   3.3382939e-02
   1.2950000e+01   3.5472676e-02
   1.2960000e+01   3.5423180e-02
   1.2970000e+01   3.5922034e-02
   1.2980000e+01   3.4745413e-02
   1.2990000e+01   3.7969142e-02
   1.3000000e+01   3.8718378e-02
   1.3010000e+01   3.7639756e-02
   1.3020000e+01   3.7189435e-02
   1.3030000e+01   3.9860913e-02
   1.3040000e+01   4.0026615e-02
   1.3050000e+01   4.1405156e-02
   1.3060000e+01   4.1000752e-02
   1.3070000e+01   4.4135540e-02
   1.3080000e+01   4.2881979e-02
   1.3090000e+01   4.5036684e-02
   1.3100000e+01   4.3167471e-02
   1.3110000e+01   4.4666958e-02
   1.3120000e+01   4.6487289e-02
   1.3130000e+01   4.7014315e-02
   1.3140000e+01   4.7842555e-02
   1.3150000e+01   4.5975123e-02
   1.3160000e+01   4.8352347e-02
   1.3170000e+01   5.0092943e-02
   1.3180000e+01   5.2878101e-02
   1.3190000e+01   5.3328515e-02
   1.3200000e+01   5.3127124e-02
   1.3210000e+01   5.2483715e-02
   1.3220000e+01   5.3916082e-02
   1.3230000e+01   5.4891569e-02
   1.3240000e+01   5.7896059e-02
   1.3250000e+01   5.8026739e-02
   1.3260000e+01   5.8067173e-02
   1.3270000e+01   6.0720075e-02
   1.3280000e+01   6.1747878e-02
   1.3290000e+01   6.1880930e-02
   1.3300000e+01   6.4994360e-02
   1.3310000e+01   6.3639026e-02
   1.3320000e+01   6.6733788e-02
   1.3330000e+01   6.6459600e-02
   1.3340000e+01   6.6206243e-02
   1.3350000e+01   6.7617048e-02
   1.3360000e+01   6.6675334e-02
   1.3370000e+01   6.9430443e-02
   1.3380000e+01   7.0761713e-02
   1.3390000e+01   6.8814596e-02
   1.3400000e+01   6.8773705e-02
   1.3410000e+01   7.1019182e-02
   1.3420000e+01   7.2466459e-02
   1.3430000e+01   7.1128377e-02
   1.3440000e+01   7.3646782e-02
   1.3450000e+01   7.6504363e-02
   1.3460000e+01   7.6844624e-02
   1.3470000e+01   7.7361588e-02
   1.3480000e+01   7.8718031e-02
   1.3490000e+01   7.5889728e-02
   1.3500000e+01   7.6921863e-02
   1.3510000e+01   8.0626971e-02
   1.3520000e+01   7.8405805e-02
   1.3530000e+01   7.7729582e-02
   1.3540000e+01   7.8713688e-02
   1.3550000e+01   7.6904310e-02
   1.3560000e+01   7.9656789e-02
   1.3570000e+01   8.0730388e-02
   1.3580000e+01   8.0106280e-02
   1.3590000e+01   7.9964362e-02
   1.3600000e+01   7.9123311e-02
   1.3610000e+01   8.0267633e-02
   1.3620000e+01   8.1764151e-02
   1.3630000e+01   8.3293397e-02
   1.3640000e+01   8.3740128e-02
   1.3650000e+01   8.6212307e-02
   1.3660000e+01   8.5032247e-02
   1.3670000e+01   8.4358744e-02
   1.3680000e+01   8.7452129e-02
   1.3690000e+01   8.5901090e-02
   1.3700000e+01   8.6370593e-02
   1.3710000e+01   8.9568688e-02
   1.3720000e+01   8.7799819e-02
   1.3730000e+01   8.8000612e-02
   1.3740000e+01   9.1951452e-02
   1.3750000e+01   9.2404971e-02
   1.3760000e+01   9.2004648e-02
   1.3770000e+01   9.1624701e-02
   1.3780000e+01   9.1284647e-02
   1.3790000e+01   9.4259749e-02
   1.3800000e+01   9.2425152e-02
   1.3810000e+01   9.4747492e-02
   1.3820000e+01   9.4752763e-02
   1.3830000e+01   9.6296000e-02
   1.3840000e+01   9.5878033e-02
   1.3850000e+01   9.5895707e-02
   1.3860000e+01   9.8494728e-02
   1.3870000e+01   9.7071741e-02
   1.3880000e+01   9.9239021e-02
   1.3890000e+01   9.9020531e-02
   1.3900000e+01   1.0076435e-01
   1.3910000e+01   1.0028265e-01
   1.3920000e+01   1.0140337e-01
   1.3930000e+01   9.9908058e-02
   1.3940000e+01   1.0078472e-01
   1.3950000e+01   1.0050001e-01
   1.3960000e+01   1.0171308e-01
   1.3970000e+01   1.0029077e-01
   1.3980000e+01   1.0173684e-01
   1.3990000e+01   1.0077570e-01
   1.4000000e+01   1.0041276e-01
   1.4010000e+01   1.0064768e-01
   1.4020000e+01   1.0375941e-01
   1.4030000e+01   1.0266662e-01
   1.4040000e+01   1.0134507e-01
   1.4050000e+01   1.0093212e-01
   1.4060000e+01   1.0049985e-01
   1.4070000e+01   1.0289118e-01
   1.4080000e+01   1.0259921e-01
   1.4090000e+01   1.0090881e-01
   1.4100000e+01   1.0163998e-01
   1.4110000e+01   1.0223220e-01
   1.4120000e+01   1.0363895e-01
   1.4130000e+01   1.0147536e-01
   1.4140000e+01   1.0371125e-01
   1.4150000e+01   1.0265734e-01
   1.4160000e+01   1.0391062e-01
   1.4170000e+01   1.0009744e-01
   1.4180000e+01   1.0144695e-01
   1.4190000e+01   1.0354488e-01
   1.4200000e+01   1.0035797e-01
   1.4210000e+01   1.0181018e-01
   1.4220000e+01   1.0165801e-01
   1.4230000e+01   9.9274658e-02
   1.4240000e+01   1.0155264e-01
   1.4250000e+01   1.0056462e-01
   1.4260000e+01   9.9770758e-02
   1.4270000e+01   1.0053049e-01
   1.4280000e+01   1.0143952e-01
   1.4290000e+01   1.0055088e-01
   1.4300000e+01   1.0137956e-01
   1.4310000e+01   1.0022306e-01
   1.4320000e+01   1.0149591e-01
   1.4330000e+01   9.8828704e-02
   1.4340000e+01   9.8261887e-02
   1.4350000e+01   9.9627984e-02
   1.4360000e+01   9.9305171e-02
   1.4370000e+01   1.0102708e-01
   1.4380000e+01   9.8379387e-02
   1.4390000e+01   9.8805857e-02
   1.4400000e+01   9.5715812e-02
   1.4410000e+01   1.0046966e-01
   1.4420000e+01   9.8523823e-02
   1.4430000e+01   9.7408243e-02
   1.4440000e+01   9.8764469e-02
   1.4450000e+01   9.7600094e-02
   1.4460000e+01   9.7379145e-02
   1.4470000e+01   9.8064338e-02
   1.4480000e+01   9.8024785e-02
   1.4490000e+01   9.7683400e-02
   1.4500000e+01   9.7647311e-02
   1.4510000e+01   9.5651183e-02
   1.4520000e+01   9.6128475e-02
   1.4530000e+01   9.6896791e-02
   1.4540000e+01   9.6618427e-02
   1.4550000e+01   9.4181493e-02
   1.4560000e+01   9.2917198e-02
   1.4570000e+01   9.5907676e-02
   1.4580000e+01   9.5143374e-02
   1.4590000e+01   9.4022679e-02
   1.4600000e+01   9.3679006e-02
   1.4610000e+01   9.1012652e-02
   1.4620000e+01   9.4067077e-02
   1.4630000e+01   9.0993283e-02
   1.4640000e+01   9.3635241e-02
   1.4650000e+01   9.2352911e-02
   1.4660000e+01   9.1628245e-02
   1.4670000e+01   9.0122846e-02
   1.4680000e+01   9.0279143e-02
   1.4690000e+01   9.1477278e-02
   1.4700000e+01   8.8897652e-02
   1.4710000e+01   8.6368977e-02
   1.4720000e+01   8.8803420e-02
   1.4730000e+01   8.7961239e-02
   1.4740000e+01   8.4244244e-02
   1.4750000e+01   8.6312209e-02
   1.4760000e+01   8.3735833e-02
   1.4770000e+01   8.3346786e-02
   1.4780000e+01   8.4369485e-02
   1.4790000e+01   8.1760855e-02
   1.4800000e+01   8.1650679e-02
   1.4810000e+01   7.9448923e-02
   1.4820000e+01   8.0780884e-02
   1.4830000e+01   8.0122447e-02
   1.4840000e+01   7.9364601e-02
   1.4850000e+01   8.0608774e-02
   1.4860000e+01   7.6761173e-02
   1.4870000e+01   7.5648592e-02
   1.4880000e+01   7.6134926e-02
   1.4890000e+01   7.4719529e-02
   1.4900000e+01   7.5246073e-02
   1.4910000e+01   7.5723911e-02
   1.4920000e+01   7.2748944e-02
   1.4930000e+01   7.0972550e-02
   1.4940000e+01   7.3429042e-02
   1.4950000e+01   7.2068284e-02
   1.4960000e+01   6.9176916e-02
   1.4970000e+01   6.8668578e-02
   1.4980000e+01   7.0295029e-02
   1.4990000e+01   6.8877882e-02
   1.5000000e+01   6.8431938e-02
   1.5010000e+01   6.7125589e-02
   1.5020000e+01   6.6240333e-02
   1.5030000e+01   6.6151583e-02
   1.5040000e+01   6.4053872e-02
   1.5050000e+01   6.3183668e-02
   1.5060000e+01   6.2925985e-02
   1.5070000e+01   6.1631796e-02
   1.5080000e+01   6.0986303e-02
   1.5090000e+01   6.0782173e-02
   1.5100000e+01   6.0039949e-02
   1.5110000e+01   5.8613113e-02
   1.5120000e+01   5.9312736e-02
   1.5130000e+01   5.6980261e-02
   1.5140000e+01   5.6969664e-02
   1.5150000e+01   5.4931294e-02
   1.5160000e+01   5.4775078e-02
   1.5170000e+01   5.3682873e-02
   1.5180000e+01   5.2831743e-02
   1.5190000e+01   5.3340704e-02
   1.5200000e+01   5.1059307e-02
   1.5210000e+01   5.1696950e-02
   1.5220000e+01   4.9920226e-02
   1.5230000e+01   5.1051523e-02
   1.5240000e+01   5.0464234e-02
   1.5250000e+01   5.0383727e-02
   1.5260000e+01   4.6995637e-02
   1.5270000e+01   4.7530617e-02
   1.5280000e+01   4.6508625e-02
   1.5290000e+01   4.5417516e-02
   1.5300000e+01   4.2922244e-02
   1.5310000e+01   4.2295916e-02
   1.5320000e+01   4.0828286e-02
   1.5330000e+01   4.0129199e-02
   1.5340000e+01   3.9199695e-02
   1.5350000e+01   3.6603599e-02
   1.5360000e+01   3.9566964e-02
   1.5370000e+01   3.5766241e-02
   1.5380000e+01   3.5080556e-02
   1.5390000e+01   3.3850727e-02
   1.5400000e+01   3.3327280e-02
   1.5410000e+01   3.2733493e-02
   1.5420000e+01   3.1132300e-02
   1.5430000e+01   2.8417814e-02
   1.5440000e+01   2.7940106e-02
   1.5450000e+01   2.6476105e-02
   1.5460000e+01   2.8002008e-02
   1.5470000e+01   2.5485421e-02
   1.5480000e+01   2.5498878e-02
   1.5490000e+01   2.2631372e-02
   1.5500000e+01   2.3862969e-02
   1.5510000e+01   2.0089032e-02
   1.5520000e+01   2.1347903e-02
   1.5530000e+01   2.1233433e-02
   1.5540000e+01   1.8993361e-02
   1.5550000e+01   1.9070854e-02
   1.5560000e+01   1.9937505e-02
   1.5570000e+01   1.8445202e-02
   1.5580000e+01   1.5877772e-02
   1.5590000e+01   1.4440129e-02
   1.5600000e+01   1.4783953e-02
   1.5610000e+01   1.1774482e-02
   1.5620000e+01   1.3230152e-02
   1.5630000e+01   1.2438389e-02
   1.5640000e+01   1.2844410e-02
   1.5650000e+01   1.2098715e-02
   1.5660000e+01   9.1871752e-03
   1.5670000e+01   7.4370620e-03
   1.5680000e+01   5.7766737e-03
   1.5690000e+01   8.0268348e-03
   1.5700000e+01   4.8793729e-03
   1.5710000e+01   3.3339200e-03
   1.5720000e+01   2.5145715e-03
   1.5730000e+01   4.0397752e-04
   1.5740000e+01   9.6601821e-04
   1.5750000e+01  -1.1232888e-03
   1.5760000e+01  -1.4914981e-03
   1.5770000e+01  -3.8767205e-03
   1.5780000e+01  -3.4452875e-03
   1.5790000e+01  -2.7898072e-03
   1.5800000e+01  -2.5593766e-03
   1.5810000e+01  -6.7828819e-03
   1.5820000e+01  -7.1812079e-03
   1.5830000e+01  -5.5769243e-03
   1.5840000e+01  -7.0491170e-03
   1.5850000e+01  -6.4730262e-03
   1.5860000e+01  -8.1029518e-03
   1.5870000e+01  -8.5795310e-03
   1.5880000e+01  -9.8826430e-03
   1.5890000e+01  -1.1857749e-02
   1.5900000e+01  -1.3625961e-02
   1.5910000e+01  -1.3426494e-02
   1.5920000e+01  -1.6947757e-02
   1.5930000e+01  -1.6834973e-02
   1.5940000e+01  -1.8677462e-02
   1.5950000e+01  -2.0648115e-02
   1.5960000e+01  -2.2085139e-02
   1.5970000e+01  -2.1664033e-02
   1.5980000e+01  -2.2066493e-02
   1.5990000e+01  -2.5575507e-02
   1.6000000e+01  -2.6035683e-02
   1.6010000e+01  -2.6693234e-02
   1.6020000e+01  -2.7087607e-02
   1.6030000e+01  -2.9983458e-02
   1.6040000e+01  -2.7494976e-02
   1.6050000e+01  -2.8714660e-02
   1.6060000e+01  -2.8728147e-02
   1.6070000e+01  -3.3179390e-02
   1.6080000e+01  -3.4105081e-02
   1.6090000e+01  -3.2483672e-02
   1.6100000e+01  -3.4959067e-02
   1.6110000e+01  -3.4902967e-02
   1.6120000e+01  -3.6432935e-02
   1.6130000e+01  -3.7106818e-02
   1.6140000e+01  -4.0552153e-02
   1.6150000e+01  -4.3060268e-02
   1.6160000e+01  -4.2084642e-02
   1.6170000e+01  -4.4348252e-02
   1.6180000e+01  -4.3233025e-02
   1.6190000e+01  -4.8079892e-02
   1.6200000e+01  -4.6303453e-02
   1.6210000e+01  -4.6701932e-02
   1.6220000e+01  -4.7463299e-02
   1.6230000e+01  -5.0310805e-02
   1.6240000e+01  -5.0112536e-02
   1.6250000e+01  -5.2901687e-02
   1.6260000e+01  -5.0601667e-02
   1.6270000e+01  -5.1714920e-02
   1.6280000e+01  -5.5245054e-02
   1.6290000e+01  -5.4263906e-02
   1.6300000e+01  -5.3874264e-02
   1.6310000e+01  -5.6101190e-02
   1.6320000e+01  -5.6749033e-02
   1.6330000e+01  -5.8333203e-02
   1.6340000e+01  -5.7943779e-02
   1.6350000e+01  -6.0441976e-02
   1.6360000e+01  -5.9369985e-02
   1.6370000e+01  -5.8651134e-02
   1.6380000e+01  -6.1089071e-02
   1.6390000e+01  -6.0292874e-02
   1.6400000e+01  -6.2460577e-02
   1.6410000e+01  -6.1321112e-02
   1.6420000e+01  -6.2781754e-02
   1.6430000e+01  -6.2081094e-02
   1.6440000e+01  -6.5179596e-02
   1.6450000e+01  -6.1537717e-02
   1.6460000e+01  -6.5144025e-02
   1.6470000e+01  -6.3591056e-02
   1.6480000e+01  -6.5628422e-02
   1.6490000e+01  -6.6466407e-02
   1.6500000e+01  -6.7528579e-02
   1.6510000e+01  -6.6749954e-02
   1.6520000e+01  -6.8662297e-02
   1.6530000e+01  -6.8483295e-02
   1.6540000e+01  -6.9888316e-02
   1.6550000e+01  -6.9892994e-02
   1.6560000e+01  -6.8323641e-02
   1.6570000e+01  -7.2093383e-02
   1.6580000e+01  -7.2445279e-02
   1.6590000e+01  -7.3373669e-02
   1.6600000e+01  -7.3019589e-02
   1.6610000e+01  -7.4050447e-02
   1.6620000e+01  -7.6116445e-02
   1.6630000e+01  -7.6880978e-02
   1.6640000e+01  -7.8115120e-02
   1.6650000e+01  -7.8659758e-02
   1.6660000e+01  -7.8535261e-02
   1.6670000e+01  -8.0146872e-02
   1.6680000e+01  -8.1590538e-02
   1.6690000e+01  -8.3810793e-02
   1.6700000e+01  -7.8327745e-02
   1.6710000e+01  -8.2632344e-02
   1.6720000e+01  -8.0589858e-02
   1.6730000e+01  -8.4012115e-02
   1.6740000e+01  -8.5342935e-02
   1.6750000e+01  -8.4087878e-02
   1.6760000e+01  -8.5039751e-02
   1.6770000e+01  -8.4131296e-02
   1.6780000e+01  -8.4209369e-02
   1.6790000e+01  -8.3156872e-02
   1.6800000e+01  -8.5915500e-02
   1.6810000e+01  -8.5896440e-02
   1.6820000e+01  -8.8113501e-02
   1.6830000e+01  -8.9406204e-02
   1.6840000e+01  -8.9512270e-02
   1.6850000e+01  -8.9608883e-02
   1.6860000e+01  -8.8223962e-02
   1.6870000e+01  -8.9596240e-02
   1.6880000e+01  -9.1800327e-02
   1.6890000e+01  -9.3511203e-02
   1.6900000e+01  -9.1045718e-02
   1.6910000e+01  -9.1716628e-02
   1.6920000e+01  -9.2929354e-02
   1.6930000e+01  -9.4326420e-02
   1.6940000e+01  -9.1442081e-02
   1.6950000e+01  -9.4962846e-02
   1.6960000e+01  -9.8012388e-02
   1.6970000e+01  -1.0009612e-01
   1.6980000e+01  -9.6389271e-02
   1.6990000e+01  -9.6305673e-02
   1.7000000e+01  -9.7613992e-02
   1.7010000e+01  -9.5027986e-02
   1.7020000e+01  -9.6537199e-02
   1.7030000e+01  -9.5316199e-02
   1.7040000e+01  -9.6073455e-02
   1.7050000e+01  -9.7734100e-02
   1.7060000e+01  -9.5750533e-02
   1.7070000e+01  -9.7213337e-02
   1.7080000e+01  -9.5744045e-02
   1.7090000e+01  -9.6799060e-02
   1.7100000e+01  -9.5428742e-02
   1.7110000e+01  -9.5322933e-02
   1.7120000e+01  -9.7838784e-02
   1.7130000e+01  -9.4871845e-02
   1.7140000e+01  -9.7302861e-02
   1.7150000e+01  -9.7440169e-02
   1.7160000e+01  -9.7402293e-02
   1.7170000e+01  -9.8246168e-02
   1.7180000e+01  -9.9782896e-02
   1.7190000e+01  -9.8577824e-02
   1.7200000e+01  -9.6935496e-02
   1.7210000e+01  -9.7341783e-02
   1.7220000e+01  -9.7773069e-02
   1.7230000e+01  -1.0032450e-01
   1.7240000e+01  -9.9403900e-02
   1.7250000e+01  -9.8786258e-02
   1.7260000e+01  -1.0074969e-01
   1.7270000e+01  -9.9258852e-02
   1.7280000e+01  -1.0079285e-01
   1.7290000e+01  -9.8987378e-02
   1.7300000e+01  -1.0014920e-01
   1.7310000e+01  -9.9385429e-02
   1.7320000e+01  -1.0014512e-01
   1.7330000e+01  -1.0019555e-01
   1.7340000e+01  -9.9493330e-02
   1.7350000e+01  -9.9964633e-02
   1.7360000e+01  -9.9843711e-02
   1.7370000e+01  -9.7903065e-02
   1.7380000e+01  -9.9511851e-02
   1.7390000e+01  -1.0147250e-01
   1.7400000e+01  -1.0010588e-01
   1.7410000e+01  -9.9228485e-02
   1.7420000e+01  -9.9326118e-02
   1.7430000e+01  -9.9682624e-02
   1.7440000e+01  -9.7513019e-02
   1.7450000e+01  -9.7004708e-02
   1.7460000e+01  -9.7466199e-02
   1.7470000e+01  -9.8638042e-02
   1.7480000e+01  -9.7822780e-02
   1.7490000e+01  -1.0014751e-01
   1.7500000e+01  -9.8308743e-02
   1.7510000e+01  -9.8553268e-02
   1.7520000e+01  -9.9576010e-02
   1.7530000e+01  -9.8421132e-02
   1.7540000e+01  -1.0034898e-01
   1.7550000e+01  -9.8967922e-02
   1.7560000e+01  -9.9038023e-02
   1.7570000e+01  -9.7575352e-02
   1.7580000e+01  -9.9499097e-02
   1.7590000e+01  -9.7428662e-02
   1.7600000e+01  -9.5990947e-02
   1.7610000e+01  -9.8559154e-02
   1.7620000e+01  -9.7760859e-02
   1.7630000e+01  -9.7565183e-02
   1.7640000e+01  -9.7629600e-02
   1.7650000e+01  -9.6534590e-02
   1.7660000e+01  -9.4005812e-02
   1.7670000e+01  -9.6911195e-02
   1.7680000e+01  -9.5992569e-02
   1.7690000e+01  -9.8191550e-02
   1.7700000e+01  -9.5334560e-02
   1.7710000e+01  -9.5057519e-02
   1.7720000e+01  -9.3203805e-02
   1.7730000e+01  -9.3193314e-02
   1.7740000e+01  -9.1548363e-02
   1.7750000e+01  -9.0907951e-02
   1.7760000e+01  -9.2571336e-02
   1.7770000e+01  -8.9170593e-02
   1.7780000e+01  -8.9554233e-02
   1.7790000e+01  -8.8242952e-02
   1.7800000e+01  -8.8351244e-02
   1.7810000e+01  -8.7570616e-02
   1.7820000e+01  -8.7430370e-02
   1.7830000e+01  -8.7380644e-02
   1.7840000e+01  -8.7277668e-02
   1.7850000e+01  -8.7420178e-02
   1.7860000e+01  -8.5180196e-02
   1.7870000e+01  -8.4809994e-02
   1.7880000e+01  -8.6233271e-02
   1.7890000e+01  -8.3866700e-02
   1.7900000e+01  -8.2435584e-02
   1.7910000e+01  -8.3882373e-02
   1.7920000e+01  -8.0995625e-02
   1.7930000e+01  -8.1481190e-02
   1.7940000e+01  -8.0139997e-02
   1.7950000e+01  -8.0895590e-02
   1.7960000e+01  -7.8069765e-02
   1.7970000e+01  -7.9820589e-02
   1.7980000e+01  -7.8190686e-02
   1.7990000e+01  -7.5480408e-02
   1.8000000e+01  -7.5956183e-02
   1.8010000e+01  -7.5794801e-02
   1.8020000e+01  -7.6173764e-02
   1.8030000e+01  -7.4426076e-02
   1.8040000e+01  -7.4803810e-02
   1.8050000e+01  -7.4139277e-02
   1.8060000e+01  -7.4742655e-02
   1.8070000e+01  -7.2046544e-02
   1.8080000e+01  -7.1796456e-02
   1.8090000e+01  -7.2588674e-02
   1.8100000e+01  -7.1280642e-02
   1.8110000e+01  -6.9345549e-02
   1.8120000e+01  -7.0441822e-02
   1.8130000e+01  -7.0707270e-02
   1.8140000e+01  -6.8479900e-02
   1.8150000e+01  -6.7407383e-02
   1.8160000e+01  -6.9569289e-02
   1.8170000e+01  -6.5836992e-02
   1.8180000e+01  -6.7053132e-02
   1.8190000e+01  -6.7310200e-02
   1.8200000e+01  -6.6006634e-02
   1.8210000e+01  -6.5041205e-02
   1.8220000e+01  -6.4947558e-02
   1.8230000e+01  -6.3629912e-02
   1.8240000e+01  -6.2266830e-02
   1.8250000e+01  -6.1385829e-02
   1.8260000e+01  -6.1305261e-02
   1.8270000e+01  -5.8890028e-02
   1.8280000e+01  -6.1062394e-02
   1.8290000e+01  -5.8436847e-02
   1.8300000e+01  -5.5844397e-02
   1.8310000e+01  -5.5155481e-02
   1.8320000e+01  -5.2710432e-02
   1.8330000e+01  -5.4410199e-02
   1.8340000e+01  -5.4704421e-02
   1.8350000e+01  -5.2959184e-02
   1.8360000e+01  -5.1751728e-02
   1.8370000e+01  -5.1087006e-02
   1.8380000e+01  -4.8170534e-02
   1.8390000e+01  -4.8228624e-02
   1.8400000e+01  -4.8335216e-02
   1.8410000e+01  -4.7764365e-02
   1.8420000e+01  -4.7888518e-02
   1.8430000e+01  -4.6918631e-02
   1.8440000e+01  -4.5944595e-02
   1.8450000e+01  -4.6137317e-02
   1.8460000e+01  -4.4618926e-02
   1.8470000e+01  -4.4161749e-02
   1.8480000e+01  -4.4829995e-02
   1.8490000e+01  -4.3540466e-02
   1.8500000e+01  -4.2957598e-02
   1.8510000e+01  -4.1337166e-02
   1.8520000e+01  -4.1207114e-02
   1.8530000e+01  -3.7241000e-02
   1.8540000e+01  -3.7069484e-02
   1.8550000e+01  -3.6810070e-02
   1.8560000e+01  -3.5600754e-02
   1.8570000e+01  -3.3322559e-02
   1.8580000e+01  -3.3612671e-02
   1.8590000e+01  -3.2126188e-02
   1.8600000e+01  -3.0363964e-02
   1.8610000e+01  -3.0542449e-02
   1.8620000e+01  -2.7466372e-02
   1.8630000e+01  -2.7860041e-02
   1.8640000e+01  -2.2819290e-02
   1.8650000e+01  -2.2132493e-02
   1.8660000e+01  -2.2108443e-02
   1.8670000e+01  -2.0663582e-02
   1.8680000e+01  -2.0445064e-02
   1.8690000e+01  -1.9280258e-02
   1.8700000e+01  -1.7675976e-02
   1.8710000e+01  -1.4238575e-02
   1.8720000e+01  -1.3510900e-02
   1.8730000e+01  -1.1945706e-02
   1.8740000e+01  -1.1753213e-02
   1.8750000e+01  -1.0918227e-02
   1.8760000e+01  -1.0406359e-02
   1.8770000e+01  -7.3219369e-03
   1.8780000e+01  -8.0189306e-03
   1.8790000e+01  -6.7343365e-03
   1.8800000e+01  -7.0651448e-03
   1.8810000e+01  -3.6232618e-03
   1.8820000e+01  -3.3811041e-03
   1.8830000e+01  -2.6785735e-03
   1.8840000e+01  -2.7527696e-03
   1.8850000e+01  -2.4243963e-03
   1.8860000e+01  -2.6412642e-04
   1.8870000e+01   1.1947014e-03
   1.8880000e+01   1.7342806e-03
   1.8890000e+01   2.7742694e-03
   1.8900000e+01   3.0433184e-03
   1.8910000e+01   4.0276955e-03
   1.8920000e+01   4.7697302e-03
   1.8930000e+01   5.2629951e-03
   1.8940000e+01   7.0427746e-03
   1.8950000e+01   7.9950933e-03
   1.8960000e+01   9.0367072e-03
   1.8970000e+01   9.5140887e-03
   1.8980000e+01   8.1806058e-03
   1.8990000e+01   1.0414724e-02
   1.9000000e+01   1.1299482e-02
   1.9010000e+01   1.1772332e-02
   1.9020000e+01   1.5244622e-02
   1.9030000e+01   1.3220526e-02
   1.9040000e+01   1.6082497e-02
   1.9050000e+01   1.5784135e-02
   1.9060000e+01   1.5344638e-02
   1.9070000e+01   1.5822563e-02
   1.9080000e+01   1.8003528e-02
   1.9090000e+01   1.8587199e-02
   1.9100000e+01   1.9214407e-02
   1.9110000e+01   2.1295504e-02
   1.9120000e+01   2.2897857e-02
   1.9130000e+01   2.1924002e-02
   1.9140000e+01   2.1876087e-02
   1.9150000e+01   2.4548874e-02
   1.9160000e+01   2.5438055e-02
   1.9170000e+01   2.6470343e-02
   1.9180000e+01   2.7129990e-02
   1.9190000e+01   2.7212093e-02
   1.9200000e+01   2.9317429e-02
   1.9210000e+01   3.1010564e-02
   1.9220000e+01   3.2164522e-02
   1.9230000e+01   3.2938225e-02
   1.9240000e+01   3.2266276e-02
   1.9250000e+01   3.4579037e-02
   1.9260000e+01   3.5946214e-02
   1.9270000e+01   3.5324903e-02
   1.9280000e+01   3.6676014e-02
   1.9290000e+01   3.6337019e-02
   1.9300000e+01   3.8657625e-02
   1.9310000e+01   4.1092595e-02
   1.9320000e+01   4.0533941e-02
   1.9330000e+01   4.2032257e-02
   1.9340000e+01   4.3239047e-02
   1.9350000e+01   4.3773261e-02
   1.9360000e+01   4.4770025e-02
   1.9370000e+01   4.7322905e-02
   1.9380000e+01   4.4687452e-02
   1.9390000e+01   4.6564751e-02
   1.9400000e+01   4.7935236e-02
   1.9410000e+01   5.1795991e-02
   1.9420000e+01   4.8723917e-02
   1.9430000e+01   5.2226488e-02
   1.9440000e+01   5.3427188e-02
   1.9450000e+01   5.3552363e-02
   1.9460000e+01   5.6916557e-02
   1.9470000e+01   5.6297608e-02
   1.9480000e+01   5.5497106e-02
   1.9490000e+01   5.9315673e-02
   1.9500000e+01   6.1077879e-02
   1.9510000e+01   5.9218445e-02
   1.9520000e+01   6.0823888e-02
   1.9530000e+01   6.1059837e-02
   1.9540000e+01   6.3039096e-02
   1.9550000e+01   6.3168509e-02
   1.9560000e+01   6.1380544e-02
   1.9570000e+01   6.5185479e-02
   1.9580000e+01   6.6140378e-02
   1.9590000e+01   6.4094557e-02
   1.9600000e+01   6.5048181e-02
   1.9610000e+01   6.6321296e-02
   1.9620000e+01   6.6947828e-02
   1.9630000e+01   6.7159665e-02
   1.9640000e+01   6.9820684e-02
   1.9650000e+01   6.8072529e-02
   1.9660000e+01   6.7680300e-02
   1.9670000e+01   7.1072580e-02
   1.9680000e+01   6.9120569e-02
   1.9690000e+01   7.1883150e-02
   1.9700000e+01   7.1332997e-02
   1.9710000e+01   7.3057707e-02
   1.9720000e+01   7.1290343e-02
   1.9730000e+01   7.2560202e-02
   1.9740000e+01   7.1857860e-02
   1.9750000e+01   7.1530104e-02
   1.9760000e+01   7.3714751e-02
   1.9770000e+01   7.2623880e-02
   1.9780000e+01   7.5217617e-02
   1.9790000e+01   7.6294975e-02
   1.9800000e+01   7.5377190e-02
   1.9810000e+01   7.6626506e-02
   1.9820000e+01   7.9954336e-02
   1.9830000e+01   7.8114146e-02
   1.9840000e+01   7.9137641e-02
   1.9850000e+01   8.0952538e-02
   1.9860000e+01   7.9938560e-02
   1.9870000e+01   8.0653078e-02
   1.9880000e+01   8.2078994e-02
   1.9890000e+01   8.2325706e-02
   1.9900000e+01   8.1548815e-02
   1.9910000e+01   8.3506406e-02
   1.9920000e+01   8.2044971e-02
   1.9930000e+01   8.4438549e-02
   1.9940000e+01   8.4158343e-02
   1.9950000e+01   8.6972987e-02
   1.9960000e+01   8.6641523e-02
   1.9970000e+01   9.0048551e-02
   1.9980000e+01   8.8841797e-02
   1.9990000e+01   8.7540648e-02
   2.0000000e+01   8.9939542e-02
   2.0010000e+01   9.1026307e-02
   2.0020000e+01   9.1776238e-02
   2.0030000e+01   9.2534987e-02
   2.0040000e+01   9.1886516e-02
   2.0050000e+01   9.1924887e-02
   2.0060000e+01   9.2035430e-02
   2.0070000e+01   9.1331934e-02
   2.0080000e+01   9.4753450e-02
   2.0090000e+01   9.5887987e-02
   2.0100000e+01   9.4451841e-02
   2.0110000e+01   9.5733366e-02
   2.0120000e+01   9.5602695e-02
   2.0130000e+01   9.6827198e-02
   2.0140000e+01   9.9168478e-02
   2.0150000e+01   9.6748337e-02
   2.0160000e+01   9.9281654e-02
   2.0170000e+01   9.5893443e-02
   2.0180000e+01   9.7958019e-02
   2.0190000e+01   9.9346381e-02
   2.0200000e+01   9.7840809e-02
   2.0210000e+01   9.8582362e-02
   2.0220000e+01   1.0145300e-01
   2.0230000e+01   9.9901793e-02
   2.0240000e+01   1.0051864e-01
   2.0250000e+01   9.9895851e-02
   2.0260000e+01   1.0035877e-01
   2.0270000e+01   9.8701380e-02
   2.0280000e+01   1.0097651e-01
   2.0290000e+01   9.7158598e-02
   2.0300000e+01   1.0278874e-01
   2.0310000e+01   9.7649722e-02
   2.0320000e+01   9.7819280e-02
   2.0330000e+01   9.9206371e-02
   2.0340000e+01   9.9879862e-02
   2.0350000e+01   9.8770802e-02
   2.0360000e+01   1.0042021e-01
   2.0370000e+01   1.0122333e-01
   2.0380000e+01   9.9388713e-02
   2.0390000e+01   9.9777500e-02
   2.0400000e+01   1.0019278e-01
   2.0410000e+01   1.0048902e-01
   2.0420000e+01   1.0143273e-01
   2.0430000e+01   9.8441326e-02
   2.0440000e+01   1.0220977e-01
   2.0450000e+01   1.0163438e-01
   2.0460000e+01   1.0016967e-01
   2.0470000e+01   1.0237576e-01
   2.0480000e+01   1.0161913e-01
   2.0490000e+01   1.0146795e-01
   2.0500000e+01   1.0024928e-01
   2.0510000e+01   1.0025355e-01
   2.0520000e+01   1.0158641e-01
   2.0530000e+01   9.9705070e-02
   2.0540000e+01   1.0164712e-01
   2.0550000e+01   1.0223867e-01
   2.0560000e+01   1.0212370e-01
   2.0570000e+01   1.0100758e-01
   2.0580000e+01   1.0072785e-01
   2.0590000e+01   9.9279911e-02
   2.0600000e+01   1.0327625e-01
   2.0610000e+01   1.0040476e-01
   2.0620000e+01   1.0347742e-01
   2.0630000e+01   1.0043739e-01
   2.0640000e+01   1.0026511e-01
   2.0650000e+01   1.0022532e-01
   2.0660000e+01   1.0203328e-01
   2.0670000e+01   1.0129058e-01
   2.0680000e+01   9.8433357e-02
   2.0690000e+01   9.9096151e-02
   2.0700000e+01   9.7419566e-02
   2.0710000e+01   9.8907014e-02
   2.0720000e+01   9.9355701e-02
   2.0730000e+01   1.0032168e-01
   2.0740000e+01   9.7550432e-02
   2.0750000e+01   9.6892389e-02
   2.0760000e+01   9.4587067e-02
   2.0770000e+01   9.6069876e-02
   2.0780000e+01   9.4644966e-02
   2.0790000e+01   9.4327816e-02
   2.0800000e+01   9.5855023e-02
   2.0810000e+01   9.7904701e-02
   2.0820000e+01   9.3569321e-02
   2.0830000e+01   9.3593354e-02
   2.0840000e+01   9.3046977e-02
   2.0850000e+01   9.2526046e-02
   2.0860000e+01   9.0933569e-02
   2.0870000e+01   9.2220155e-02
   2.0880000e+01   9.0650589e-02
   2.0890000e+01   9.0094656e-02
   2.0900000e+01   9.0137568e-02
   2.0910000e+01   8.8584583e-02
   2.0920000e+01   8.8170927e-02
   2.0930000e+01   8.6915893e-02
   2.0940000e+01   8.5822625e-02
   2.0950000e+01   8.4438122e-02
   2.0960000e+01   8.7609456e-02
   2.0970000e+01   8.4763469e-02
   2.0980000e+01   8.3868758e-02
   2.0990000e+01   8.5721812e-02
   2.1000000e+01   8.4813279e-02
   2.1010000e+01   8.2867975e-02
   2.1020000e+01   8.0662571e-02
   2.1030000e+01   8.0242722e-02
   2.1040000e+01   8.2710745e-02
   2.1050000e+01   8.2281647e-02
   2.1060000e+01   8.0909017e-02
   2.1070000e+01   7.9946971e-02
   2.1080000e+01   7.9882825e-02
   2.1090000e+01   8.1163345e-02
   2.1100000e+01   7.8725472e-02
   2.1110000e+01   8.0087337e-02
   2.1120000e+01   7.8534023e-02
   2.1130000e+01   7.6964890e-02
   2.1140000e+01   7.8719638e-02
   2.1150000e+01   7.9034082e-02
   2.1160000e+01   7.6885695e-02
   2.1170000e+01   7.6830490e-02
   2.1180000e+01   7.6103740e-02
   2.1190000e+01   7.6462814e-02
   2.1200000e+01   7.7845721e-02
   2.1210000e+01   7.6094225e-02
   2.1220000e+01   7.6503175e-02
   2.1230000e+01   7.4194324e-02
   2.1240000e+01   7.3546111e-02
   2.1250000e+01   7.3469983e-02
   2.1260000e+01   7.3540184e-02
   2.1270000e+01   7.3640202e-02
   2.1280000e+01   7.1532432e-02
   2.1290000e+01   7.2826009e-02
   2.1300000e+01   7.0188653e-02
   2.1310000e+01   6.7999517e-02
   2.1320000e+01   6.7969831e-02
   2.1330000e+01   6.7656302e-02
   2.1340000e+01   6.4581482e-02
   2.1350000e+01   6.4228834e-02
   2.1360000e+01   6.3047673e-02
   2.1370000e+01   6.2889875e-02
   2.1380000e+01   6.2671303e-02
   2.1390000e+01   6.0268240e-02
   2.1400000e+01   5.8843535e-02
   2.1410000e+01   5.6901710e-02
   2.1420000e+01   5.4959133e-02
   2.1430000e+01   5.5852440e-02
   2.1440000e+01   5.4397284e-02
   2.1450000e+01   5.6110452e-02
   2.1460000e+01   5.4607968e-02
   2.1470000e+01   5.3402584e-02
   2.1480000e+01   5.3762353e-02
   2.1490000e+01   5.0376095e-02
   2.1500000e+01   5.0712751e-02
   2.1510000e+01   5.0054469e-02
   2.1520000e+01   4.9990725e-02
   2.1530000e+01   4.9789754e-02
   2.1540000e+01   4.8651916e-02
   2.1550000e+01   4.5108230e-02
   2.1560000e+01   4.4586046e-02
   2.1570000e+01   4.3435909e-02
   2.1580000e+01   4.4589710e-02
   2.1590000e+01   4.4553527e-02
   2.1600000e+01   4.3374408e-02
   2.1610000e+01   3.9130927e-02
   2.1620000e+01   3.7473196e-02
   2.1630000e+01   3.7722446e-02
   2.1640000e+01   3.7916362e-02
   2.1650000e+01   3.6202663e-02
   2.1660000e+01   3.2636393e-02
   2.1670000e+01   3.2341221e-02
   2.1680000e+01   3.4760761e-02
   2.1690000e+01   3.0655699e-02
   2.1700000e+01   3.1645796e-02
   2.1710000e+01   2.8288829e-02
   2.1720000e+01   2.7919212e-02
   2.1730000e+01   2.7541557e-02
   2.1740000e+01   2.6396976e-02
   2.1750000e+01   2.5138912e-02
   2.1760000e+01   2.6151541e-02
   2.1770000e+01   2.3301747e-02
   2.1780000e+01   2.2182462e-02
   2.1790000e+01   2.3043428e-02
   2.1800000e+01   2.3355670e-02
   2.1810000e+01   1.9350984e-02
   2.1820000e+01   1.8329234e-02
   2.1830000e+01   1.9025246e-02
   2.1840000e+01   1.8688783e-02
   2.1850000e+01   1.7014536e-02
   2.1860000e+01   1.6337301e-02
   2.1870000e+01   1.4728192e-02
   2.1880000e+01   1.5112373e-02
   2.1890000e+01   1.2211888e-02
   2.1900000e+01   1.0653397e-02
   2.1910000e+01   1.1087904e-02
   2.1920000e+01   9.9217899e-03
   2.1930000e+01   1.0228698e-02
   2.1940000e+01   1.0742646e-02
   2.1950000e+01   9.1709933e-03
   2.1960000e+01   8.0408960e-03
   2.1970000e+01   7.9065843e-03
   2.1980000e+01   6.1881722e-03
   2.1990000e+01   4.5052251e-03
   2.2000000e+01   4.9763234e-03
   2.2010000e+01   4.6477556e-03
   2.2020000e+01   3.3508584e-03
   2.2030000e+01   1.3849110e-03
   2.2040000e+01   1.8936323e-03
   2.2050000e+01   9.2091658e-04
   2.2060000e+01   1.4316672e-03
   2.2070000e+01   1.5360042e-03
   2.2080000e+01  -2.6870048e-03
   2.2090000e+01  -1.2987516e-03
   2.2100000e+01  -4.4514041e-03
   2.2110000e+01  -5.0878331e-03
   2.2120000e+01  -6.7394405e-03
   2.2130000e+01  -8.4377801e-03
   2.2140000e+01  -9.9915145e-03
   2.2150000e+01  -1.1287582e-02
   2.2160000e+01  -1.1427536e-02
   2.2170000e+01  -1.1653688e-02
   2.2180000e+01  -1.5131664e-02
   2.2190000e+01  -1.3711080e-02
   2.2200000e+01  -1.6937667e-02
   2.2210000e+01  -1.7162866e-02
   2.2220000e+01  -2.0677489e-02
   2.2230000e+01  -2.2654571e-02
   2.2240000e+01  -2.2307919e-02
   2.2250000e+01  -2.5709847e-02
   2.2260000e+01  -2.7001882e-02
   2.2270000e+01  -2.7659091e-02
   2.2280000e+01  -2.6065830e-02
   2.2290000e+01  -2.7721984e-02
   2.2300000e+01  -2.7920452e-02
   2.2310000e+01  -2.8204720e-02
   2.2320000e+01  -3.4172997e-02
   2.2330000e+01  -3.2865765e-02
   2.2340000e+01  -3.3555896e-02
   2.2350000e+01  -3.4047665e-02
   2.2360000e+01  -3.4907177e-02
   2.2370000e+01  -3.6578009e-02
   2.2380000e+01  -3.6779872e-02
   2.2390000e+01  -3.7894230e-02
   2.2400000e+01  -4.0111736e-02
   2.2410000e+01  -3.9565303e-02
   2.2420000e+01  -4.3156134e-02
   2.2430000e+01  -4.1197024e-02
   2.2440000e+01  -4.0452065e-02
   2.2450000e+01  -4.2822035e-02
   2.2460000e+01  -4.6415388e-02
   2.2470000e+01  -4.3458167e-02
   2.2480000e+01  -4.5536215e-02
   2.2490000e+01  -4.6310314e-02
   2.2500000e+01  -4.4149539e-02
   2.2510000e+01  -4.6543247e-02
   2.2520000e+01  -4.4639686e-02
   2.2530000e+01  -4.9145318e-02
   2.2540000e+01  -4.7732008e-02
   2.2550000e+01  -4.9005210e-02
   2.2560000e+01  -5.0791004e-02
   2.2570000e+01  -5.1734300e-02
   2.2580000e+01  -5.1812922e-02
   2.2590000e+01  -5.2633550e-02
   2.2600000e+01  -5.2954873e-02
   2.2610000e+01  -5.5987931e-02
   2.2620000e+01  -5.7670510e-02
   2.2630000e+01  -5.7798576e-02
   2.2640000e+01  -5.9220406e-02
   2.2650000e+01  -5.9383138e-02
   2.2660000e+01  -6.1471828e-02
   2.2670000e+01  -6.4060066e-02
   2.2680000e+01  -6.4187835e-02
   2.2690000e+01  -6.5957150e-02
   2.2700000e+01  -6.6113712e-02
   2.2710000e+01  -6.7235917e-02
   2.2720000e+01  -6.6003806e-02
   2.2730000e+01  -6.8750383e-02
   2.2740000e+01  -6.8656539e-02
   2.2750000e+01  -7.0380624e-02
   2.2760000e+01  -6.9536213e-02
   2.2770000e+01  -7.3992718e-02
   2.2780000e+01  -7.0928620e-02
   2.2790000e+01  -7.2095096e-02
   2.2800000e+01  -7.0146494e-02
   2.2810000e+01  -7.3100464e-02
   2.2820000e+01  -7.1009443e-02
   2.2830000e+01  -7.3369236e-02
   2.2840000e+01  -7.4587695e-02
   2.2850000e+01  -7.3654153e-02
   2.2860000e+01  -7.3805033e-02
   2.2870000e+01  -7.6830789e-02
   2.2880000e+01  -7.7111930e-02
   2.2890000e+01  -7.8588467e-02
   2.2900000e+01  -7.9525400e-02
   2.2910000e+01  -7.8797640e-02
   2.2920000e+01  -8.1220271e-02
   2.2930000e+01  -8.0358334e-02
   2.2940000e+01  -8.0877756e-02
   2.2950000e+01  -8.0355700e-02
   2.2960000e+01  -8.1121299e-02
   2.2970000e+01  -7.8901990e-02
   2.2980000e+01  -7.7675243e-02
   2.2990000e+01  -8.1772085e-02
   2.3000000e+01  -8.0044903e-02
   2.3010000e+01  -8.3061466e-02
   2.3020000e+01  -8.3824645e-02
   2.3030000e+01  -8.3794276e-02
   2.3040000e+01  -8.3042566e-02
   2.3050000e+01  -8.4654052e-02
   2.3060000e+01  -8.5400317e-02
   2.3070000e+01  -8.7780608e-02
   2.3080000e+01  -8.5013167e-02
   2.3090000e+01  -8.7675036e-02
   2.3100000e+01  -8.7421321e-02
   2.3110000e+01  -8.8687301e-02
   2.3120000e+01  -8.9139375e-02
   2.3130000e+01  -8.9467217e-02
   2.3140000e+01  -9.0499096e-02
   2.3150000e+01  -9.2040848e-02
   2.3160000e+01  -9.1050272e-02
   2.3170000e+01  -9.2482928e-02
   2.3180000e+01  -9.1626978e-02
   2.3190000e+01  -9.1309012e-02
   2.3200000e+01  -8.8973245e-02
   2.3210000e+01  -9.1332337e-02
   2.3220000e+01  -9.0283937e-02
   2.3230000e+01  -9.1246202e-02
   2.3240000e+01  -9.2507148e-02
   2.3250000e+01  -9.0394482e-02
   2.3260000e+01  -9.4231293e-02
   2.3270000e+01  -9.3667331e-02
   2.3280000e+01  -9.1597276e-02
   2.3290000e+01  -9.1722063e-02
   2.3300000e+01  -9.2677707e-02
   2.3310000e+01  -8.9643876e-02
   2.3320000e+01  -9.1454325e-02
   2.3330000e+01  -9.2680127e-02
   2.3340000e+01  -9.1565985e-02
   2.3350000e+01  -9.1291483e-02
   2.3360000e+01  -9.2218604e-02
   2.3370000e+01  -9.2185689e-02
   2.3380000e+01  -9.4306465e-02
   2.3390000e+01  -9.5877122e-02
   2.3400000e+01  -9.4127358e-02
   2.3410000e+01  -9.2874617e-02
   2.3420000e+01  -9.5493597e-02
   2.3430000e+01  -9.6776614e-02
   2.3440000e+01  -9.5501723e-02
   2.3450000e+01  -9.7995588e-02
   2.3460000e+01  -9.6968910e-02
   2.3470000e+01  -9.9929743e-02
   2.3480000e+01  -9.7743095e-02
   2.3490000e+01  -9.8685677e-02
   2.3500000e+01  -1.0098238e-01
   2.3510000e+01  -9.8110703e-02
   2.3520000e+01  -1.0093955e-01
   2.3530000e+01  -9.8868616e-02
   2.3540000e+01  -9.9805780e-02
   2.3550000e+01  -1.0033264e-01
   2.3560000e+01  -9.9429927e-02
   2.3570000e+01  -1.0177582e-01
   2.3580000e+01  -1.0153857e-01
   2.3590000e+01  -1.0140461e-01
   2.3600000e+01  -1.0098119e-01
   2.3610000e+01  -1.0402560e-01
   2.3620000e+01  -1.0353802e-01
   2.3630000e+01  -1.0414041e-01
   2.3640000e+01  -1.0290923e-01
   2.3650000e+01  -1.0208320e-01
   2.3660000e+01  -1.0126139e-01
   2.3670000e+01  -1.0053064e-01
   2.3680000e+01  -1.0129098e-01
   2.3690000e+01  -1.0058189e-01
   2.3700000e+01  -1.0073535e-01
   2.3710000e+01  -1.0089660e-01
   2.3720000e+01  -9.9472630e-02
   2.3730000e+01  -1.0070671e-01
   2.3740000e+01  -1.0227534e-01
   2.3750000e+01  -1.0125143e-01
   2.3760000e+01  -9.8559258e-02
   2.3770000e+01  -9.9245443e-02
   2.3780000e+01  -1.0007634e-01
   2.3790000e+01  -9.9266865e-02
   2.3800000e+01  -9.8504913e-02
   2.3810000e+01  -9.8539198e-02
   2.3820000e+01  -9.8662472e-02
   2.3830000e+01  -9.6565254e-02
   2.3840000e+01  -9.7117276e-02
   2.3850000e+01  -9.3498141e-02
   2.3860000e+01  -9.6953966e-02
   2.3870000e+01  -9.3178275e-02
   2.3880000e+01  -9.3608313e-02
   2.3890000e+01  -9.5496667e-02
   2.3900000e+01  -9.3809350e-02
   2.3910000e+01  -9.3462091e-02
   2.3920000e+01  -9.2940833e-02
   2.3930000e+01  -9.2761661e-02
   2.3940000e+01  -9.4266722e-02
   2.3950000e+01  -9.3309383e-02
   2.3960000e+01  -9.4075719e-02
   2.3970000e+01  -9.3035614e-02
   2.3980000e+01  -9.2890716e-02
   2.3990000e+01  -9.2868906e-02
   2.4000000e+01  -9.3581126e-02
   2.4010000e+01  -9.2330773e-02
   2.4020000e+01  -9.2497681e-02
   2.4030000e+01  -9.1507007e-02
   2.4040000e+01  -9.3598979e-02
   2.4050000e+01  -9.1792770e-02
   2.4060000e+01  -9.1231691e-02
   2.4070000e+01  -9.2066917e-02
   2.4080000e+01  -9.1380365e-02
   2.4090000e+01  -9.1480308e-02
   2.4100000e+01  -9.2913265e-02
   2.4110000e+01  -9.2030948e-02
   2.4120000e+01  -8.7373766e-02
   2.4130000e+01  -8.9584055e-02
   2.4140000e+01  -8.6526584e-02
   2.4150000e+01  -8.6382601e-02
   2.4160000e+01  -8.4639282e-02
   2.4170000e+01  -8.3464122e-02
   2.4180000e+01  -8.1447727e-02
   2.4190000e+01  -8.1655792e-02
   2.4200000e+01  -8.2268709e-02
   2.4210000e+01  -7.9463640e-02
   2.4220000e+01  -7.9544557e-02
   2.4230000e+01  -7.9128153e-02
   2.4240000e+01  -7.9946385e-02
   2.4250000e+01  -7.9028974e-02
   2.4260000e+01  -7.8929157e-02
   2.4270000e+01  -7.8111611e-02
   2.4280000e+01  -7.7528410e-02
   2.4290000e+01  -7.8690473e-02
   2.4300000e+01  -7.5918998e-02
   2.4310000e+01  -7.6667998e-02
   2.4320000e+01  -7.5695710e-02
   2.4330000e+01  -7.2564702e-02
   2.4340000e+01  -7.2504720e-02
   2.4350000e+01  -7.3218779e-02
   2.4360000e+01  -7.1647966e-02
   2.4370000e+01  -7.0446197e-02
   2.4380000e+01  -7.1952538e-02
   2.4390000e+01  -7.2719586e-02
   2.4400000e+01  -7.1242865e-02
   2.4410000e+01  -7.1801058e-02
   2.4420000e+01  -6.6383811e-02
   2.4430000e+01  -6.7222944e-02
   2.4440000e+01  -6.8858291e-02
   2.4450000e+01  -6.6435501e-02
   2.4460000e+01  -6.7460180e-02
   2.4470000e+01  -6.5795815e-02
   2.4480000e+01  -6.3771104e-02
   2.4490000e+01  -6.3648534e-02
   2.4500000e+01  -6.1254532e-02
   2.4510000e+01  -6.2330698e-02
   2.4520000e+01  -6.4507325e-02
   2.4530000e+01  -6.1267578e-02
   2.4540000e+01  -6.1659383e-02
   2.4550000e+01  -5.8131353e-02
   2.4560000e+01  -6.0442347e-02
   2.4570000e+01  -5.8756211e-02
   2.4580000e+01  -5.8207647e-02
   2.4590000e+01  -5.5864526e-02
   2.4600000e+01  -5.8235483e-02
   2.4610000e+01  -5.6846004e-02
   2.4620000e+01  -5.2800857e-02
   2.4630000e+01  -5.2512350e-02
   2.4640000e+01  -5.1304139e-02
   2.4650000e+01  -5.0696119e-02
   2.4660000e+01  -5.1996171e-02
   2.4670000e+01  -5.0766270e-02
   2.4680000e+01  -5.0408641e-02
   2.4690000e+01  -4.6955967e-02
   2.4700000e+01  -4.6319375e-02
   2.4710000e+01  -4.3500817e-02
   2.4720000e+01  -4.3210744e-02
   2.4730000e+01  -4.1828080e-02
   2.4740000e+01  -4.1909137e-02
   2.4750000e+01  -4.2409389e-02
   2.4760000e+01  -4.0169545e-02
   2.4770000e+01  -3.6350525e-02
   2.4780000e+01  -3.8838414e-02
   2.4790000e+01  -3.6073390e-02
   2.4800000e+01  -3.4032595e-02
   2.4810000e+01  -3.3046543e-02
   2.4820000e+01  -3.3219552e-02
   2.4830000e+01  -3.0507753e-02
   2.4840000e+01  -2.9183973e-02
   2.4850000e+01  -2.6397890e-02
   2.4860000e+01  -2.7218578e-02
   2.4870000e+01  -2.6994913e-02
   2.4880000e+01  -2.8408325e-02
   2.4890000e+01  -2.5773526e-02
   2.4900000e+01  -2.3267999e-02
   2.4910000e+01  -2.3515878e-02
   2.4920000e+01  -2.2432997e-02
   2.4930000e+01  -2.3694980e-02
   2.4940000e+01  -2.1646471e-02
   2.4950000e+01  -1.9852197e-02
   2.4960000e+01  -1.9710636e-02
   2.4970000e+01  -1.9138413e-02
   2.4980000e+01  -1.8949236e-02
   2.4990000e+01  -1.7582278e-02
   2.5000000e+01  -1.4832551e-02
   2.5010000e+01  -1.4816356e-02
   2.5020000e+01  -1.3978237e-02
   2.5030000e+01  -1.1719474e-02
   2.5040000e+01  -1.0548545e-02
   2.5050000e+01  -9.3431757e-03
   2.5060000e+01  -9.8734622e-03
   2.5070000e+01  -8.7569342e-03
   2.5080000e+01  -9.5108572e-03
   2.5090000e+01  -7.3591961e-03
   2.5100000e+01  -6.0863292e-03
   2.5110000e+01  -6.1832706e-03
   2.5120000e+01  -2.9023037e-03
   2.5130000e+01  -2.9303286e-03
   2.5140000e+01  -1.1095356e-03
   2.5150000e+01   4.2267815e-04
   2.5160000e+01   2.9184964e-03
   2.5170000e+01   3.2019158e-03
   2.5180000e+01   3.3121562e-03
   2.5190000e+01   5.9518048e-03
   2.5200000e+01   5.8433841e-03
   2.5210000e+01   5.6104990e-03
   2.5220000e+01   6.1748613e-03
   2.5230000e+01   8.3664646e-03
   2.5240000e+01   6.7922877e-03
   2.5250000e+01   7.7340573e-03
   2.5260000e+01   1.1158622e-02
   2.5270000e+01   8.9581981e-03
   2.5280000e+01   1.0548992e-02
   2.5290000e+01   1.3187326e-02
   2.5300000e+01   1.4131178e-02
   2.5310000e+01   1.4260963e-02
   2.5320000e+01   1.3680936e-02
   2.5330000e+01   1.6464091e-02
   2.5340000e+01   1.5646370e-02
   2.5350000e+01   1.6426252e-02
   2.5360000e+01   2.0813864e-02
   2.5370000e+01   1.9788939e-02
   2.5380000e+01   2.2843140e-02
   2.5390000e+01   2.0391176e-02
   2.5400000e+01   2.1607210e-02
   2.5410000e+01   2.3875368e-02
   2.5420000e+01   2.3372789e-02
   2.5430000e+01   2.4013129e-02
   2.5440000e+01   2.6628048e-02
   2.5450000e+01   2.6707781e-02
   2.5460000e+01   2.9467709e-02
   2.5470000e+01   2.9791687e-02
   2.5480000e+01   2.8697380e-02
   2.5490000e+01   3.0692258e-02
   2.5500000e+01   3.2912032e-02
   2.5510000e+01   3.4163365e-02
   2.5520000e+01   3.5570643e-02
   2.5530000e+01   3.5442707e-02
   2.5540000e+01   3.4098435e-02
   2.5550000e+01   3.6935683e-02
   2.5560000e+01   3.7448636e-02
   2.5570000e+01   3.8277237e-02
   2.5580000e+01   3.9421120e-02
   2.5590000e+01   4.2793468e-02
   2.5600000e+01   3.9839821e-02
   2.5610000e+01   4.1941952e-02
   2.5620000e+01   4.3103614e-02
   2.5630000e+01   4.2789690e-02
   2.5640000e+01   4.4166892e-02
   2.5650000e+01   4.5511688e-02
   2.5660000e+01   4.6138046e-02
   2.5670000e+01   4.6838786e-02
   2.5680000e+01   4.8490979e-02
   2.5690000e+01   4.8995052e-02
   2.5700000e+01   4.8194621e-02
   2.5710000e+01   5.2825032e-02
   2.5720000e+01   5.1073640e-02
   2.5730000e+01   5.0066877e-02
   2.5740000e+01   5.3774803e-02
   2.5750000e+01   5.5140717e-02
   2.5760000e+01   5.3671421e-02
   2.5770000e+01   5.5315942e-02
   2.5780000e+01   5.5299272e-02
   2.5790000e+01   5.7895669e-02
   2.5800000e+01   5.5785236e-02
   2.5810000e+01   5.8050476e-02
   2.5820000e+01   5.9593647e-02
   2.5830000e+01   6.1101757e-02
   2.5840000e+01   6.0395229e-02
   2.5850000e+01   6.2257056e-02
   2.5860000e+01   6.3860807e-02
   2.5870000e+01   6.4324718e-02
   2.5880000e+01   6.5002973e-02
   2.5890000e+01   6.5296824e-02
   2.5900000e+01   6.6358238e-02
   2.5910000e+01   6.7482030e-02
   2.5920000e+01   6.6820832e-02
   2.5930000e+01   6.8100091e-02
   2.5940000e+01   6.7617693e-02
   2.5950000e+01   6.7248332e-02
   2.5960000e+01   7.0845029e-02
   2.5970000e+01   7.0770654e-02
   2.5980000e+01   6.9523871e-02
   2.5990000e+01   7.2626481e-02
   2.6000000e+01   7.2008835e-02
   2.6010000e+01   7.5046632e-02
   2.6020000e+01   7.7792600e-02
   2.6030000e+01   7.5510981e-02
   2.6040000e+01   7.6034124e-02
   2.6050000e+01   7.6294399e-02
   2.6060000e+01   7.5741654e-02
   2.6070000e+01   7.8546174e-02
   2.6080000e+01   7.9265792e-02
   2.6090000e+01   8.2550477e-02
   2.6100000e+01   8.2245249e-02
   2.6110000e+01   8.3808152e-02
   2.6120000e+01   8.3029029e-02
   2.6130000e+01   8.5440225e-02
   2.6140000e+01   8.5346339e-02
   2.6150000e+01   8.3750532e-02
   2.6160000e+01   8.6292668e-02
   2.6170000e+01   8.6469996e-02
   2.6180000e+01   8.8186401e-02
   2.6190000e+01   8.6975190e-02
   2.6200000e+01   8.9808114e-02
   2.6210000e+01   8.8483241e-02
   2.6220000e+01   8.8796350e-02
   2.6230000e+01   8.6531140e-02
   2.6240000e+01   8.9616917e-02
   2.6250000e+01   8.8460464e-02
   2.6260000e+01   9.0081052e-02
   2.6270000e+01   9.0574255e-02
   2.6280000e+01   9.1209604e-02
   2.6290000e+01   8.9594597e-02
   2.6300000e+01   9.2731123e-02
   2.6310000e+01   9.2669949e-02
   2.6320000e+01   9.2767015e-02
   2.6330000e+01   9.5652147e-02
   2.6340000e+01   9.4437514e-02
   2.6350000e+01   9.2841078e-02
   2.6360000e+01   9.3118596e-02
   2.6370000e+01   9.1319802e-02
   2.6380000e+01   9.2471155e-02
   2.6390000e+01   9.2730982e-02
   2.6400000e+01   9.2240721e-02
   2.6410000e+01   9.3196929e-02
   2.6420000e+01   9.4516876e-02
   2.6430000e+01   9.4562817e-02
   2.6440000e+01   9.3933834e-02
   2.6450000e+01   9.4416379e-02
   2.6460000e+01   9.4427834e-02
   2.6470000e+01   9.3945849e-02
   2.6480000e+01   9.4626885e-02
   2.6490000e+01   9.5622151e-02
   2.6500000e+01   9.7010603e-02
   2.6510000e+01   9.5904663e-02
   2.6520000e+01   9.4440850e-02
   2.6530000e+01   9.7938899e-02
   2.6540000e+01   9.4887210e-02
   2.6550000e+01   9.4491837e-02
   2.6560000e+01   9.9072303e-02
   2.6570000e+01   9.6990078e-02
   2.6580000e+01   9.8564618e-02
   2.6590000e+01   9.8490010e-02
   2.6600000e+01   1.0039774e-01
   2.6610000e+01   9.9096592e-02
   2.6620000e+01   1.0158771e-01
   2.6630000e+01   1.0056411e-01
   2.6640000e+01   1.0163020e-01
   2.6650000e+01   1.0136688e-01
   2.6660000e+01   1.0236032e-01
   2.6670000e+01   1.0230183e-01
   2.6680000e+01   1.0309429e-01
   2.6690000e+01   1.0242805e-01
   2.6700000e+01   1.0210993e-01
   2.6710000e+01   1.0391962e-01
   2.6720000e+01   1.0228093e-01
   2.6730000e+01   1.0198383e-01
   2.6740000e+01   1.0204431e-01
   2.6750000e+01   1.0221686e-01
   2.6760000e+01   1.0483389e-01
   2.6770000e+01   1.0361481e-01
   2.6780000e+01   1.0418190e-01
   2.6790000e+01   1.0199700e-01
   2.6800000e+01   1.0087320e-01
   2.6810000e+01   1.0054534e-01
   2.6820000e+01   9.9858467e-02
   2.6830000e+01   1.0234449e-01
   2.6840000e+01   1.0074506e-01
   2.6850000e+01   1.0142280e-01
   2.6860000e+01   1.0010464e-01
   2.6870000e+01   9.9399082e-02
   2.6880000e+01   1.0019494e-01
   2.6890000e+01   1.0063612e-01
   2.6900000e+01   9.9672802e-02
   2.6910000e+01   1.0049698e-01
   2.6920000e+01   9.8531595e-02
   2.6930000e+01   9.9270551e-02
   2.6940000e+01   9.9771862e-02
   2.6950000e+01   9.9338476e-02
   2.6960000e+01   9.8768460e-02
   2.6970000e+01   1.0050557e-01
   2.6980000e+01   9.7467898e-02
   2.6990000e+01   9.6360993e-02
   2.7000000e+01   9.8730797e-02
   2.7010000e+01   9.8311722e-02
   2.7020000e+01   9.8037961e-02
   2.7030000e+01   9.8015148e-02
   2.7040000e+01   9.8484702e-02
   2.7050000e+01   9.7347331e-02
   2.7060000e+01   9.5210104e-02
   2.7070000e+01   9.4668114e-02
   2.7080000e+01   9.7219979e-02
   2.7090000e+01   9.5745022e-02
   2.7100000e+01   9.3658998e-02
   2.7110000e+01   9.3018049e-02
   2.7120000e+01   9.3008338e-02
   2.7130000e+01   9.1847553e-02
   2.7140000e+01   9.2659014e-02
   2.7150000e+01   9.3804995e-02
   2.7160000e+01   9.4884168e-02
   2.7170000e+01   9.3893040e-02
   2.7180000e+01   9.0150917e-02
   2.7190000e+01   8.8365616e-02
   2.7200000e+01   8.9832223e-02
   2.7210000e+01   8.8402456e-02
   2.7220000e+01   8.8243131e-02
   2.7230000e+01   8.7926566e-02
   2.7240000e+01   9.0038604e-02
   2.7250000e+01   8.4795328e-02
   2.7260000e+01   8.7697723e-02
   2.7270000e+01   8.6465506e-02
   2.7280000e+01   8.4071469e-02
   2.7290000e+01   8.2948952e-02
   2.7300000e+01   8.2457059e-02
   2.7310000e+01   8.1108548e-02
   2.7320000e+01   8.1156668e-02
   2.7330000e+01   8.1916916e-02
   2.7340000e+01   7.9184509e-02
   2.7350000e+01   7.7625885e-02
   2.7360000e+01   7.7114435e-02
   2.7370000e+01   7.7159870e-02
   2.7380000e+01   7.6330469e-02
   2.7390000e+01   7.6486150e-02
   2.7400000e+01   7.5156838e-02
   2.7410000e+01   7.6801663e-02
   2.7420000e+01   7.5554922e-02
   2.7430000e+01   7.7024635e-02
   2.7440000e+01   7.2913539e-02
   2.7450000e+01   7.3707752e-02
   2.7460000e+01   7.4380807e-02
   2.7470000e+01   7.2496340e-02
   2.7480000e+01   7.0878423e-02
   2.7490000e+01   7.1159677e-02
   2.7500000e+01   7.0836206e-02
   2.7510000e+01   7.3088297e-02
   2.7520000e+01   7.1941360e-02
   2.7530000e+01   7.0794116e-02
   2.7540000e+01   7.1619162e-02
   2.7550000e+01   7.1541277e-02
   2.7560000e+01   7.0330213e-02
   2.7570000e+01   7.0206211e-02
   2.7580000e+01   6.7103350e-02
   2.7590000e+01   6.8632107e-02
   2.7600000e+01   6.6684194e-02
   2.7610000e+01   6.7482691e-02
   2.7620000e+01   6.7160479e-02
   2.7630000e+01   6.4523160e-02
   2.7640000e+01   6.5614716e-02
   2.7650000e+01   6.2017917e-02
   2.7660000e+01   6.2435589e-02
   2.7670000e+01   6.1852145e-02
   2.7680000e+01   6.2205836e-02
   2.7690000e+01   5.8790421e-02
   2.7700000e+01   6.0828399e-02
   2.7710000e+01   5.8525706e-02
   2.7720000e+01   5.5504640e-02
   2.7730000e+01   5.5616458e-02
   2.7740000e+01   5.3206384e-02
   2.7750000e+01   5.2908416e-02
   2.7760000e+01   5.1370788e-02
   2.7770000e+01   5.0999282e-02
   2.7780000e+01   4.7990138e-02
   2.7790000e+01   4.7727846e-02
   2.7800000e+01   4.8132056e-02
   2.7810000e+01   4.5370255e-02
   2.7820000e+01   4.5116381e-02
   2.7830000e+01   4.3562122e-02
   2.7840000e+01   4.3546772e-02
   2.7850000e+01   4.3410741e-02
   2.7860000e+01   4.0752245e-02
   2.7870000e+01   3.9613015e-02
   2.7880000e+01   3.8906805e-02
   2.7890000e+01   3.5774204e-02
   2.7900000e+01   3.8057466e-02
   2.7910000e+01   3.8011293e-02
   2.7920000e+01   3.7595286e-02
   2.7930000e+01   3.6875229e-02
   2.7940000e+01   3.5695107e-02
   2.7950000e+01   3.3993639e-02
   2.7960000e+01   3.3766683e-02
   2.7970000e+01   3.2524887e-02
   2.7980000e+01   3.1877085e-02
   2.7990000e+01   3.0940655e-02
   2.8000000e+01   3.1817049e-02
   2.8010000e+01   2.8477730e-02
   2.8020000e+01   2.9080132e-02
   2.8030000e+01   2.8445142e-02
   2.8040000e+01   2.5419799e-02
   2.8050000e+01   2.4672064e-02
   2.8060000e+01   2.4604602e-02
   2.8070000e+01   2.2575733e-02
   2.8080000e+01   2.6290883e-02
   2.8090000e+01   2.2941981e-02
   2.8100000e+01   2.3205805e-02
   2.8110000e+01   2.2951581e-02
   2.8120000e+01   2.0406520e-02
   2.8130000e+01   2.1002609e-02
   2.8140000e+01   1.7868277e-02
   2.8150000e+01   1.7680605e-02
   2.8160000e+01   1.6478929e-02
   2.8170000e+01   1.8017250e-02
   2.8180000e+01   1.3503944e-02
   2.8190000e+01   1.4091380e-02
   2.8200000e+01   1.3274484e-02
   2.8210000e+01   1.2219186e-02
   2.8220000e+01   1.3780721e-02
   2.8230000e+01   9.5663923e-03
   2.8240000e+01   8.4572818e-03
   2.8250000e+01   9.6625395e-03
   2.8260000e+01   7.6874885e-03
   2.8270000e+01   5.8908425e-03
   2.8280000e+01   4.9793875e-03
   2.8290000e+01   2.9294260e-03
   2.8300000e+01   3.3369517e-03
   2.8310000e+01   1.9515801e-03
   2.8320000e+01   1.1485037e-03
   2.8330000e+01   1.2528556e-03
   2.8340000e+01   2.8142421e-04
   2.8350000e+01  -1.1561036e-03
   2.8360000e+01  -4.4799624e-03
   2.8370000e+01  -5.2694892e-03
   2.8380000e+01  -6.3558656e-03
   2.8390000e+01  -7.4194502e-03
   2.8400000e+01  -8.2794171e-03
   2.8410000e+01  -8.4715867e-03
   2.8420000e+01  -1.1032352e-02
   2.8430000e+01  -1.1980392e-02
   2.8440000e+01  -1.4584923e-02
   2.8450000e+01  -1.6002669e-02
   2.8460000e+01  -1.5098949e-02
   2.8470000e+01  -1.6373553e-02
   2.8480000e+01  -1.8004602e-02
   2.8490000e+01  -1.9196298e-02
   2.8500000e+01  -2.0991319e-02
   2.8510000e+01  -2.2145226e-02
   2.8520000e+01  -2.0943154e-02
   2.8530000e+01  -2.2934782e-02
   2.8540000e+01  -2.3837273e-02
   2.8550000e+01  -2.5380178e-02
   2.8560000e+01  -2.7786416e-02
   2.8570000e+01  -2.6718631e-02
   2.8580000e+01  -2.8151794e-02
   2.8590000e+01  -2.7865637e-02
   2.8600000e+01  -2.9946656e-02
   2.8610000e+01  -3.0055318e-02
   2.8620000e+01  -3.1494100e-02
   2.8630000e+01  -3.3072310e-02
   2.8640000e+01  -3.1492776e-02
   2.8650000e+01  -3.4610884e-02
   2.8660000e+01  -3.3145779e-02
   2.8670000e+01  -3.5911107e-02
   2.8680000e+01  -3.3690062e-02
   2.8690000e+01  -3.5266431e-02
   2.8700000e+01  -3.5852901e-02
   2.8710000e+01  -3.6481106e-02
   2.8720000e+01  -3.8584453e-02
   2.8730000e+01  -3.7852775e-02
   2.8740000e+01  -3.9331170e-02
   2.8750000e+01  -3.8989548e-02
   2.8760000e+01  -3.9719605e-02
   2.8770000e+01  -4.1087875e-02
   2.8780000e+01  -4.4239174e-02
   2.8790000e+01  -4.4138813e-02
   2.8800000e+01  -4.3562219e-02
   2.8810000e+01  -4.4762523e-02
   2.8820000e+01  -4.8426604e-02
   2.8830000e+01  -5.0023178e-02
   2.8840000e+01  -4.8675232e-02
   2.8850000e+01  -5.0971305e-02
   2.8860000e+01  -5.1724682e-02
   2.8870000e+01  -5.3817820e-02
   2.8880000e+01  -5.4027264e-02
   2.8890000e+01  -5.5636195e-02
   2.8900000e+01  -5.5664242e-02
   2.8910000e+01  -5.7967203e-02
   2.8920000e+01  -5.8978607e-02
   2.8930000e+01  -5.5166374e-02
   2.8940000e+01  -6.0451774e-02
   2.8950000e+01  -6.2297444e-02
   2.8960000e+01  -6.2983213e-02
   2.8970000e+01  -6.2746505e-02
   2.8980000e+01  -6.2824421e-02
   2.8990000e+01  -6.4490387e-02
   2.9000000e+01  -6.4467477e-02
   2.9010000e+01  -6.4039082e-02
   2.9020000e+01  -6.5891565e-02
   2.9030000e+01  -6.7379228e-02
   2.9040000e+01  -6.5884235e-02
   2.9050000e+01  -6.8779737e-02
   2.9060000e+01  -6.6486439e-02
   2.9070000e+01  -6.8639328e-02
   2.9080000e+01  -6.8170513e-02
   2.9090000e+01  -7.0505316e-02
   2.9100000e+01  -6.8440109e-02
   2.9110000e+01  -7.1081496e-02
   2.9120000e+01  -7.2728750e-02
   2.9130000e+01  -7.1346317e-02
   2.9140000e+01  -7.0873819e-02
   2.9150000e+01  -7.3297947e-02
   2.9160000e+01  -7.2203345e-02
   2.9170000e+01  -7.5066709e-02
   2.9180000e+01  -7.4465756e-02
   2.9190000e+01  -7.4942442e-02
   2.9200000e+01  -7.4524192e-02
   2.9210000e+01  -7.4909915e-02
   2.9220000e+01  -7.6432987e-02
   2.9230000e+01  -7.7491090e-02
   2.9240000e+01  -7.7287032e-02
   2.9250000e+01  -7.9092333e-02
   2.9260000e+01  -8.1466783e-02
   2.9270000e+01  -8.0820845e-02
   2.9280000e+01  -8.2654813e-02
   2.9290000e+01  -8.2522566e-02
   2.9300000e+01  -8.6041681e-02
   2.9310000e+01  -8.4773508e-02
   2.9320000e+01  -8.4363610e-02
   2.9330000e+01  -8.5281270e-02
   2.9340000e+01  -8.8548325e-02
   2.9350000e+01  -8.8641065e-02
   2.9360000e+01  -8.7317962e-02
   2.9370000e+01  -9.0073320e-02
   2.9380000e+01  -9.1677564e-02
   2.9390000e+01  -9.1920925e-02
   2.9400000e+01  -9.1239494e-02
   2.9410000e+01  -9.0978529e-02
   2.9420000e+01  -9.1632131e-02
   2.9430000e+01  -9.2917827e-02
   2.9440000e+01  -9.2566425e-02
   2.9450000e+01  -9.1135922e-02
   2.9460000e+01  -9.2023196e-02
   2.9470000e+01  -9.2259336e-02
   2.9480000e+01  -9.0726671e-02
   2.9490000e+01  -9.2806403e-02
   2.9500000e+01  -9.3538619e-02
   2.9510000e+01  -9.5287999e-02
   2.9520000e+01  -9.2523104e-02
   2.9530000e+01  -9.4741954e-02
   2.9540000e+01  -9.2134945e-02
   2.9550000e+01  -9.4531916e-02
   2.9560000e+01  -9.2947292e-02
   2.9570000e+01  -9.2815401e-02
   2.9580000e+01  -9.4653801e-02
   2.9590000e+01  -9.6523233e-02
   2.9600000e+01  -9.2871357e-02
   2.9610000e+01  -9.2373214e-02
   2.9620000e+01  -9.4217126e-02
   2.9630000e+01  -9.6803296e-02
   2.9640000e+01  -9.3084316e-02
   2.9650000e+01  -9.7629708e-02
   2.9660000e+01  -9.5717491e-02
   2.9670000e+01  -9.6134648e-02
   2.9680000e+01  -9.7474168e-02
   2.9690000e+01  -9.6807185e-02
   2.9700000e+01  -9.6358955e-02
   2.9710000e+01  -9.6613558e-02
   2.9720000e+01  -9.6672964e-02
   2.9730000e+01  -9.6283745e-02
   2.9740000e+01  -9.7173831e-02
   2.9750000e+01  -9.6788649e-02
   2.9760000e+01  -9.8718479e-02
   2.9770000e+01  -9.7665254e-02
   2.9780000e+01  -9.8707515e-02
   2.9790000e+01  -1.0157260e-01
   2.9800000e+01  -1.0024487e-01
   2.9810000e+01  -1.0074679e-01
   2.9820000e+01  -1.0268016e-01
   2.9830000e+01  -1.0024267e-01
   2.9840000e+01  -1.0070894e-01
   2.9850000e+01  -1.0045964e-01
   2.9860000e+01  -1.0225810e-01
   2.9870000e+01  -1.0190126e-01
   2.9880000e+01  -1.0565907e-01
   2.9890000e+01  -1.0348092e-01
   2.9900000e+01  -1.0320963e-01
   2.9910000e+01  -1.0281761e-01
   2.9920000e+01  -1.0407602e-01
   2.9930000e+01  -1.0481007e-01
   2.9940000e+01  -1.0488035e-01
   2.9950000e+01  -1.0638207e-01
   2.9960000e+01  -1.0348472e-01
   2.9970000e+01  -1.0429448e-01
   2.9980000e+01  -1.0397866e-01
   2.9990000e+01  -1.0135530e-01
   3.0000000e+01  -1.0102644e-01
