   1.0000000e-02   0.0000000e+00
   2.0000000e-02   4.9999992e-04
   3.0000000e-02   9.9999933e-04
   4.0000000e-02   1.4999978e-03
   5.0000000e-02   1.9999947e-03
   6.0000000e-02   2.4999896e-03
   7.0000000e-02   2.9999820e-03
   8.0000000e-02   3.4999714e-03
   9.0000000e-02   3.9999573e-03
   1.0000000e-01   4.4999393e-03
   1.1000000e-01   4.9999167e-03
   1.2000000e-01   5.4998891e-03
   1.3000000e-01   5.9998560e-03
   1.4000000e-01   6.4998169e-03
   1.5000000e-01   6.9997713e-03
   1.6000000e-01   7.4997188e-03
   1.7000000e-01   7.9996587e-03
   1.8000000e-01   8.4995906e-03
   1.9000000e-01   8.9995140e-03
   2.0000000e-01   9.4994284e-03
   2.1000000e-01   9.9993333e-03
   2.2000000e-01   1.0499228e-02
   2.3000000e-01   1.0999113e-02
   2.4000000e-01   1.1498986e-02
   2.5000000e-01   1.1998848e-02
   2.6000000e-01   1.2498698e-02
   2.7000000e-01   1.2998535e-02
   2.8000000e-01   1.3498360e-02
   2.9000000e-01   1.3998171e-02
   3.0000000e-01   1.4497968e-02
   3.1000000e-01   1.4997750e-02
   3.2000000e-01   1.5497518e-02
   3.3000000e-01   1.5997269e-02
   3.4000000e-01   1.6497005e-02
   3.5000000e-01   1.6996725e-02
   3.6000000e-01   1.7496427e-02
   3.7000000e-01   1.7996112e-02
   3.8000000e-01   1.8495779e-02
   3.9000000e-01   1.8995428e-02
   4.0000000e-01   1.9495057e-02
   4.1000000e-01   1.9994667e-02
   4.2000000e-01   2.0494257e-02
   4.3000000e-01   2.0993827e-02
   4.4000000e-01   2.1493375e-02
   4.5000000e-01   2.1992902e-02
   4.6000000e-01   2.2492407e-02
   4.7000000e-01   2.2991890e-02
   4.8000000e-01   2.3491349e-02
   4.9000000e-01   2.3990785e-02
   5.0000000e-01   2.4490197e-02
   5.1000000e-01   2.4989585e-02
   5.2000000e-01   2.5488947e-02
   5.3000000e-01   2.5988284e-02
   5.4000000e-01   2.6487595e-02
   5.5000000e-01   2.6986880e-02
   5.6000000e-01   2.7486138e-02
   5.7000000e-01   2.7985368e-02
   5.8000000e-01   2.8484570e-02
   5.9000000e-01   2.8983743e-02
   6.0000000e-01   2.9482888e-02
   6.1000000e-01   2.9982003e-02
   6.2000000e-01   3.0481088e-02
   6.3000000e-01   3.0980143e-02
   6.4000000e-01   3.1479167e-02
   6.5000000e-01   3.1978159e-02
   6.6000000e-01   3.2477119e-02
   6.7000000e-01   3.2976047e-02
   6.8000000e-01   3.3474942e-02
   6.9000000e-01   3.3973803e-02
   7.0000000e-01   3.4472631e-02
   7.1000000e-01   3.4971424e-02
   7.2000000e-01   3.5470182e-02
   7.3000000e-01   3.5968904e-02
   7.4000000e-01   3.6467591e-02
   7.5000000e-01   3.6966241e-02
   7.6000000e-01   3.7464854e-02
   7.7000000e-01   3.7963429e-02
   7.8000000e-01   3.8461967e-02
   7.9000000e-01   3.8960466e-02
   8.0000000e-01   3.9458926e-02
   8.1000000e-01   3.9957347e-02
   8.2000000e-01   4.0455728e-02
   8.3000000e-01   4.0954068e-02
   8.4000000e-01   4.1452367e-02
   8.5000000e-01   4.1950625e-02
   8.6000000e-01   4.2448841e-02
   8.7000000e-01   4.2947015e-02
   8.8000000e-01   4.3445146e-02
   8.9000000e-01   4.3943233e-02
   9.0000000e-01   4.4441276e-02
   9.1000000e-01   4.4939275e-02
   9.2000000e-01   4.5437228e-02
   9.3000000e-01   4.5935137e-02
   9.4000000e-01   4.6432999e-02
   9.5000000e-01   4.6930815e-02
   9.6000000e-01   4.7428584e-02
   9.7000000e-01   4.7926306e-02
   9.8000000e-01   4.8423980e-02
   9.9000000e-01   4.8921605e-02
   1.0000000e+00   4.9419181e-02
   1.0100000e+00   4.9916708e-02
   1.0200000e+00   5.0414185e-02
   1.0300000e+00   5.0911612e-02
   1.0400000e+00   5.1408988e-02
   1.0500000e+00   5.1906312e-02
   1.0600000e+00   5.2403584e-02
   1.0700000e+00   5.2900804e-02
   1.0800000e+00   5.3397972e-02
   1.0900000e+00   5.3895085e-02
   1.1000000e+00   5.4392145e-02
   1.1100000e+00   5.4889150e-02
   1.1200000e+00   5.5386101e-02
   1.1300000e+00   5.5882996e-02
   1.1400000e+00   5.6379835e-02
   1.1500000e+00   5.6876618e-02
   1.1600000e+00   5.7373344e-02
   1.1700000e+00   5.7870013e-02
   1.1800000e+00   5.8366624e-02
   1.1900000e+00   5.8863176e-02
   1.2000000e+00   5.9359669e-02
   1.2100000e+00   5.9856104e-02
   1.2200000e+00   6.0352478e-02
   1.2300000e+00   6.0848792e-02
   1.2400000e+00   6.1345045e-02
   1.2500000e+00   6.1841237e-02
   1.2600000e+00   6.2337367e-02
   1.2700000e+00   6.2833434e-02
   1.2800000e+00   6.3329439e-02
   1.2900000e+00   6.3825380e-02
   1.3000000e+00   6.4321258e-02
   1.3100000e+00   6.4817071e-02
   1.3200000e+00   6.5312820e-02
   1.3300000e+00   6.5808503e-02
   1.3400000e+00   6.6304120e-02
   1.3500000e+00   6.6799671e-02
   1.3600000e+00   6.7295156e-02
   1.3700000e+00   6.7790572e-02
   1.3800000e+00   6.8285922e-02
   1.3900000e+00   6.8781202e-02
   1.4000000e+00   6.9276415e-02
   1.4100000e+00   6.9771557e-02
   1.4200000e+00   7.0266630e-02
   1.4300000e+00   7.0761633e-02
   1.4400000e+00   7.1256565e-02
   1.4500000e+00   7.1751426e-02
   1.4600000e+00   7.2246215e-02
   1.4700000e+00   7.2740932e-02
   1.4800000e+00   7.3235576e-02
   1.4900000e+00   7.3730146e-02
   1.5000000e+00   7.4224643e-02
   1.5100000e+00   7.4719066e-02
   1.5200000e+00   7.5213414e-02
   1.5300000e+00   7.5707687e-02
   1.5400000e+00   7.6201884e-02
   1.5500000e+00   7.6696005e-02
   1.5600000e+00   7.7190050e-02
   1.5700000e+00   7.7684017e-02
   1.5800000e+00   7.8177906e-02
   1.5900000e+00   7.8671717e-02
   1.6000000e+00   7.9165450e-02
   1.6100000e+00   7.9659103e-02
   1.6200000e+00   8.0152677e-02
   1.6300000e+00   8.0646171e-02
   1.6400000e+00   8.1139584e-02
   1.6500000e+00   8.1632915e-02
   1.6600000e+00   8.2126165e-02
   1.6700000e+00   8.2619334e-02
   1.6800000e+00   8.3112419e-02
   1.6900000e+00   8.3605421e-02
   1.7000000e+00   8.4098340e-02
   1.7100000e+00   8.4591175e-02
   1.7200000e+00   8.5083925e-02
   1.7300000e+00   8.5576589e-02
   1.7400000e+00   8.6069169e-02
   1.7500000e+00   8.6561662e-02
   1.7600000e+00   8.7054069e-02
   1.7700000e+00   8.7546388e-02
   1.7800000e+00   8.8038621e-02
   1.7900000e+00   8.8530765e-02
   1.8000000e+00   8.9022820e-02
   1.8100000e+00   8.9514787e-02
   1.8200000e+00   9.0006664e-02
   1.8300000e+00   9.0498451e-02
   1.8400000e+00   9.0990147e-02
   1.8500000e+00   9.1481753e-02
   1.8600000e+00   9.1973267e-02
   1.8700000e+00   9.2464689e-02
   1.8800000e+00   9.2956018e-02
   1.8900000e+00   9.3447255e-02
   1.9000000e+00   9.3938398e-02
   1.9100000e+00   9.4429447e-02
   1.9200000e+00   9.4920402e-02
   1.9300000e+00   9.5411262e-02
   1.9400000e+00   9.5902027e-02
   1.9500000e+00   9.6392695e-02
   1.9600000e+00   9.6883267e-02
   1.9700000e+00   9.7373743e-02
   1.9800000e+00   9.7864121e-02
   1.9900000e+00   9.8354401e-02
   2.0000000e+00   9.8844583e-02
   2.0100000e+00   9.9334665e-02
   2.0200000e+00   9.9824649e-02
   2.0300000e+00   1.0031453e-01
   2.0400000e+00   1.0080432e-01
   2.0500000e+00   1.0129400e-01
   2.0600000e+00   1.0178358e-01
   2.0700000e+00   1.0227306e-01
   2.0800000e+00   1.0276244e-01
   2.0900000e+00   1.0325171e-01
   2.1000000e+00   1.0374088e-01
   2.1100000e+00   1.0422995e-01
   2.1200000e+00   1.0471891e-01
   2.1300000e+00   1.0520777e-01
   2.1400000e+00   1.0569653e-01
   2.1500000e+00   1.0618517e-01
   2.1600000e+00   1.0667371e-01
   2.1700000e+00   1.0716215e-01
   2.1800000e+00   1.0765048e-01
   2.1900000e+00   1.0813870e-01
   2.2000000e+00   1.0862681e-01
   2.2100000e+00   1.0911481e-01
   2.2200000e+00   1.0960271e-01
   2.2300000e+00   1.1009049e-01
   2.2400000e+00   1.1057816e-01
   2.2500000e+00   1.1106573e-01
   2.2600000e+00   1.1155318e-01
   2.2700000e+00   1.1204052e-01
   2.2800000e+00   1.1252775e-01
   2.2900000e+00   1.1301487e-01
   2.3000000e+00   1.1350187e-01
   2.3100000e+00   1.1398876e-01
   2.3200000e+00   1.1447554e-01
   2.3300000e+00   1.1496220e-01
   2.3400000e+00   1.1544875e-01
   2.3500000e+00   1.1593518e-01
   2.3600000e+00   1.1642149e-01
   2.3700000e+00   1.1690769e-01
   2.3800000e+00   1.1739377e-01
   2.3900000e+00   1.1787974e-01
   2.4000000e+00   1.1836558e-01
   2.4100000e+00   1.1885131e-01
   2.4200000e+00   1.1933692e-01
   2.4300000e+00   1.1982241e-01
   2.4400000e+00   1.2030778e-01
   2.4500000e+00   1.2079303e-01
   2.4600000e+00   1.2127816e-01
   2.4700000e+00   1.2176317e-01
   2.4800000e+00   1.2224806e-01
   2.4900000e+00   1.2273282e-01
   2.5000000e+00   1.2321746e-01
   2.5100000e+00   1.2370198e-01
   2.5200000e+00   1.2418637e-01
   2.5300000e+00   1.2467064e-01
   2.5400000e+00   1.2515479e-01
   2.5500000e+00   1.2563881e-01
   2.5600000e+00   1.2612270e-01
   2.5700000e+00   1.2660647e-01
   2.5800000e+00   1.2709011e-01
   2.5900000e+00   1.2757363e-01
   2.6000000e+00   1.2805702e-01
   2.6100000e+00   1.2854028e-01
   2.6200000e+00   1.2902341e-01
   2.6300000e+00   1.2950641e-01
   2.6400000e+00   1.2998928e-01
   2.6500000e+00   1.3047202e-01
   2.6600000e+00   1.3095463e-01
   2.6700000e+00   1.3143711e-01
   2.6800000e+00   1.3191946e-01
   2.6900000e+00   1.3240168e-01
   2.7000000e+00   1.3288377e-01
   2.7100000e+00   1.3336572e-01
   2.7200000e+00   1.3384754e-01
   2.7300000e+00   1.3432922e-01
   2.7400000e+00   1.3481077e-01
   2.7500000e+00   1.3529219e-01
   2.7600000e+00   1.3577347e-01
   2.7700000e+00   1.3625461e-01
   2.7800000e+00   1.3673562e-01
   2.7900000e+00   1.3721649e-01
   2.8000000e+00   1.3769723e-01
   2.8100000e+00   1.3817782e-01
   2.8200000e+00   1.3865828e-01
   2.8300000e+00   1.3913860e-01
   2.8400000e+00   1.3961878e-01
   2.8500000e+00   1.4009882e-01
   2.8600000e+00   1.4057873e-01
   2.8700000e+00   1.4105849e-01
   2.8800000e+00   1.4153811e-01
   2.8900000e+00   1.4201758e-01
   2.9000000e+00   1.4249692e-01
   2.9100000e+00   1.4297611e-01
   2.9200000e+00   1.4345516e-01
   2.9300000e+00   1.4393407e-01
   2.9400000e+00   1.4441283e-01
   2.9500000e+00   1.4489145e-01
   2.9600000e+00   1.4536993e-01
   2.9700000e+00   1.4584825e-01
   2.9800000e+00   1.4632644e-01
   2.9900000e+00   1.4680447e-01
   3.0000000e+00   1.4728236e-01
   3.0100000e+00   1.4776010e-01
   3.0200000e+00   1.4823770e-01
   3.0300000e+00   1.4871514e-01
   3.0400000e+00   1.4919244e-01
   3.0500000e+00   1.4966959e-01
   3.0600000e+00   1.5014659e-01
   3.0700000e+00   1.5062344e-01
   3.0800000e+00   1.5110013e-01
   3.0900000e+00   1.5157668e-01
   3.1000000e+00   1.5205308e-01
   3.1100000e+00   1.5252932e-01
   3.1200000e+00   1.5300541e-01
   3.1300000e+00   1.5348135e-01
   3.1400000e+00   1.5395713e-01
   3.1500000e+00   1.5443276e-01
   3.1600000e+00   1.5490824e-01
   3.1700000e+00   1.5538356e-01
   3.1800000e+00   1.5585872e-01
   3.1900000e+00   1.5633373e-01
   3.2000000e+00   1.5680858e-01
   3.2100000e+00   1.5728328e-01
   3.2200000e+00   1.5775782e-01
   3.2300000e+00   1.5823220e-01
   3.2400000e+00   1.5870642e-01
   3.2500000e+00   1.5918049e-01
   3.2600000e+00   1.5965439e-01
   3.2700000e+00   1.6012814e-01
   3.2800000e+00   1.6060172e-01
   3.2900000e+00   1.6107515e-01
   3.3000000e+00   1.6154841e-01
   3.3100000e+00   1.6202151e-01
   3.3200000e+00   1.6249445e-01
   3.3300000e+00   1.6296723e-01
   3.3400000e+00   1.6343985e-01
   3.3500000e+00   1.6391230e-01
   3.3600000e+00   1.6438458e-01
   3.3700000e+00   1.6485671e-01
   3.3800000e+00   1.6532867e-01
   3.3900000e+00   1.6580046e-01
   3.4000000e+00   1.6627209e-01
   3.4100000e+00   1.6674355e-01
   3.4200000e+00   1.6721484e-01
   3.4300000e+00   1.6768597e-01
   3.4400000e+00   1.6815693e-01
   3.4500000e+00   1.6862772e-01
   3.4600000e+00   1.6909834e-01
   3.4700000e+00   1.6956879e-01
   3.4800000e+00   1.7003908e-01
   3.4900000e+00   1.7050919e-01
   3.5000000e+00   1.7097913e-01
   3.5100000e+00   1.7144890e-01
   3.5200000e+00   1.7191850e-01
   3.5300000e+00   1.7238793e-01
   3.5400000e+00   1.7285719e-01
   3.5500000e+00   1.7332627e-01
   3.5600000e+00   1.7379518e-01
   3.5700000e+00   1.7426392e-01
   3.5800000e+00   1.7473248e-01
   3.5900000e+00   1.7520087e-01
   3.6000000e+00   1.7566908e-01
   3.6100000e+00   1.7613712e-01
   3.6200000e+00   1.7660498e-01
   3.6300000e+00   1.7707266e-01
   3.6400000e+00   1.7754017e-01
   3.6500000e+00   1.7800750e-01
   3.6600000e+00   1.7847465e-01
   3.6700000e+00   1.7894162e-01
   3.6800000e+00   1.7940841e-01
   3.6900000e+00   1.7987503e-01
   3.7000000e+00   1.8034146e-01
   3.7100000e+00   1.8080772e-01
   3.7200000e+00   1.8127379e-01
   3.7300000e+00   1.8173968e-01
   3.7400000e+00   1.8220539e-01
   3.7500000e+00   1.8267092e-01
   3.7600000e+00   1.8313626e-01
   3.7700000e+00   1.8360143e-01
   3.7800000e+00   1.8406641e-01
   3.7900000e+00   1.8453120e-01
   3.8000000e+00   1.8499581e-01
   3.8100000e+00   1.8546023e-01
   3.8200000e+00   1.8592447e-01
   3.8300000e+00   1.8638853e-01
   3.8400000e+00   1.8685239e-01
   3.8500000e+00   1.8731608e-01
   3.8600000e+00   1.8777957e-01
   3.8700000e+00   1.8824287e-01
   3.8800000e+00   1.8870599e-01
   3.8900000e+00   1.8916892e-01
   3.9000000e+00   1.8963166e-01
   3.9100000e+00   1.9009421e-01
   3.9200000e+00   1.9055657e-01
   3.9300000e+00   1.9101874e-01
   3.9400000e+00   1.9148071e-01
   3.9500000e+00   1.9194250e-01
   3.9600000e+00   1.9240409e-01
   3.9700000e+00   1.9286550e-01
   3.9800000e+00   1.9332671e-01
   3.9900000e+00   1.9378772e-01
   4.0000000e+00   1.9424854e-01
   4.0100000e+00   1.9470917e-01
   4.0200000e+00   1.9516960e-01
   4.0300000e+00   1.9562984e-01
   4.0400000e+00   1.9608988e-01
   4.0500000e+00   1.9654973e-01
   4.0600000e+00   1.9700938e-01
   4.0700000e+00   1.9746883e-01
   4.0800000e+00   1.9792809e-01
   4.0900000e+00   1.9838715e-01
   4.1000000e+00   1.9884600e-01
   4.1100000e+00   1.9930466e-01
   4.1200000e+00   1.9976312e-01
   4.1300000e+00   2.0022139e-01
   4.1400000e+00   2.0067945e-01
   4.1500000e+00   2.0113731e-01
   4.1600000e+00   2.0159497e-01
   4.1700000e+00   2.0205242e-01
   4.1800000e+00   2.0250968e-01
   4.1900000e+00   2.0296673e-01
   4.2000000e+00   2.0342358e-01
   4.2100000e+00   2.0388023e-01
   4.2200000e+00   2.0433667e-01
   4.2300000e+00   2.0479291e-01
   4.2400000e+00   2.0524894e-01
   4.2500000e+00   2.0570477e-01
   4.2600000e+00   2.0616039e-01
   4.2700000e+00   2.0661581e-01
   4.2800000e+00   2.0707102e-01
   4.2900000e+00   2.0752602e-01
   4.3000000e+00   2.0798081e-01
   4.3100000e+00   2.0843540e-01
   4.3200000e+00   2.0888978e-01
   4.3300000e+00   2.0934395e-01
   4.3400000e+00   2.0979791e-01
   4.3500000e+00   2.1025166e-01
   4.3600000e+00   2.1070520e-01
   4.3700000e+00   2.1115853e-01
   4.3800000e+00   2.1161165e-01
   4.3900000e+00   2.1206456e-01
   4.4000000e+00   2.1251725e-01
   4.4100000e+00   2.1296973e-01
   4.4200000e+00   2.1342200e-01
   4.4300000e+00   2.1387406e-01
   4.4400000e+00   2.1432590e-01
   4.4500000e+00   2.1477753e-01
   4.4600000e+00   2.1522894e-01
   4.4700000e+00   2.1568014e-01
   4.4800000e+00   2.1613112e-01
   4.4900000e+00   2.1658189e-01
   4.5000000e+00   2.1703243e-01
   4.5100000e+00   2.1748277e-01
   4.5200000e+00   2.1793288e-01
   4.5300000e+00   2.1838278e-01
   4.5400000e+00   2.1883246e-01
   4.5500000e+00   2.1928192e-01
   4.5600000e+00   2.1973116e-01
   4.5700000e+00   2.2018018e-01
   4.5800000e+00   2.2062898e-01
   4.5900000e+00   2.2107756e-01
   4.6000000e+00   2.2152592e-01
   4.6100000e+00   2.2197405e-01
   4.6200000e+00   2.2242197e-01
   4.6300000e+00   2.2286966e-01
   4.6400000e+00   2.2331713e-01
   4.6500000e+00   2.2376438e-01
   4.6600000e+00   2.2421140e-01
   4.6700000e+00   2.2465820e-01
   4.6800000e+00   2.2510477e-01
   4.6900000e+00   2.2555112e-01
   4.7000000e+00   2.2599725e-01
   4.7100000e+00   2.2644314e-01
   4.7200000e+00   2.2688881e-01
   4.7300000e+00   2.2733426e-01
   4.7400000e+00   2.2777947e-01
   4.7500000e+00   2.2822446e-01
   4.7600000e+00   2.2866922e-01
   4.7700000e+00   2.2911376e-01
   4.7800000e+00   2.2955806e-01
   4.7900000e+00   2.3000213e-01
   4.8000000e+00   2.3044597e-01
   4.8100000e+00   2.3088959e-01
   4.8200000e+00   2.3133297e-01
   4.8300000e+00   2.3177612e-01
   4.8400000e+00   2.3221904e-01
   4.8500000e+00   2.3266173e-01
   4.8600000e+00   2.3310418e-01
   4.8700000e+00   2.3354640e-01
   4.8800000e+00   2.3398839e-01
   4.8900000e+00   2.3443014e-01
   4.9000000e+00   2.3487166e-01
   4.9100000e+00   2.3531294e-01
   4.9200000e+00   2.3575399e-01
   4.9300000e+00   2.3619481e-01
   4.9400000e+00   2.3663538e-01
   4.9500000e+00   2.3707572e-01
   4.9600000e+00   2.3751583e-01
   4.9700000e+00   2.3795569e-01
   4.9800000e+00   2.3839532e-01
   4.9900000e+00   2.3883471e-01
   5.0000000e+00   2.3927386e-01
   5.0100000e+00   2.3971277e-01
   5.0200000e+00   2.4015144e-01
   5.0300000e+00   2.4058987e-01
   5.0400000e+00   2.4102806e-01
   5.0500000e+00   2.4146601e-01
   5.0600000e+00   2.4190372e-01
   5.0700000e+00   2.4234119e-01
   5.0800000e+00   2.4277841e-01
   5.0900000e+00   2.4321539e-01
   5.1000000e+00   2.4365213e-01
   5.1100000e+00   2.4408862e-01
   5.1200000e+00   2.4452487e-01
   5.1300000e+00   2.4496088e-01
   5.1400000e+00   2.4539664e-01
   5.1500000e+00   2.4583216e-01
   5.1600000e+00   2.4626742e-01
   5.1700000e+00   2.4670245e-01
   5.1800000e+00   2.4713722e-01
   5.1900000e+00   2.4757175e-01
   5.2000000e+00   2.4800604e-01
   5.2100000e+00   2.4844007e-01
   5.2200000e+00   2.4887385e-01
   5.2300000e+00   2.4930739e-01
   5.2400000e+00   2.4974068e-01
   5.2500000e+00   2.5017372e-01
   5.2600000e+00   2.5060650e-01
   5.2700000e+00   2.5103904e-01
   5.2800000e+00   2.5147132e-01
   5.2900000e+00   2.5190336e-01
   5.3000000e+00   2.5233514e-01
   5.3100000e+00   2.5276667e-01
   5.3200000e+00   2.5319795e-01
   5.3300000e+00   2.5362897e-01
   5.3400000e+00   2.5405974e-01
   5.3500000e+00   2.5449026e-01
   5.3600000e+00   2.5492052e-01
   5.3700000e+00   2.5535053e-01
   5.3800000e+00   2.5578028e-01
   5.3900000e+00   2.5620977e-01
   5.4000000e+00   2.5663901e-01
   5.4100000e+00   2.5706800e-01
   5.4200000e+00   2.5749672e-01
   5.4300000e+00   2.5792519e-01
   5.4400000e+00   2.5835340e-01
   5.4500000e+00   2.5878135e-01
   5.4600000e+00   2.5920905e-01
   5.4700000e+00   2.5963648e-01
   5.4800000e+00   2.6006365e-01
   5.4900000e+00   2.6049057e-01
   5.5000000e+00   2.6091722e-01
   5.5100000e+00   2.6134361e-01
   5.5200000e+00   2.6176975e-01
   5.5300000e+00   2.6219562e-01
   5.5400000e+00   2.6262122e-01
   5.5500000e+00   2.6304657e-01
   5.5600000e+00   2.6347165e-01
   5.5700000e+00   2.6389647e-01
   5.5800000e+00   2.6432102e-01
   5.5900000e+00   2.6474531e-01
   5.6000000e+00   2.6516934e-01
   5.6100000e+00   2.6559310e-01
   5.6200000e+00   2.6601659e-01
   5.6300000e+00   2.6643982e-01
   5.6400000e+00   2.6686278e-01
   5.6500000e+00   2.6728548e-01
   5.6600000e+00   2.6770791e-01
   5.6700000e+00   2.6813007e-01
   5.6800000e+00   2.6855196e-01
   5.6900000e+00   2.6897358e-01
   5.7000000e+00   2.6939494e-01
   5.7100000e+00   2.6981602e-01
   5.7200000e+00   2.7023684e-01
   5.7300000e+00   2.7065739e-01
   5.7400000e+00   2.7107766e-01
   5.7500000e+00   2.7149766e-01
   5.7600000e+00   2.7191740e-01
   5.7700000e+00   2.7233686e-01
   5.7800000e+00   2.7275604e-01
   5.7900000e+00   2.7317496e-01
   5.8000000e+00   2.7359360e-01
   5.8100000e+00   2.7401197e-01
   5.8200000e+00   2.7443006e-01
   5.8300000e+00   2.7484788e-01
   5.8400000e+00   2.7526543e-01
   5.8500000e+00   2.7568270e-01
   5.8600000e+00   2.7609969e-01
   5.8700000e+00   2.7651641e-01
   5.8800000e+00   2.7693285e-01
   5.8900000e+00   2.7734901e-01
   5.9000000e+00   2.7776490e-01
   5.9100000e+00   2.7818051e-01
   5.9200000e+00   2.7859584e-01
   5.9300000e+00   2.7901090e-01
   5.9400000e+00   2.7942567e-01
   5.9500000e+00   2.7984016e-01
   5.9600000e+00   2.8025438e-01
   5.9700000e+00   2.8066831e-01
   5.9800000e+00   2.8108196e-01
   5.9900000e+00   2.8149534e-01
   6.0000000e+00   2.8190843e-01
   6.0100000e+00   2.8232124e-01
   6.0200000e+00   2.8273376e-01
   6.0300000e+00   2.8314601e-01
   6.0400000e+00   2.8355797e-01
   6.0500000e+00   2.8396964e-01
   6.0600000e+00   2.8438104e-01
   6.0700000e+00   2.8479215e-01
   6.0800000e+00   2.8520297e-01
   6.0900000e+00   2.8561351e-01
   6.1000000e+00   2.8602376e-01
   6.1100000e+00   2.8643373e-01
   6.1200000e+00   2.8684341e-01
   6.1300000e+00   2.8725280e-01
   6.1400000e+00   2.8766191e-01
   6.1500000e+00   2.8807073e-01
   6.1600000e+00   2.8847926e-01
   6.1700000e+00   2.8888750e-01
   6.1800000e+00   2.8929546e-01
   6.1900000e+00   2.8970312e-01
   6.2000000e+00   2.9011050e-01
   6.2100000e+00   2.9051758e-01
   6.2200000e+00   2.9092437e-01
   6.2300000e+00   2.9133088e-01
   6.2400000e+00   2.9173709e-01
   6.2500000e+00   2.9214301e-01
   6.2600000e+00   2.9254864e-01
   6.2700000e+00   2.9295397e-01
   6.2800000e+00   2.9335901e-01
   6.2900000e+00   2.9376376e-01
   6.3000000e+00   2.9416822e-01
   6.3100000e+00   2.9457238e-01
   6.3200000e+00   2.9497625e-01
   6.3300000e+00   2.9537982e-01
   6.3400000e+00   2.9578309e-01
   6.3500000e+00   2.9618607e-01
   6.3600000e+00   2.9658876e-01
   6.3700000e+00   2.9699114e-01
   6.3800000e+00   2.9739324e-01
   6.3900000e+00   2.9779503e-01
   6.4000000e+00   2.9819652e-01
   6.4100000e+00   2.9859772e-01
   6.4200000e+00   2.9899862e-01
   6.4300000e+00   2.9939922e-01
   6.4400000e+00   2.9979952e-01
   6.4500000e+00   3.0019952e-01
   6.4600000e+00   3.0059922e-01
   6.4700000e+00   3.0099862e-01
   6.4800000e+00   3.0139772e-01
   6.4900000e+00   3.0179651e-01
   6.5000000e+00   3.0219501e-01
   6.5100000e+00   3.0259320e-01
   6.5200000e+00   3.0299109e-01
   6.5300000e+00   3.0338868e-01
   6.5400000e+00   3.0378597e-01
   6.5500000e+00   3.0418295e-01
   6.5600000e+00   3.0457962e-01
   6.5700000e+00   3.0497599e-01
   6.5800000e+00   3.0537206e-01
   6.5900000e+00   3.0576782e-01
   6.6000000e+00   3.0616328e-01
   6.6100000e+00   3.0655843e-01
   6.6200000e+00   3.0695327e-01
   6.6300000e+00   3.0734780e-01
   6.6400000e+00   3.0774203e-01
   6.6500000e+00   3.0813595e-01
   6.6600000e+00   3.0852957e-01
   6.6700000e+00   3.0892287e-01
   6.6800000e+00   3.0931587e-01
   6.6900000e+00   3.0970855e-01
   6.7000000e+00   3.1010093e-01
   6.7100000e+00   3.1049299e-01
   6.7200000e+00   3.1088475e-01
   6.7300000e+00   3.1127619e-01
   6.7400000e+00   3.1166733e-01
   6.7500000e+00   3.1205815e-01
   6.7600000e+00   3.1244866e-01
   6.7700000e+00   3.1283886e-01
   6.7800000e+00   3.1322874e-01
   6.7900000e+00   3.1361831e-01
   6.8000000e+00   3.1400757e-01
   6.8100000e+00   3.1439651e-01
   6.8200000e+00   3.1478514e-01
   6.8300000e+00   3.1517346e-01
   6.8400000e+00   3.1556145e-01
   6.8500000e+00   3.1594914e-01
   6.8600000e+00   3.1633651e-01
   6.8700000e+00   3.1672356e-01
   6.8800000e+00   3.1711029e-01
   6.8900000e+00   3.1749671e-01
   6.9000000e+00   3.1788281e-01
   6.9100000e+00   3.1826859e-01
   6.9200000e+00   3.1865405e-01
   6.9300000e+00   3.1903920e-01
   6.9400000e+00   3.1942403e-01
   6.9500000e+00   3.1980853e-01
   6.9600000e+00   3.2019272e-01
   6.9700000e+00   3.2057659e-01
   6.9800000e+00   3.2096013e-01
   6.9900000e+00   3.2134336e-01
   7.0000000e+00   3.2172626e-01
   7.0100000e+00   3.2210884e-01
   7.0200000e+00   3.2249110e-01
   7.0300000e+00   3.2287304e-01
   7.0400000e+00   3.2325466e-01
   7.0500000e+00   3.2363595e-01
   7.0600000e+00   3.2401691e-01
   7.0700000e+00   3.2439756e-01
   7.0800000e+00   3.2477788e-01
   7.0900000e+00   3.2515787e-01
   7.1000000e+00   3.2553754e-01
   7.1100000e+00   3.2591689e-01
   7.1200000e+00   3.2629590e-01
   7.1300000e+00   3.2667460e-01
   7.1400000e+00   3.2705296e-01
   7.1500000e+00   3.2743100e-01
   7.1600000e+00   3.2780871e-01
   7.1700000e+00   3.2818609e-01
   7.1800000e+00   3.2856315e-01
   7.1900000e+00   3.2893987e-01
   7.2000000e+00   3.2931627e-01
   7.2100000e+00   3.2969234e-01
   7.2200000e+00   3.3006807e-01
   7.2300000e+00   3.3044348e-01
   7.2400000e+00   3.3081856e-01
   7.2500000e+00   3.3119331e-01
   7.2600000e+00   3.3156772e-01
   7.2700000e+00   3.3194181e-01
   7.2800000e+00   3.3231556e-01
   7.2900000e+00   3.3268898e-01
   7.3000000e+00   3.3306206e-01
   7.3100000e+00   3.3343482e-01
   7.3200000e+00   3.3380724e-01
   7.3300000e+00   3.3417932e-01
   7.3400000e+00   3.3455108e-01
   7.3500000e+00   3.3492249e-01
   7.3600000e+00   3.3529358e-01
   7.3700000e+00   3.3566433e-01
   7.3800000e+00   3.3603474e-01
   7.3900000e+00   3.3640481e-01
   7.4000000e+00   3.3677455e-01
   7.4100000e+00   3.3714396e-01
   7.4200000e+00   3.3751302e-01
   7.4300000e+00   3.3788175e-01
   7.4400000e+00   3.3825014e-01
   7.4500000e+00   3.3861819e-01
   7.4600000e+00   3.3898591e-01
   7.4700000e+00   3.3935328e-01
   7.4800000e+00   3.3972031e-01
   7.4900000e+00   3.4008701e-01
   7.5000000e+00   3.4045337e-01
   7.5100000e+00   3.4081938e-01
   7.5200000e+00   3.4118505e-01
   7.5300000e+00   3.4155039e-01
   7.5400000e+00   3.4191538e-01
   7.5500000e+00   3.4228003e-01
   7.5600000e+00   3.4264433e-01
   7.5700000e+00   3.4300830e-01
   7.5800000e+00   3.4337192e-01
   7.5900000e+00   3.4373520e-01
   7.6000000e+00   3.4409813e-01
   7.6100000e+00   3.4446072e-01
   7.6200000e+00   3.4482297e-01
   7.6300000e+00   3.4518487e-01
   7.6400000e+00   3.4554642e-01
   7.6500000e+00   3.4590764e-01
   7.6600000e+00   3.4626850e-01
   7.6700000e+00   3.4662902e-01
   7.6800000e+00   3.4698919e-01
   7.6900000e+00   3.4734901e-01
   7.7000000e+00   3.4770849e-01
   7.7100000e+00   3.4806762e-01
   7.7200000e+00   3.4842640e-01
   7.7300000e+00   3.4878483e-01
   7.7400000e+00   3.4914292e-01
   7.7500000e+00   3.4950065e-01
   7.7600000e+00   3.4985804e-01
   7.7700000e+00   3.5021507e-01
   7.7800000e+00   3.5057176e-01
   7.7900000e+00   3.5092809e-01
   7.8000000e+00   3.5128408e-01
   7.8100000e+00   3.5163971e-01
   7.8200000e+00   3.5199499e-01
   7.8300000e+00   3.5234992e-01
   7.8400000e+00   3.5270450e-01
   7.8500000e+00   3.5305872e-01
   7.8600000e+00   3.5341259e-01
   7.8700000e+00   3.5376611e-01
   7.8800000e+00   3.5411927e-01
   7.8900000e+00   3.5447208e-01
   7.9000000e+00   3.5482454e-01
   7.9100000e+00   3.5517664e-01
   7.9200000e+00   3.5552838e-01
   7.9300000e+00   3.5587977e-01
   7.9400000e+00   3.5623080e-01
   7.9500000e+00   3.5658148e-01
   7.9600000e+00   3.5693180e-01
   7.9700000e+00   3.5728177e-01
   7.9800000e+00   3.5763137e-01
   7.9900000e+00   3.5798062e-01
   8.0000000e+00   3.5832951e-01
   8.0100000e+00   3.5867805e-01
   8.0200000e+00   3.5902622e-01
   8.0300000e+00   3.5937403e-01
   8.0400000e+00   3.5972149e-01
   8.0500000e+00   3.6006859e-01
   8.0600000e+00   3.6041532e-01
   8.0700000e+00   3.6076170e-01
   8.0800000e+00   3.6110771e-01
   8.0900000e+00   3.6145336e-01
   8.1000000e+00   3.6179866e-01
   8.1100000e+00   3.6214359e-01
   8.1200000e+00   3.6248816e-01
   8.1300000e+00   3.6283236e-01
   8.1400000e+00   3.6317620e-01
   8.1500000e+00   3.6351968e-01
   8.1600000e+00   3.6386280e-01
   8.1700000e+00   3.6420555e-01
   8.1800000e+00   3.6454794e-01
   8.1900000e+00   3.6488996e-01
   8.2000000e+00   3.6523162e-01
   8.2100000e+00   3.6557291e-01
   8.2200000e+00   3.6591384e-01
   8.2300000e+00   3.6625440e-01
   8.2400000e+00   3.6659460e-01
   8.2500000e+00   3.6693443e-01
   8.2600000e+00   3.6727389e-01
   8.2700000e+00   3.6761299e-01
   8.2800000e+00   3.6795171e-01
   8.2900000e+00   3.6829007e-01
   8.3000000e+00   3.6862806e-01
   8.3100000e+00   3.6896569e-01
   8.3200000e+00   3.6930294e-01
   8.3300000e+00   3.6963982e-01
   8.3400000e+00   3.6997634e-01
   8.3500000e+00   3.7031248e-01
   8.3600000e+00   3.7064826e-01
   8.3700000e+00   3.7098366e-01
   8.3800000e+00   3.7131869e-01
   8.3900000e+00   3.7165335e-01
   8.4000000e+00   3.7198764e-01
   8.4100000e+00   3.7232156e-01
   8.4200000e+00   3.7265511e-01
   8.4300000e+00   3.7298828e-01
   8.4400000e+00   3.7332108e-01
   8.4500000e+00   3.7365350e-01
   8.4600000e+00   3.7398556e-01
   8.4700000e+00   3.7431723e-01
   8.4800000e+00   3.7464854e-01
   8.4900000e+00   3.7497947e-01
   8.5000000e+00   3.7531002e-01
   8.5100000e+00   3.7564020e-01
   8.5200000e+00   3.7597001e-01
   8.5300000e+00   3.7629943e-01
   8.5400000e+00   3.7662849e-01
   8.5500000e+00   3.7695716e-01
   8.5600000e+00   3.7728546e-01
   8.5700000e+00   3.7761338e-01
   8.5800000e+00   3.7794092e-01
   8.5900000e+00   3.7826809e-01
   8.6000000e+00   3.7859487e-01
   8.6100000e+00   3.7892128e-01
   8.6200000e+00   3.7924731e-01
   8.6300000e+00   3.7957296e-01
   8.6400000e+00   3.7989823e-01
   8.6500000e+00   3.8022312e-01
   8.6600000e+00   3.8054763e-01
   8.6700000e+00   3.8087176e-01
   8.6800000e+00   3.8119551e-01
   8.6900000e+00   3.8151888e-01
   8.7000000e+00   3.8184186e-01
   8.7100000e+00   3.8216447e-01
   8.7200000e+00   3.8248669e-01
   8.7300000e+00   3.8280853e-01
   8.7400000e+00   3.8312999e-01
   8.7500000e+00   3.8345106e-01
   8.7600000e+00   3.8377175e-01
   8.7700000e+00   3.8409206e-01
   8.7800000e+00   3.8441198e-01
   8.7900000e+00   3.8473152e-01
   8.8000000e+00   3.8505067e-01
   8.8100000e+00   3.8536944e-01
   8.8200000e+00   3.8568782e-01
   8.8300000e+00   3.8600582e-01
   8.8400000e+00   3.8632343e-01
   8.8500000e+00   3.8664066e-01
   8.8600000e+00   3.8695749e-01
   8.8700000e+00   3.8727394e-01
   8.8800000e+00   3.8759001e-01
   8.8900000e+00   3.8790569e-01
   8.9000000e+00   3.8822097e-01
   8.9100000e+00   3.8853587e-01
   8.9200000e+00   3.8885039e-01
   8.9300000e+00   3.8916451e-01
   8.9400000e+00   3.8947824e-01
   8.9500000e+00   3.8979159e-01
   8.9600000e+00   3.9010454e-01
   8.9700000e+00   3.9041710e-01
   8.9800000e+00   3.9072928e-01
   8.9900000e+00   3.9104106e-01
   9.0000000e+00   3.9135245e-01
   9.0100000e+00   3.9166345e-01
   9.0200000e+00   3.9197406e-01
   9.0300000e+00   3.9228428e-01
   9.0400000e+00   3.9259411e-01
   9.0500000e+00   3.9290354e-01
   9.0600000e+00   3.9321258e-01
   9.0700000e+00   3.9352122e-01
   9.0800000e+00   3.9382948e-01
   9.0900000e+00   3.9413734e-01
   9.1000000e+00   3.9444480e-01
   9.1100000e+00   3.9475187e-01
   9.1200000e+00   3.9505855e-01
   9.1300000e+00   3.9536483e-01
   9.1400000e+00   3.9567071e-01
   9.1500000e+00   3.9597620e-01
   9.1600000e+00   3.9628129e-01
   9.1700000e+00   3.9658599e-01
   9.1800000e+00   3.9689029e-01
   9.1900000e+00   3.9719419e-01
   9.2000000e+00   3.9749770e-01
   9.2100000e+00   3.9780081e-01
   9.2200000e+00   3.9810352e-01
   9.2300000e+00   3.9840583e-01
   9.2400000e+00   3.9870775e-01
   9.2500000e+00   3.9900926e-01
   9.2600000e+00   3.9931038e-01
   9.2700000e+00   3.9961110e-01
   9.2800000e+00   3.9991142e-01
   9.2900000e+00   4.0021134e-01
   9.3000000e+00   4.0051085e-01
   9.3100000e+00   4.0080997e-01
   9.3200000e+00   4.0110869e-01
   9.3300000e+00   4.0140700e-01
   9.3400000e+00   4.0170492e-01
   9.3500000e+00   4.0200243e-01
   9.3600000e+00   4.0229954e-01
   9.3700000e+00   4.0259625e-01
   9.3800000e+00   4.0289255e-01
   9.3900000e+00   4.0318846e-01
   9.4000000e+00   4.0348395e-01
   9.4100000e+00   4.0377905e-01
   9.4200000e+00   4.0407374e-01
   9.4300000e+00   4.0436803e-01
   9.4400000e+00   4.0466191e-01
   9.4500000e+00   4.0495539e-01
   9.4600000e+00   4.0524847e-01
   9.4700000e+00   4.0554114e-01
   9.4800000e+00   4.0583340e-01
   9.4900000e+00   4.0612526e-01
   9.5000000e+00   4.0641671e-01
   9.5100000e+00   4.0670775e-01
   9.5200000e+00   4.0699839e-01
   9.5300000e+00   4.0728862e-01
   9.5400000e+00   4.0757845e-01
   9.5500000e+00   4.0786786e-01
   9.5600000e+00   4.0815687e-01
   9.5700000e+00   4.0844547e-01
   9.5800000e+00   4.0873366e-01
   9.5900000e+00   4.0902145e-01
   9.6000000e+00   4.0930882e-01
   9.6100000e+00   4.0959578e-01
   9.6200000e+00   4.0988234e-01
   9.6300000e+00   4.1016848e-01
   9.6400000e+00   4.1045422e-01
   9.6500000e+00   4.1073954e-01
   9.6600000e+00   4.1102446e-01
   9.6700000e+00   4.1130896e-01
   9.6800000e+00   4.1159305e-01
   9.6900000e+00   4.1187673e-01
   9.7000000e+00   4.1216000e-01
   9.7100000e+00   4.1244286e-01
   9.7200000e+00   4.1272530e-01
   9.7300000e+00   4.1300733e-01
   9.7400000e+00   4.1328895e-01
   9.7500000e+00   4.1357015e-01
   9.7600000e+00   4.1385094e-01
   9.7700000e+00   4.1413132e-01
   9.7800000e+00   4.1441128e-01
   9.7900000e+00   4.1469083e-01
   9.8000000e+00   4.1496997e-01
   9.8100000e+00   4.1524869e-01
   9.8200000e+00   4.1552699e-01
   9.8300000e+00   4.1580488e-01
   9.8400000e+00   4.1608235e-01
   9.8500000e+00   4.1635941e-01
   9.8600000e+00   4.1663605e-01
   9.8700000e+00   4.1691227e-01
   9.8800000e+00   4.1718807e-01
   9.8900000e+00   4.1746346e-01
   9.9000000e+00   4.1773844e-01
   9.9100000e+00   4.1801299e-01
   9.9200000e+00   4.1828713e-01
   9.9300000e+00   4.1856084e-01
   9.9400000e+00   4.1883414e-01
   9.9500000e+00   4.1910702e-01
   9.9600000e+00   4.1937948e-01
   9.9700000e+00   4.1965152e-01
   9.9800000e+00   4.1992315e-01
   9.9900000e+00   4.2019435e-01
   1.0000000e+01   4.2046513e-01
   1.0010000e+01   4.2073549e-01
   1.0020000e+01   4.2100543e-01
   1.0030000e+01   4.2127495e-01
   1.0040000e+01   4.2154405e-01
   1.0050000e+01   4.2181273e-01
   1.0060000e+01   4.2208098e-01
   1.0070000e+01   4.2234882e-01
   1.0080000e+01   4.2261623e-01
   1.0090000e+01   4.2288322e-01
   1.0100000e+01   4.2314978e-01
   1.0110000e+01   4.2341592e-01
   1.0120000e+01   4.2368164e-01
   1.0130000e+01   4.2394694e-01
   1.0140000e+01   4.2421181e-01
   1.0150000e+01   4.2447625e-01
   1.0160000e+01   4.2474028e-01
   1.0170000e+01   4.2500387e-01
   1.0180000e+01   4.2526705e-01
   1.0190000e+01   4.2552979e-01
   1.0200000e+01   4.2579212e-01
   1.0210000e+01   4.2605401e-01
   1.0220000e+01   4.2631548e-01
   1.0230000e+01   4.2657652e-01
   1.0240000e+01   4.2683714e-01
   1.0250000e+01   4.2709733e-01
   1.0260000e+01   4.2735709e-01
   1.0270000e+01   4.2761643e-01
   1.0280000e+01   4.2787534e-01
   1.0290000e+01   4.2813382e-01
   1.0300000e+01   4.2839187e-01
   1.0310000e+01   4.2864949e-01
   1.0320000e+01   4.2890669e-01
   1.0330000e+01   4.2916346e-01
   1.0340000e+01   4.2941979e-01
   1.0350000e+01   4.2967570e-01
   1.0360000e+01   4.2993118e-01
   1.0370000e+01   4.3018623e-01
   1.0380000e+01   4.3044084e-01
   1.0390000e+01   4.3069503e-01
   1.0400000e+01   4.3094879e-01
   1.0410000e+01   4.3120211e-01
   1.0420000e+01   4.3145501e-01
   1.0430000e+01   4.3170747e-01
   1.0440000e+01   4.3195950e-01
   1.0450000e+01   4.3221110e-01
   1.0460000e+01   4.3246227e-01
   1.0470000e+01   4.3271300e-01
   1.0480000e+01   4.3296331e-01
   1.0490000e+01   4.3321317e-01
   1.0500000e+01   4.3346261e-01
   1.0510000e+01   4.3371161e-01
   1.0520000e+01   4.3396018e-01
   1.0530000e+01   4.3420832e-01
   1.0540000e+01   4.3445602e-01
   1.0550000e+01   4.3470328e-01
   1.0560000e+01   4.3495011e-01
   1.0570000e+01   4.3519651e-01
   1.0580000e+01   4.3544247e-01
   1.0590000e+01   4.3568800e-01
   1.0600000e+01   4.3593309e-01
   1.0610000e+01   4.3617774e-01
   1.0620000e+01   4.3642196e-01
   1.0630000e+01   4.3666574e-01
   1.0640000e+01   4.3690909e-01
   1.0650000e+01   4.3715199e-01
   1.0660000e+01   4.3739446e-01
   1.0670000e+01   4.3763650e-01
   1.0680000e+01   4.3787809e-01
   1.0690000e+01   4.3811925e-01
   1.0700000e+01   4.3835997e-01
   1.0710000e+01   4.3860025e-01
   1.0720000e+01   4.3884009e-01
   1.0730000e+01   4.3907950e-01
   1.0740000e+01   4.3931846e-01
   1.0750000e+01   4.3955699e-01
   1.0760000e+01   4.3979508e-01
   1.0770000e+01   4.4003272e-01
   1.0780000e+01   4.4026993e-01
   1.0790000e+01   4.4050669e-01
   1.0800000e+01   4.4074302e-01
   1.0810000e+01   4.4097890e-01
   1.0820000e+01   4.4121435e-01
   1.0830000e+01   4.4144935e-01
   1.0840000e+01   4.4168391e-01
   1.0850000e+01   4.4191803e-01
   1.0860000e+01   4.4215171e-01
   1.0870000e+01   4.4238494e-01
   1.0880000e+01   4.4261774e-01
   1.0890000e+01   4.4285009e-01
   1.0900000e+01   4.4308199e-01
   1.0910000e+01   4.4331346e-01
   1.0920000e+01   4.4354448e-01
   1.0930000e+01   4.4377506e-01
   1.0940000e+01   4.4400519e-01
   1.0950000e+01   4.4423488e-01
   1.0960000e+01   4.4446412e-01
   1.0970000e+01   4.4469293e-01
   1.0980000e+01   4.4492128e-01
   1.0990000e+01   4.4514919e-01
   1.1000000e+01   4.4537666e-01
   1.1010000e+01   4.4560368e-01
   1.1020000e+01   4.4583026e-01
   1.1030000e+01   4.4605638e-01
   1.1040000e+01   4.4628207e-01
   1.1050000e+01   4.4650731e-01
   1.1060000e+01   4.4673210e-01
   1.1070000e+01   4.4695644e-01
   1.1080000e+01   4.4718034e-01
   1.1090000e+01   4.4740379e-01
   1.1100000e+01   4.4762679e-01
   1.1110000e+01   4.4784934e-01
   1.1120000e+01   4.4807145e-01
   1.1130000e+01   4.4829311e-01
   1.1140000e+01   4.4851432e-01
   1.1150000e+01   4.4873508e-01
   1.1160000e+01   4.4895539e-01
   1.1170000e+01   4.4917526e-01
   1.1180000e+01   4.4939467e-01
   1.1190000e+01   4.4961364e-01
   1.1200000e+01   4.4983215e-01
   1.1210000e+01   4.5005022e-01
   1.1220000e+01   4.5026784e-01
   1.1230000e+01   4.5048500e-01
   1.1240000e+01   4.5070172e-01
   1.1250000e+01   4.5091798e-01
   1.1260000e+01   4.5113380e-01
   1.1270000e+01   4.5134916e-01
   1.1280000e+01   4.5156407e-01
   1.1290000e+01   4.5177853e-01
   1.1300000e+01   4.5199254e-01
   1.1310000e+01   4.5220609e-01
   1.1320000e+01   4.5241920e-01
   1.1330000e+01   4.5263185e-01
   1.1340000e+01   4.5284405e-01
   1.1350000e+01   4.5305579e-01
   1.1360000e+01   4.5326709e-01
   1.1370000e+01   4.5347793e-01
   1.1380000e+01   4.5368831e-01
   1.1390000e+01   4.5389825e-01
   1.1400000e+01   4.5410772e-01
   1.1410000e+01   4.5431675e-01
   1.1420000e+01   4.5452532e-01
   1.1430000e+01   4.5473343e-01
   1.1440000e+01   4.5494109e-01
   1.1450000e+01   4.5514830e-01
   1.1460000e+01   4.5535505e-01
   1.1470000e+01   4.5556135e-01
   1.1480000e+01   4.5576719e-01
   1.1490000e+01   4.5597257e-01
   1.1500000e+01   4.5617750e-01
   1.1510000e+01   4.5638197e-01
   1.1520000e+01   4.5658599e-01
   1.1530000e+01   4.5678954e-01
   1.1540000e+01   4.5699265e-01
   1.1550000e+01   4.5719529e-01
   1.1560000e+01   4.5739748e-01
   1.1570000e+01   4.5759921e-01
   1.1580000e+01   4.5780048e-01
   1.1590000e+01   4.5800130e-01
   1.1600000e+01   4.5820166e-01
   1.1610000e+01   4.5840155e-01
   1.1620000e+01   4.5860099e-01
   1.1630000e+01   4.5879998e-01
   1.1640000e+01   4.5899850e-01
   1.1650000e+01   4.5919656e-01
   1.1660000e+01   4.5939417e-01
   1.1670000e+01   4.5959131e-01
   1.1680000e+01   4.5978800e-01
   1.1690000e+01   4.5998423e-01
   1.1700000e+01   4.6017999e-01
   1.1710000e+01   4.6037530e-01
   1.1720000e+01   4.6057014e-01
   1.1730000e+01   4.6076453e-01
   1.1740000e+01   4.6095845e-01
   1.1750000e+01   4.6115192e-01
   1.1760000e+01   4.6134492e-01
   1.1770000e+01   4.6153746e-01
   1.1780000e+01   4.6172954e-01
   1.1790000e+01   4.6192116e-01
   1.1800000e+01   4.6211231e-01
   1.1810000e+01   4.6230301e-01
   1.1820000e+01   4.6249324e-01
   1.1830000e+01   4.6268301e-01
   1.1840000e+01   4.6287231e-01
   1.1850000e+01   4.6306116e-01
   1.1860000e+01   4.6324954e-01
   1.1870000e+01   4.6343745e-01
   1.1880000e+01   4.6362491e-01
   1.1890000e+01   4.6381190e-01
   1.1900000e+01   4.6399842e-01
   1.1910000e+01   4.6418448e-01
   1.1920000e+01   4.6437008e-01
   1.1930000e+01   4.6455521e-01
   1.1940000e+01   4.6473988e-01
   1.1950000e+01   4.6492409e-01
   1.1960000e+01   4.6510783e-01
   1.1970000e+01   4.6529110e-01
   1.1980000e+01   4.6547391e-01
   1.1990000e+01   4.6565625e-01
   1.2000000e+01   4.6583813e-01
   1.2010000e+01   4.6601954e-01
   1.2020000e+01   4.6620049e-01
   1.2030000e+01   4.6638097e-01
   1.2040000e+01   4.6656098e-01
   1.2050000e+01   4.6674053e-01
   1.2060000e+01   4.6691961e-01
   1.2070000e+01   4.6709822e-01
   1.2080000e+01   4.6727637e-01
   1.2090000e+01   4.6745405e-01
   1.2100000e+01   4.6763126e-01
   1.2110000e+01   4.6780800e-01
   1.2120000e+01   4.6798428e-01
   1.2130000e+01   4.6816008e-01
   1.2140000e+01   4.6833542e-01
   1.2150000e+01   4.6851030e-01
   1.2160000e+01   4.6868470e-01
   1.2170000e+01   4.6885863e-01
   1.2180000e+01   4.6903210e-01
   1.2190000e+01   4.6920509e-01
   1.2200000e+01   4.6937762e-01
   1.2210000e+01   4.6954968e-01
   1.2220000e+01   4.6972127e-01
   1.2230000e+01   4.6989238e-01
   1.2240000e+01   4.7006303e-01
   1.2250000e+01   4.7023321e-01
   1.2260000e+01   4.7040292e-01
   1.2270000e+01   4.7057216e-01
   1.2280000e+01   4.7074092e-01
   1.2290000e+01   4.7090922e-01
   1.2300000e+01   4.7107705e-01
   1.2310000e+01   4.7124440e-01
   1.2320000e+01   4.7141128e-01
   1.2330000e+01   4.7157770e-01
   1.2340000e+01   4.7174364e-01
   1.2350000e+01   4.7190910e-01
   1.2360000e+01   4.7207410e-01
   1.2370000e+01   4.7223863e-01
   1.2380000e+01   4.7240268e-01
   1.2390000e+01   4.7256626e-01
   1.2400000e+01   4.7272937e-01
   1.2410000e+01   4.7289200e-01
   1.2420000e+01   4.7305416e-01
   1.2430000e+01   4.7321585e-01
   1.2440000e+01   4.7337707e-01
   1.2450000e+01   4.7353781e-01
   1.2460000e+01   4.7369808e-01
   1.2470000e+01   4.7385787e-01
   1.2480000e+01   4.7401719e-01
   1.2490000e+01   4.7417604e-01
   1.2500000e+01   4.7433441e-01
   1.2510000e+01   4.7449231e-01
   1.2520000e+01   4.7464973e-01
   1.2530000e+01   4.7480668e-01
   1.2540000e+01   4.7496316e-01
   1.2550000e+01   4.7511916e-01
   1.2560000e+01   4.7527468e-01
   1.2570000e+01   4.7542973e-01
   1.2580000e+01   4.7558430e-01
   1.2590000e+01   4.7573840e-01
   1.2600000e+01   4.7589202e-01
   1.2610000e+01   4.7604517e-01
   1.2620000e+01   4.7619784e-01
   1.2630000e+01   4.7635004e-01
   1.2640000e+01   4.7650175e-01
   1.2650000e+01   4.7665299e-01
   1.2660000e+01   4.7680376e-01
   1.2670000e+01   4.7695405e-01
   1.2680000e+01   4.7710386e-01
   1.2690000e+01   4.7725319e-01
   1.2700000e+01   4.7740205e-01
   1.2710000e+01   4.7755043e-01
   1.2720000e+01   4.7769833e-01
   1.2730000e+01   4.7784575e-01
   1.2740000e+01   4.7799270e-01
   1.2750000e+01   4.7813917e-01
   1.2760000e+01   4.7828516e-01
   1.2770000e+01   4.7843067e-01
   1.2780000e+01   4.7857570e-01
   1.2790000e+01   4.7872026e-01
   1.2800000e+01   4.7886433e-01
   1.2810000e+01   4.7900793e-01
   1.2820000e+01   4.7915105e-01
   1.2830000e+01   4.7929369e-01
   1.2840000e+01   4.7943585e-01
   1.2850000e+01   4.7957753e-01
   1.2860000e+01   4.7971873e-01
   1.2870000e+01   4.7985945e-01
   1.2880000e+01   4.7999969e-01
   1.2890000e+01   4.8013945e-01
   1.2900000e+01   4.8027873e-01
   1.2910000e+01   4.8041753e-01
   1.2920000e+01   4.8055585e-01
   1.2930000e+01   4.8069369e-01
   1.2940000e+01   4.8083105e-01
   1.2950000e+01   4.8096793e-01
   1.2960000e+01   4.8110433e-01
   1.2970000e+01   4.8124024e-01
   1.2980000e+01   4.8137568e-01
   1.2990000e+01   4.8151063e-01
   1.3000000e+01   4.8164510e-01
   1.3010000e+01   4.8177909e-01
   1.3020000e+01   4.8191260e-01
   1.3030000e+01   4.8204563e-01
   1.3040000e+01   4.8217817e-01
   1.3050000e+01   4.8231023e-01
   1.3060000e+01   4.8244181e-01
   1.3070000e+01   4.8257291e-01
   1.3080000e+01   4.8270353e-01
   1.3090000e+01   4.8283366e-01
   1.3100000e+01   4.8296331e-01
   1.3110000e+01   4.8309248e-01
   1.3120000e+01   4.8322116e-01
   1.3130000e+01   4.8334936e-01
   1.3140000e+01   4.8347708e-01
   1.3150000e+01   4.8360431e-01
   1.3160000e+01   4.8373106e-01
   1.3170000e+01   4.8385733e-01
   1.3180000e+01   4.8398311e-01
   1.3190000e+01   4.8410841e-01
   1.3200000e+01   4.8423322e-01
   1.3210000e+01   4.8435755e-01
   1.3220000e+01   4.8448140e-01
   1.3230000e+01   4.8460476e-01
   1.3240000e+01   4.8472763e-01
   1.3250000e+01   4.8485002e-01
   1.3260000e+01   4.8497193e-01
   1.3270000e+01   4.8509335e-01
   1.3280000e+01   4.8521429e-01
   1.3290000e+01   4.8533474e-01
   1.3300000e+01   4.8545471e-01
   1.3310000e+01   4.8557419e-01
   1.3320000e+01   4.8569318e-01
   1.3330000e+01   4.8581169e-01
   1.3340000e+01   4.8592972e-01
   1.3350000e+01   4.8604726e-01
   1.3360000e+01   4.8616431e-01
   1.3370000e+01   4.8628087e-01
   1.3380000e+01   4.8639695e-01
   1.3390000e+01   4.8651254e-01
   1.3400000e+01   4.8662765e-01
   1.3410000e+01   4.8674227e-01
   1.3420000e+01   4.8685640e-01
   1.3430000e+01   4.8697005e-01
   1.3440000e+01   4.8708321e-01
   1.3450000e+01   4.8719588e-01
   1.3460000e+01   4.8730807e-01
   1.3470000e+01   4.8741976e-01
   1.3480000e+01   4.8753097e-01
   1.3490000e+01   4.8764170e-01
   1.3500000e+01   4.8775193e-01
   1.3510000e+01   4.8786168e-01
   1.3520000e+01   4.8797094e-01
   1.3530000e+01   4.8807971e-01
   1.3540000e+01   4.8818799e-01
   1.3550000e+01   4.8829579e-01
   1.3560000e+01   4.8840310e-01
   1.3570000e+01   4.8850991e-01
   1.3580000e+01   4.8861624e-01
   1.3590000e+01   4.8872208e-01
   1.3600000e+01   4.8882744e-01
   1.3610000e+01   4.8893230e-01
   1.3620000e+01   4.8903668e-01
   1.3630000e+01   4.8914056e-01
   1.3640000e+01   4.8924396e-01
   1.3650000e+01   4.8934687e-01
   1.3660000e+01   4.8944928e-01
   1.3670000e+01   4.8955121e-01
   1.3680000e+01   4.8965265e-01
   1.3690000e+01   4.8975360e-01
   1.3700000e+01   4.8985406e-01
   1.3710000e+01   4.8995403e-01
   1.3720000e+01   4.9005351e-01
   1.3730000e+01   4.9015250e-01
   1.3740000e+01   4.9025100e-01
   1.3750000e+01   4.9034901e-01
   1.3760000e+01   4.9044653e-01
   1.3770000e+01   4.9054356e-01
   1.3780000e+01   4.9064010e-01
   1.3790000e+01   4.9073614e-01
   1.3800000e+01   4.9083170e-01
   1.3810000e+01   4.9092677e-01
   1.3820000e+01   4.9102134e-01
   1.3830000e+01   4.9111542e-01
   1.3840000e+01   4.9120902e-01
   1.3850000e+01   4.9130212e-01
   1.3860000e+01   4.9139473e-01
   1.3870000e+01   4.9148685e-01
   1.3880000e+01   4.9157848e-01
   1.3890000e+01   4.9166961e-01
   1.3900000e+01   4.9176026e-01
   1.3910000e+01   4.9185041e-01
   1.3920000e+01   4.9194007e-01
   1.3930000e+01   4.9202924e-01
   1.3940000e+01   4.9211791e-01
   1.3950000e+01   4.9220610e-01
   1.3960000e+01   4.9229379e-01
   1.3970000e+01   4.9238099e-01
   1.3980000e+01   4.9246770e-01
   1.3990000e+01   4.9255391e-01
   1.4000000e+01   4.9263964e-01
   1.4010000e+01   4.9272486e-01
   1.4020000e+01   4.9280960e-01
   1.4030000e+01   4.9289385e-01
   1.4040000e+01   4.9297760e-01
   1.4050000e+01   4.9306086e-01
   1.4060000e+01   4.9314362e-01
   1.4070000e+01   4.9322589e-01
   1.4080000e+01   4.9330767e-01
   1.4090000e+01   4.9338896e-01
   1.4100000e+01   4.9346975e-01
   1.4110000e+01   4.9355005e-01
   1.4120000e+01   4.9362986e-01
   1.4130000e+01   4.9370917e-01
   1.4140000e+01   4.9378799e-01
   1.4150000e+01   4.9386631e-01
   1.4160000e+01   4.9394414e-01
   1.4170000e+01   4.9402148e-01
   1.4180000e+01   4.9409832e-01
   1.4190000e+01   4.9417467e-01
   1.4200000e+01   4.9425052e-01
   1.4210000e+01   4.9432588e-01
   1.4220000e+01   4.9440075e-01
   1.4230000e+01   4.9447512e-01
   1.4240000e+01   4.9454899e-01
   1.4250000e+01   4.9462238e-01
   1.4260000e+01   4.9469526e-01
   1.4270000e+01   4.9476766e-01
   1.4280000e+01   4.9483956e-01
   1.4290000e+01   4.9491096e-01
   1.4300000e+01   4.9498187e-01
   1.4310000e+01   4.9505228e-01
   1.4320000e+01   4.9512220e-01
   1.4330000e+01   4.9519162e-01
   1.4340000e+01   4.9526055e-01
   1.4350000e+01   4.9532898e-01
   1.4360000e+01   4.9539692e-01
   1.4370000e+01   4.9546436e-01
   1.4380000e+01   4.9553131e-01
   1.4390000e+01   4.9559776e-01
   1.4400000e+01   4.9566371e-01
   1.4410000e+01   4.9572917e-01
   1.4420000e+01   4.9579414e-01
   1.4430000e+01   4.9585861e-01
   1.4440000e+01   4.9592258e-01
   1.4450000e+01   4.9598605e-01
   1.4460000e+01   4.9604904e-01
   1.4470000e+01   4.9611152e-01
   1.4480000e+01   4.9617351e-01
   1.4490000e+01   4.9623500e-01
   1.4500000e+01   4.9629600e-01
   1.4510000e+01   4.9635650e-01
   1.4520000e+01   4.9641650e-01
   1.4530000e+01   4.9647601e-01
   1.4540000e+01   4.9653502e-01
   1.4550000e+01   4.9659353e-01
   1.4560000e+01   4.9665155e-01
   1.4570000e+01   4.9670907e-01
   1.4580000e+01   4.9676609e-01
   1.4590000e+01   4.9682262e-01
   1.4600000e+01   4.9687865e-01
   1.4610000e+01   4.9693418e-01
   1.4620000e+01   4.9698922e-01
   1.4630000e+01   4.9704376e-01
   1.4640000e+01   4.9709780e-01
   1.4650000e+01   4.9715135e-01
   1.4660000e+01   4.9720439e-01
   1.4670000e+01   4.9725694e-01
   1.4680000e+01   4.9730900e-01
   1.4690000e+01   4.9736055e-01
   1.4700000e+01   4.9741161e-01
   1.4710000e+01   4.9746217e-01
   1.4720000e+01   4.9751224e-01
   1.4730000e+01   4.9756181e-01
   1.4740000e+01   4.9761087e-01
   1.4750000e+01   4.9765945e-01
   1.4760000e+01   4.9770752e-01
   1.4770000e+01   4.9775510e-01
   1.4780000e+01   4.9780217e-01
   1.4790000e+01   4.9784875e-01
   1.4800000e+01   4.9789484e-01
   1.4810000e+01   4.9794042e-01
   1.4820000e+01   4.9798551e-01
   1.4830000e+01   4.9803010e-01
   1.4840000e+01   4.9807419e-01
   1.4850000e+01   4.9811778e-01
   1.4860000e+01   4.9816088e-01
   1.4870000e+01   4.9820347e-01
   1.4880000e+01   4.9824557e-01
   1.4890000e+01   4.9828717e-01
   1.4900000e+01   4.9832827e-01
   1.4910000e+01   4.9836888e-01
   1.4920000e+01   4.9840898e-01
   1.4930000e+01   4.9844859e-01
   1.4940000e+01   4.9848770e-01
   1.4950000e+01   4.9852631e-01
   1.4960000e+01   4.9856442e-01
   1.4970000e+01   4.9860203e-01
   1.4980000e+01   4.9863914e-01
   1.4990000e+01   4.9867576e-01
   1.5000000e+01   4.9871188e-01
   1.5010000e+01   4.9874749e-01
   1.5020000e+01   4.9878261e-01
   1.5030000e+01   4.9881723e-01
   1.5040000e+01   4.9885135e-01
   1.5050000e+01   4.9888498e-01
   1.5060000e+01   4.9891810e-01
   1.5070000e+01   4.9895073e-01
   1.5080000e+01   4.9898285e-01
   1.5090000e+01   4.9901448e-01
   1.5100000e+01   4.9904561e-01
   1.5110000e+01   4.9907624e-01
   1.5120000e+01   4.9910637e-01
   1.5130000e+01   4.9913600e-01
   1.5140000e+01   4.9916513e-01
   1.5150000e+01   4.9919376e-01
   1.5160000e+01   4.9922189e-01
   1.5170000e+01   4.9924953e-01
   1.5180000e+01   4.9927666e-01
   1.5190000e+01   4.9930330e-01
   1.5200000e+01   4.9932944e-01
   1.5210000e+01   4.9935507e-01
   1.5220000e+01   4.9938021e-01
   1.5230000e+01   4.9940485e-01
   1.5240000e+01   4.9942899e-01
   1.5250000e+01   4.9945263e-01
   1.5260000e+01   4.9947577e-01
   1.5270000e+01   4.9949841e-01
   1.5280000e+01   4.9952055e-01
   1.5290000e+01   4.9954219e-01
   1.5300000e+01   4.9956333e-01
   1.5310000e+01   4.9958397e-01
   1.5320000e+01   4.9960412e-01
   1.5330000e+01   4.9962376e-01
   1.5340000e+01   4.9964290e-01
   1.5350000e+01   4.9966155e-01
   1.5360000e+01   4.9967969e-01
   1.5370000e+01   4.9969733e-01
   1.5380000e+01   4.9971448e-01
   1.5390000e+01   4.9973112e-01
   1.5400000e+01   4.9974727e-01
   1.5410000e+01   4.9976292e-01
   1.5420000e+01   4.9977806e-01
   1.5430000e+01   4.9979271e-01
   1.5440000e+01   4.9980685e-01
   1.5450000e+01   4.9982050e-01
   1.5460000e+01   4.9983365e-01
   1.5470000e+01   4.9984629e-01
   1.5480000e+01   4.9985844e-01
   1.5490000e+01   4.9987009e-01
   1.5500000e+01   4.9988123e-01
   1.5510000e+01   4.9989188e-01
   1.5520000e+01   4.9990203e-01
   1.5530000e+01   4.9991168e-01
   1.5540000e+01   4.9992082e-01
   1.5550000e+01   4.9992947e-01
   1.5560000e+01   4.9993762e-01
   1.5570000e+01   4.9994527e-01
   1.5580000e+01   4.9995242e-01
   1.5590000e+01   4.9995906e-01
   1.5600000e+01   4.9996521e-01
   1.5610000e+01   4.9997086e-01
   1.5620000e+01   4.9997601e-01
   1.5630000e+01   4.9998066e-01
   1.5640000e+01   4.9998480e-01
   1.5650000e+01   4.9998845e-01
   1.5660000e+01   4.9999160e-01
   1.5670000e+01   4.9999425e-01
   1.5680000e+01   4.9999640e-01
   1.5690000e+01   4.9999805e-01
   1.5700000e+01   4.9999919e-01
   1.5710000e+01   4.9999984e-01
   1.5720000e+01   4.9999999e-01
   1.5730000e+01   4.9999964e-01
   1.5740000e+01   4.9999879e-01
   1.5750000e+01   4.9999743e-01
   1.5760000e+01   4.9999558e-01
   1.5770000e+01   4.9999323e-01
   1.5780000e+01   4.9999038e-01
   1.5790000e+01   4.9998703e-01
   1.5800000e+01   4.9998318e-01
   1.5810000e+01   4.9997882e-01
   1.5820000e+01   4.9997397e-01
   1.5830000e+01   4.9996862e-01
   1.5840000e+01   4.9996277e-01
   1.5850000e+01   4.9995642e-01
   1.5860000e+01   4.9994956e-01
   1.5870000e+01   4.9994221e-01
   1.5880000e+01   4.9993436e-01
   1.5890000e+01   4.9992601e-01
   1.5900000e+01   4.9991716e-01
   1.5910000e+01   4.9990781e-01
   1.5920000e+01   4.9989796e-01
   1.5930000e+01   4.9988761e-01
   1.5940000e+01   4.9987675e-01
   1.5950000e+01   4.9986540e-01
   1.5960000e+01   4.9985355e-01
   1.5970000e+01   4.9984120e-01
   1.5980000e+01   4.9982835e-01
   1.5990000e+01   4.9981500e-01
   1.6000000e+01   4.9980115e-01
   1.6010000e+01   4.9978680e-01
   1.6020000e+01   4.9977195e-01
   1.6030000e+01   4.9975660e-01
   1.6040000e+01   4.9974075e-01
   1.6050000e+01   4.9972440e-01
   1.6060000e+01   4.9970756e-01
   1.6070000e+01   4.9969021e-01
   1.6080000e+01   4.9967236e-01
   1.6090000e+01   4.9965401e-01
   1.6100000e+01   4.9963516e-01
   1.6110000e+01   4.9961582e-01
   1.6120000e+01   4.9959597e-01
   1.6130000e+01   4.9957562e-01
   1.6140000e+01   4.9955478e-01
   1.6150000e+01   4.9953343e-01
   1.6160000e+01   4.9951159e-01
   1.6170000e+01   4.9948924e-01
   1.6180000e+01   4.9946640e-01
   1.6190000e+01   4.9944306e-01
   1.6200000e+01   4.9941921e-01
   1.6210000e+01   4.9939487e-01
   1.6220000e+01   4.9937003e-01
   1.6230000e+01   4.9934469e-01
   1.6240000e+01   4.9931885e-01
   1.6250000e+01   4.9929251e-01
   1.6260000e+01   4.9926567e-01
   1.6270000e+01   4.9923833e-01
   1.6280000e+01   4.9921049e-01
   1.6290000e+01   4.9918216e-01
   1.6300000e+01   4.9915332e-01
   1.6310000e+01   4.9912399e-01
   1.6320000e+01   4.9909415e-01
   1.6330000e+01   4.9906382e-01
   1.6340000e+01   4.9903299e-01
   1.6350000e+01   4.9900166e-01
   1.6360000e+01   4.9896983e-01
   1.6370000e+01   4.9893750e-01
   1.6380000e+01   4.9890467e-01
   1.6390000e+01   4.9887134e-01
   1.6400000e+01   4.9883752e-01
   1.6410000e+01   4.9880319e-01
   1.6420000e+01   4.9876837e-01
   1.6430000e+01   4.9873304e-01
   1.6440000e+01   4.9869722e-01
   1.6450000e+01   4.9866090e-01
   1.6460000e+01   4.9862409e-01
   1.6470000e+01   4.9858677e-01
   1.6480000e+01   4.9854895e-01
   1.6490000e+01   4.9851064e-01
   1.6500000e+01   4.9847183e-01
   1.6510000e+01   4.9843251e-01
   1.6520000e+01   4.9839270e-01
   1.6530000e+01   4.9835240e-01
   1.6540000e+01   4.9831159e-01
   1.6550000e+01   4.9827029e-01
   1.6560000e+01   4.9822848e-01
   1.6570000e+01   4.9818618e-01
   1.6580000e+01   4.9814338e-01
   1.6590000e+01   4.9810008e-01
   1.6600000e+01   4.9805629e-01
   1.6610000e+01   4.9801199e-01
   1.6620000e+01   4.9796720e-01
   1.6630000e+01   4.9792191e-01
   1.6640000e+01   4.9787613e-01
   1.6650000e+01   4.9782984e-01
   1.6660000e+01   4.9778306e-01
   1.6670000e+01   4.9773578e-01
   1.6680000e+01   4.9768800e-01
   1.6690000e+01   4.9763972e-01
   1.6700000e+01   4.9759095e-01
   1.6710000e+01   4.9754167e-01
   1.6720000e+01   4.9749191e-01
   1.6730000e+01   4.9744164e-01
   1.6740000e+01   4.9739087e-01
   1.6750000e+01   4.9733961e-01
   1.6760000e+01   4.9728785e-01
   1.6770000e+01   4.9723560e-01
   1.6780000e+01   4.9718284e-01
   1.6790000e+01   4.9712959e-01
   1.6800000e+01   4.9707585e-01
   1.6810000e+01   4.9702160e-01
   1.6820000e+01   4.9696686e-01
   1.6830000e+01   4.9691162e-01
   1.6840000e+01   4.9685588e-01
   1.6850000e+01   4.9679965e-01
   1.6860000e+01   4.9674292e-01
   1.6870000e+01   4.9668570e-01
   1.6880000e+01   4.9662797e-01
   1.6890000e+01   4.9656975e-01
   1.6900000e+01   4.9651104e-01
   1.6910000e+01   4.9645183e-01
   1.6920000e+01   4.9639212e-01
   1.6930000e+01   4.9633191e-01
   1.6940000e+01   4.9627121e-01
   1.6950000e+01   4.9621001e-01
   1.6960000e+01   4.9614832e-01
   1.6970000e+01   4.9608613e-01
   1.6980000e+01   4.9602344e-01
   1.6990000e+01   4.9596026e-01
   1.7000000e+01   4.9589658e-01
   1.7010000e+01   4.9583241e-01
   1.7020000e+01   4.9576774e-01
   1.7030000e+01   4.9570257e-01
   1.7040000e+01   4.9563691e-01
   1.7050000e+01   4.9557075e-01
   1.7060000e+01   4.9550410e-01
   1.7070000e+01   4.9543695e-01
   1.7080000e+01   4.9536931e-01
   1.7090000e+01   4.9530117e-01
   1.7100000e+01   4.9523253e-01
   1.7110000e+01   4.9516340e-01
   1.7120000e+01   4.9509378e-01
   1.7130000e+01   4.9502366e-01
   1.7140000e+01   4.9495304e-01
   1.7150000e+01   4.9488193e-01
   1.7160000e+01   4.9481033e-01
   1.7170000e+01   4.9473823e-01
   1.7180000e+01   4.9466563e-01
   1.7190000e+01   4.9459254e-01
   1.7200000e+01   4.9451896e-01
   1.7210000e+01   4.9444488e-01
   1.7220000e+01   4.9437031e-01
   1.7230000e+01   4.9429524e-01
   1.7240000e+01   4.9421968e-01
   1.7250000e+01   4.9414363e-01
   1.7260000e+01   4.9406708e-01
   1.7270000e+01   4.9399003e-01
   1.7280000e+01   4.9391250e-01
   1.7290000e+01   4.9383446e-01
   1.7300000e+01   4.9375594e-01
   1.7310000e+01   4.9367692e-01
   1.7320000e+01   4.9359741e-01
   1.7330000e+01   4.9351740e-01
   1.7340000e+01   4.9343690e-01
   1.7350000e+01   4.9335591e-01
   1.7360000e+01   4.9327442e-01
   1.7370000e+01   4.9319244e-01
   1.7380000e+01   4.9310997e-01
   1.7390000e+01   4.9302700e-01
   1.7400000e+01   4.9294354e-01
   1.7410000e+01   4.9285959e-01
   1.7420000e+01   4.9277514e-01
   1.7430000e+01   4.9269021e-01
   1.7440000e+01   4.9260478e-01
   1.7450000e+01   4.9251885e-01
   1.7460000e+01   4.9243244e-01
   1.7470000e+01   4.9234553e-01
   1.7480000e+01   4.9225813e-01
   1.7490000e+01   4.9217024e-01
   1.7500000e+01   4.9208185e-01
   1.7510000e+01   4.9199297e-01
   1.7520000e+01   4.9190360e-01
   1.7530000e+01   4.9181374e-01
   1.7540000e+01   4.9172339e-01
   1.7550000e+01   4.9163255e-01
   1.7560000e+01   4.9154121e-01
   1.7570000e+01   4.9144938e-01
   1.7580000e+01   4.9135706e-01
   1.7590000e+01   4.9126425e-01
   1.7600000e+01   4.9117095e-01
   1.7610000e+01   4.9107716e-01
   1.7620000e+01   4.9098287e-01
   1.7630000e+01   4.9088810e-01
   1.7640000e+01   4.9079283e-01
   1.7650000e+01   4.9069708e-01
   1.7660000e+01   4.9060083e-01
   1.7670000e+01   4.9050409e-01
   1.7680000e+01   4.9040686e-01
   1.7690000e+01   4.9030914e-01
   1.7700000e+01   4.9021094e-01
   1.7710000e+01   4.9011224e-01
   1.7720000e+01   4.9001305e-01
   1.7730000e+01   4.8991337e-01
   1.7740000e+01   4.8981320e-01
   1.7750000e+01   4.8971254e-01
   1.7760000e+01   4.8961139e-01
   1.7770000e+01   4.8950975e-01
   1.7780000e+01   4.8940762e-01
   1.7790000e+01   4.8930501e-01
   1.7800000e+01   4.8920190e-01
   1.7810000e+01   4.8909830e-01
   1.7820000e+01   4.8899422e-01
   1.7830000e+01   4.8888964e-01
   1.7840000e+01   4.8878458e-01
   1.7850000e+01   4.8867903e-01
   1.7860000e+01   4.8857299e-01
   1.7870000e+01   4.8846646e-01
   1.7880000e+01   4.8835944e-01
   1.7890000e+01   4.8825194e-01
   1.7900000e+01   4.8814394e-01
   1.7910000e+01   4.8803546e-01
   1.7920000e+01   4.8792649e-01
   1.7930000e+01   4.8781703e-01
   1.7940000e+01   4.8770709e-01
   1.7950000e+01   4.8759665e-01
   1.7960000e+01   4.8748573e-01
   1.7970000e+01   4.8737432e-01
   1.7980000e+01   4.8726243e-01
   1.7990000e+01   4.8715004e-01
   1.8000000e+01   4.8703717e-01
   1.8010000e+01   4.8692382e-01
   1.8020000e+01   4.8680997e-01
   1.8030000e+01   4.8669564e-01
   1.8040000e+01   4.8658082e-01
   1.8050000e+01   4.8646552e-01
   1.8060000e+01   4.8634973e-01
   1.8070000e+01   4.8623345e-01
   1.8080000e+01   4.8611669e-01
   1.8090000e+01   4.8599944e-01
   1.8100000e+01   4.8588170e-01
   1.8110000e+01   4.8576348e-01
   1.8120000e+01   4.8564477e-01
   1.8130000e+01   4.8552558e-01
   1.8140000e+01   4.8540590e-01
   1.8150000e+01   4.8528573e-01
   1.8160000e+01   4.8516509e-01
   1.8170000e+01   4.8504395e-01
   1.8180000e+01   4.8492233e-01
   1.8190000e+01   4.8480023e-01
   1.8200000e+01   4.8467764e-01
   1.8210000e+01   4.8455456e-01
   1.8220000e+01   4.8443101e-01
   1.8230000e+01   4.8430696e-01
   1.8240000e+01   4.8418244e-01
   1.8250000e+01   4.8405742e-01
   1.8260000e+01   4.8393193e-01
   1.8270000e+01   4.8380595e-01
   1.8280000e+01   4.8367949e-01
   1.8290000e+01   4.8355254e-01
   1.8300000e+01   4.8342511e-01
   1.8310000e+01   4.8329720e-01
   1.8320000e+01   4.8316880e-01
   1.8330000e+01   4.8303992e-01
   1.8340000e+01   4.8291056e-01
   1.8350000e+01   4.8278071e-01
   1.8360000e+01   4.8265038e-01
   1.8370000e+01   4.8251957e-01
   1.8380000e+01   4.8238827e-01
   1.8390000e+01   4.8225650e-01
   1.8400000e+01   4.8212424e-01
   1.8410000e+01   4.8199150e-01
   1.8420000e+01   4.8185828e-01
   1.8430000e+01   4.8172457e-01
   1.8440000e+01   4.8159038e-01
   1.8450000e+01   4.8145572e-01
   1.8460000e+01   4.8132057e-01
   1.8470000e+01   4.8118494e-01
   1.8480000e+01   4.8104882e-01
   1.8490000e+01   4.8091223e-01
   1.8500000e+01   4.8077516e-01
   1.8510000e+01   4.8063760e-01
   1.8520000e+01   4.8049957e-01
   1.8530000e+01   4.8036105e-01
   1.8540000e+01   4.8022205e-01
   1.8550000e+01   4.8008258e-01
   1.8560000e+01   4.7994262e-01
   1.8570000e+01   4.7980218e-01
   1.8580000e+01   4.7966127e-01
   1.8590000e+01   4.7951987e-01
   1.8600000e+01   4.7937800e-01
   1.8610000e+01   4.7923564e-01
   1.8620000e+01   4.7909281e-01
   1.8630000e+01   4.7894949e-01
   1.8640000e+01   4.7880570e-01
   1.8650000e+01   4.7866143e-01
   1.8660000e+01   4.7851668e-01
   1.8670000e+01   4.7837145e-01
   1.8680000e+01   4.7822575e-01
   1.8690000e+01   4.7807956e-01
   1.8700000e+01   4.7793290e-01
   1.8710000e+01   4.7778576e-01
   1.8720000e+01   4.7763814e-01
   1.8730000e+01   4.7749004e-01
   1.8740000e+01   4.7734147e-01
   1.8750000e+01   4.7719242e-01
   1.8760000e+01   4.7704289e-01
   1.8770000e+01   4.7689289e-01
   1.8780000e+01   4.7674240e-01
   1.8790000e+01   4.7659144e-01
   1.8800000e+01   4.7644001e-01
   1.8810000e+01   4.7628810e-01
   1.8820000e+01   4.7613571e-01
   1.8830000e+01   4.7598284e-01
   1.8840000e+01   4.7582950e-01
   1.8850000e+01   4.7567569e-01
   1.8860000e+01   4.7552140e-01
   1.8870000e+01   4.7536663e-01
   1.8880000e+01   4.7521139e-01
   1.8890000e+01   4.7505567e-01
   1.8900000e+01   4.7489948e-01
   1.8910000e+01   4.7474281e-01
   1.8920000e+01   4.7458566e-01
   1.8930000e+01   4.7442805e-01
   1.8940000e+01   4.7426996e-01
   1.8950000e+01   4.7411139e-01
   1.8960000e+01   4.7395235e-01
   1.8970000e+01   4.7379284e-01
   1.8980000e+01   4.7363285e-01
   1.8990000e+01   4.7347239e-01
   1.9000000e+01   4.7331145e-01
   1.9010000e+01   4.7315004e-01
   1.9020000e+01   4.7298816e-01
   1.9030000e+01   4.7282581e-01
   1.9040000e+01   4.7266298e-01
   1.9050000e+01   4.7249968e-01
   1.9060000e+01   4.7233591e-01
   1.9070000e+01   4.7217166e-01
   1.9080000e+01   4.7200695e-01
   1.9090000e+01   4.7184176e-01
   1.9100000e+01   4.7167610e-01
   1.9110000e+01   4.7150997e-01
   1.9120000e+01   4.7134336e-01
   1.9130000e+01   4.7117629e-01
   1.9140000e+01   4.7100874e-01
   1.9150000e+01   4.7084072e-01
   1.9160000e+01   4.7067223e-01
   1.9170000e+01   4.7050328e-01
   1.9180000e+01   4.7033385e-01
   1.9190000e+01   4.7016395e-01
   1.9200000e+01   4.6999358e-01
   1.9210000e+01   4.6982274e-01
   1.9220000e+01   4.6965143e-01
   1.9230000e+01   4.6947965e-01
   1.9240000e+01   4.6930740e-01
   1.9250000e+01   4.6913468e-01
   1.9260000e+01   4.6896149e-01
   1.9270000e+01   4.6878784e-01
   1.9280000e+01   4.6861371e-01
   1.9290000e+01   4.6843912e-01
   1.9300000e+01   4.6826406e-01
   1.9310000e+01   4.6808853e-01
   1.9320000e+01   4.6791253e-01
   1.9330000e+01   4.6773606e-01
   1.9340000e+01   4.6755913e-01
   1.9350000e+01   4.6738173e-01
   1.9360000e+01   4.6720386e-01
   1.9370000e+01   4.6702552e-01
   1.9380000e+01   4.6684672e-01
   1.9390000e+01   4.6666745e-01
   1.9400000e+01   4.6648771e-01
   1.9410000e+01   4.6630751e-01
   1.9420000e+01   4.6612684e-01
   1.9430000e+01   4.6594570e-01
   1.9440000e+01   4.6576410e-01
   1.9450000e+01   4.6558203e-01
   1.9460000e+01   4.6539950e-01
   1.9470000e+01   4.6521650e-01
   1.9480000e+01   4.6503304e-01
   1.9490000e+01   4.6484911e-01
   1.9500000e+01   4.6466472e-01
   1.9510000e+01   4.6447986e-01
   1.9520000e+01   4.6429453e-01
   1.9530000e+01   4.6410875e-01
   1.9540000e+01   4.6392250e-01
   1.9550000e+01   4.6373578e-01
   1.9560000e+01   4.6354860e-01
   1.9570000e+01   4.6336096e-01
   1.9580000e+01   4.6317286e-01
   1.9590000e+01   4.6298429e-01
   1.9600000e+01   4.6279525e-01
   1.9610000e+01   4.6260576e-01
   1.9620000e+01   4.6241580e-01
   1.9630000e+01   4.6222538e-01
   1.9640000e+01   4.6203450e-01
   1.9650000e+01   4.6184316e-01
   1.9660000e+01   4.6165135e-01
   1.9670000e+01   4.6145909e-01
   1.9680000e+01   4.6126636e-01
   1.9690000e+01   4.6107317e-01
   1.9700000e+01   4.6087952e-01
   1.9710000e+01   4.6068540e-01
   1.9720000e+01   4.6049083e-01
   1.9730000e+01   4.6029580e-01
   1.9740000e+01   4.6010030e-01
   1.9750000e+01   4.5990435e-01
   1.9760000e+01   4.5970794e-01
   1.9770000e+01   4.5951106e-01
   1.9780000e+01   4.5931373e-01
   1.9790000e+01   4.5911594e-01
   1.9800000e+01   4.5891769e-01
   1.9810000e+01   4.5871898e-01
   1.9820000e+01   4.5851981e-01
   1.9830000e+01   4.5832018e-01
   1.9840000e+01   4.5812010e-01
   1.9850000e+01   4.5791955e-01
   1.9860000e+01   4.5771855e-01
   1.9870000e+01   4.5751709e-01
   1.9880000e+01   4.5731517e-01
   1.9890000e+01   4.5711280e-01
   1.9900000e+01   4.5690997e-01
   1.9910000e+01   4.5670668e-01
   1.9920000e+01   4.5650294e-01
   1.9930000e+01   4.5629873e-01
   1.9940000e+01   4.5609408e-01
   1.9950000e+01   4.5588896e-01
   1.9960000e+01   4.5568339e-01
   1.9970000e+01   4.5547737e-01
   1.9980000e+01   4.5527089e-01
   1.9990000e+01   4.5506395e-01
   2.0000000e+01   4.5485656e-01
   2.0010000e+01   4.5464871e-01
   2.0020000e+01   4.5444041e-01
   2.0030000e+01   4.5423166e-01
   2.0040000e+01   4.5402245e-01
   2.0050000e+01   4.5381278e-01
   2.0060000e+01   4.5360267e-01
   2.0070000e+01   4.5339210e-01
   2.0080000e+01   4.5318107e-01
   2.0090000e+01   4.5296960e-01
   2.0100000e+01   4.5275766e-01
   2.0110000e+01   4.5254528e-01
   2.0120000e+01   4.5233245e-01
   2.0130000e+01   4.5211916e-01
   2.0140000e+01   4.5190542e-01
   2.0150000e+01   4.5169123e-01
   2.0160000e+01   4.5147658e-01
   2.0170000e+01   4.5126149e-01
   2.0180000e+01   4.5104594e-01
   2.0190000e+01   4.5082994e-01
   2.0200000e+01   4.5061349e-01
   2.0210000e+01   4.5039660e-01
   2.0220000e+01   4.5017925e-01
   2.0230000e+01   4.4996145e-01
   2.0240000e+01   4.4974320e-01
   2.0250000e+01   4.4952450e-01
   2.0260000e+01   4.4930535e-01
   2.0270000e+01   4.4908575e-01
   2.0280000e+01   4.4886570e-01
   2.0290000e+01   4.4864521e-01
   2.0300000e+01   4.4842426e-01
   2.0310000e+01   4.4820287e-01
   2.0320000e+01   4.4798103e-01
   2.0330000e+01   4.4775874e-01
   2.0340000e+01   4.4753600e-01
   2.0350000e+01   4.4731282e-01
   2.0360000e+01   4.4708919e-01
   2.0370000e+01   4.4686511e-01
   2.0380000e+01   4.4664058e-01
   2.0390000e+01   4.4641561e-01
   2.0400000e+01   4.4619019e-01
   2.0410000e+01   4.4596433e-01
   2.0420000e+01   4.4573801e-01
   2.0430000e+01   4.4551126e-01
   2.0440000e+01   4.4528406e-01
   2.0450000e+01   4.4505641e-01
   2.0460000e+01   4.4482832e-01
   2.0470000e+01   4.4459978e-01
   2.0480000e+01   4.4437080e-01
   2.0490000e+01   4.4414137e-01
   2.0500000e+01   4.4391150e-01
   2.0510000e+01   4.4368118e-01
   2.0520000e+01   4.4345043e-01
   2.0530000e+01   4.4321922e-01
   2.0540000e+01   4.4298758e-01
   2.0550000e+01   4.4275549e-01
   2.0560000e+01   4.4252296e-01
   2.0570000e+01   4.4228999e-01
   2.0580000e+01   4.4205657e-01
   2.0590000e+01   4.4182272e-01
   2.0600000e+01   4.4158842e-01
   2.0610000e+01   4.4135368e-01
   2.0620000e+01   4.4111849e-01
   2.0630000e+01   4.4088287e-01
   2.0640000e+01   4.4064681e-01
   2.0650000e+01   4.4041030e-01
   2.0660000e+01   4.4017336e-01
   2.0670000e+01   4.3993597e-01
   2.0680000e+01   4.3969814e-01
   2.0690000e+01   4.3945988e-01
   2.0700000e+01   4.3922118e-01
   2.0710000e+01   4.3898203e-01
   2.0720000e+01   4.3874245e-01
   2.0730000e+01   4.3850243e-01
   2.0740000e+01   4.3826197e-01
   2.0750000e+01   4.3802107e-01
   2.0760000e+01   4.3777973e-01
   2.0770000e+01   4.3753796e-01
   2.0780000e+01   4.3729575e-01
   2.0790000e+01   4.3705310e-01
   2.0800000e+01   4.3681001e-01
   2.0810000e+01   4.3656649e-01
   2.0820000e+01   4.3632253e-01
   2.0830000e+01   4.3607813e-01
   2.0840000e+01   4.3583330e-01
   2.0850000e+01   4.3558804e-01
   2.0860000e+01   4.3534233e-01
   2.0870000e+01   4.3509619e-01
   2.0880000e+01   4.3484962e-01
   2.0890000e+01   4.3460261e-01
   2.0900000e+01   4.3435517e-01
   2.0910000e+01   4.3410729e-01
   2.0920000e+01   4.3385898e-01
   2.0930000e+01   4.3361023e-01
   2.0940000e+01   4.3336106e-01
   2.0950000e+01   4.3311144e-01
   2.0960000e+01   4.3286140e-01
   2.0970000e+01   4.3261092e-01
   2.0980000e+01   4.3236001e-01
   2.0990000e+01   4.3210867e-01
   2.1000000e+01   4.3185689e-01
   2.1010000e+01   4.3160468e-01
   2.1020000e+01   4.3135204e-01
   2.1030000e+01   4.3109897e-01
   2.1040000e+01   4.3084547e-01
   2.1050000e+01   4.3059154e-01
   2.1060000e+01   4.3033718e-01
   2.1070000e+01   4.3008239e-01
   2.1080000e+01   4.2982716e-01
   2.1090000e+01   4.2957151e-01
   2.1100000e+01   4.2931543e-01
   2.1110000e+01   4.2905891e-01
   2.1120000e+01   4.2880197e-01
   2.1130000e+01   4.2854460e-01
   2.1140000e+01   4.2828681e-01
   2.1150000e+01   4.2802858e-01
   2.1160000e+01   4.2776992e-01
   2.1170000e+01   4.2751084e-01
   2.1180000e+01   4.2725133e-01
   2.1190000e+01   4.2699140e-01
   2.1200000e+01   4.2673103e-01
   2.1210000e+01   4.2647024e-01
   2.1220000e+01   4.2620902e-01
   2.1230000e+01   4.2594738e-01
   2.1240000e+01   4.2568531e-01
   2.1250000e+01   4.2542282e-01
   2.1260000e+01   4.2515989e-01
   2.1270000e+01   4.2489655e-01
   2.1280000e+01   4.2463278e-01
   2.1290000e+01   4.2436858e-01
   2.1300000e+01   4.2410396e-01
   2.1310000e+01   4.2383892e-01
   2.1320000e+01   4.2357345e-01
   2.1330000e+01   4.2330756e-01
   2.1340000e+01   4.2304125e-01
   2.1350000e+01   4.2277451e-01
   2.1360000e+01   4.2250735e-01
   2.1370000e+01   4.2223977e-01
   2.1380000e+01   4.2197176e-01
   2.1390000e+01   4.2170333e-01
   2.1400000e+01   4.2143449e-01
   2.1410000e+01   4.2116522e-01
   2.1420000e+01   4.2089552e-01
   2.1430000e+01   4.2062541e-01
   2.1440000e+01   4.2035488e-01
   2.1450000e+01   4.2008393e-01
   2.1460000e+01   4.1981255e-01
   2.1470000e+01   4.1954076e-01
   2.1480000e+01   4.1926855e-01
   2.1490000e+01   4.1899592e-01
   2.1500000e+01   4.1872286e-01
   2.1510000e+01   4.1844940e-01
   2.1520000e+01   4.1817551e-01
   2.1530000e+01   4.1790120e-01
   2.1540000e+01   4.1762648e-01
   2.1550000e+01   4.1735134e-01
   2.1560000e+01   4.1707578e-01
   2.1570000e+01   4.1679980e-01
   2.1580000e+01   4.1652341e-01
   2.1590000e+01   4.1624660e-01
   2.1600000e+01   4.1596937e-01
   2.1610000e+01   4.1569173e-01
   2.1620000e+01   4.1541367e-01
   2.1630000e+01   4.1513520e-01
   2.1640000e+01   4.1485631e-01
   2.1650000e+01   4.1457701e-01
   2.1660000e+01   4.1429729e-01
   2.1670000e+01   4.1401716e-01
   2.1680000e+01   4.1373661e-01
   2.1690000e+01   4.1345566e-01
   2.1700000e+01   4.1317428e-01
   2.1710000e+01   4.1289250e-01
   2.1720000e+01   4.1261030e-01
   2.1730000e+01   4.1232769e-01
   2.1740000e+01   4.1204466e-01
   2.1750000e+01   4.1176123e-01
   2.1760000e+01   4.1147738e-01
   2.1770000e+01   4.1119312e-01
   2.1780000e+01   4.1090845e-01
   2.1790000e+01   4.1062337e-01
   2.1800000e+01   4.1033788e-01
   2.1810000e+01   4.1005197e-01
   2.1820000e+01   4.0976566e-01
   2.1830000e+01   4.0947894e-01
   2.1840000e+01   4.0919181e-01
   2.1850000e+01   4.0890427e-01
   2.1860000e+01   4.0861632e-01
   2.1870000e+01   4.0832796e-01
   2.1880000e+01   4.0803919e-01
   2.1890000e+01   4.0775002e-01
   2.1900000e+01   4.0746044e-01
   2.1910000e+01   4.0717045e-01
   2.1920000e+01   4.0688005e-01
   2.1930000e+01   4.0658925e-01
   2.1940000e+01   4.0629803e-01
   2.1950000e+01   4.0600642e-01
   2.1960000e+01   4.0571440e-01
   2.1970000e+01   4.0542197e-01
   2.1980000e+01   4.0512913e-01
   2.1990000e+01   4.0483589e-01
   2.2000000e+01   4.0454225e-01
   2.2010000e+01   4.0424820e-01
   2.2020000e+01   4.0395375e-01
   2.2030000e+01   4.0365889e-01
   2.2040000e+01   4.0336363e-01
   2.2050000e+01   4.0306797e-01
   2.2060000e+01   4.0277190e-01
   2.2070000e+01   4.0247543e-01
   2.2080000e+01   4.0217856e-01
   2.2090000e+01   4.0188129e-01
   2.2100000e+01   4.0158361e-01
   2.2110000e+01   4.0128553e-01
   2.2120000e+01   4.0098705e-01
   2.2130000e+01   4.0068817e-01
   2.2140000e+01   4.0038889e-01
   2.2150000e+01   4.0008921e-01
   2.2160000e+01   3.9978913e-01
   2.2170000e+01   3.9948865e-01
   2.2180000e+01   3.9918777e-01
   2.2190000e+01   3.9888649e-01
   2.2200000e+01   3.9858481e-01
   2.2210000e+01   3.9828274e-01
   2.2220000e+01   3.9798026e-01
   2.2230000e+01   3.9767739e-01
   2.2240000e+01   3.9737412e-01
   2.2250000e+01   3.9707045e-01
   2.2260000e+01   3.9676638e-01
   2.2270000e+01   3.9646192e-01
   2.2280000e+01   3.9615706e-01
   2.2290000e+01   3.9585181e-01
   2.2300000e+01   3.9554616e-01
   2.2310000e+01   3.9524011e-01
   2.2320000e+01   3.9493367e-01
   2.2330000e+01   3.9462683e-01
   2.2340000e+01   3.9431960e-01
   2.2350000e+01   3.9401198e-01
   2.2360000e+01   3.9370396e-01
   2.2370000e+01   3.9339555e-01
   2.2380000e+01   3.9308674e-01
   2.2390000e+01   3.9277754e-01
   2.2400000e+01   3.9246795e-01
   2.2410000e+01   3.9215796e-01
   2.2420000e+01   3.9184759e-01
   2.2430000e+01   3.9153682e-01
   2.2440000e+01   3.9122566e-01
   2.2450000e+01   3.9091411e-01
   2.2460000e+01   3.9060216e-01
   2.2470000e+01   3.9028983e-01
   2.2480000e+01   3.8997711e-01
   2.2490000e+01   3.8966399e-01
   2.2500000e+01   3.8935049e-01
   2.2510000e+01   3.8903660e-01
   2.2520000e+01   3.8872232e-01
   2.2530000e+01   3.8840765e-01
   2.2540000e+01   3.8809259e-01
   2.2550000e+01   3.8777714e-01
   2.2560000e+01   3.8746131e-01
   2.2570000e+01   3.8714509e-01
   2.2580000e+01   3.8682848e-01
   2.2590000e+01   3.8651148e-01
   2.2600000e+01   3.8619410e-01
   2.2610000e+01   3.8587633e-01
   2.2620000e+01   3.8555818e-01
   2.2630000e+01   3.8523964e-01
   2.2640000e+01   3.8492071e-01
   2.2650000e+01   3.8460140e-01
   2.2660000e+01   3.8428171e-01
   2.2670000e+01   3.8396163e-01
   2.2680000e+01   3.8364117e-01
   2.2690000e+01   3.8332032e-01
   2.2700000e+01   3.8299909e-01
   2.2710000e+01   3.8267748e-01
   2.2720000e+01   3.8235548e-01
   2.2730000e+01   3.8203310e-01
   2.2740000e+01   3.8171034e-01
   2.2750000e+01   3.8138720e-01
   2.2760000e+01   3.8106368e-01
   2.2770000e+01   3.8073977e-01
   2.2780000e+01   3.8041549e-01
   2.2790000e+01   3.8009082e-01
   2.2800000e+01   3.7976578e-01
   2.2810000e+01   3.7944035e-01
   2.2820000e+01   3.7911455e-01
   2.2830000e+01   3.7878837e-01
   2.2840000e+01   3.7846180e-01
   2.2850000e+01   3.7813486e-01
   2.2860000e+01   3.7780754e-01
   2.2870000e+01   3.7747985e-01
   2.2880000e+01   3.7715177e-01
   2.2890000e+01   3.7682332e-01
   2.2900000e+01   3.7649449e-01
   2.2910000e+01   3.7616529e-01
   2.2920000e+01   3.7583571e-01
   2.2930000e+01   3.7550575e-01
   2.2940000e+01   3.7517542e-01
   2.2950000e+01   3.7484471e-01
   2.2960000e+01   3.7451363e-01
   2.2970000e+01   3.7418217e-01
   2.2980000e+01   3.7385034e-01
   2.2990000e+01   3.7351814e-01
   2.3000000e+01   3.7318556e-01
   2.3010000e+01   3.7285261e-01
   2.3020000e+01   3.7251928e-01
   2.3030000e+01   3.7218558e-01
   2.3040000e+01   3.7185152e-01
   2.3050000e+01   3.7151707e-01
   2.3060000e+01   3.7118226e-01
   2.3070000e+01   3.7084708e-01
   2.3080000e+01   3.7051152e-01
   2.3090000e+01   3.7017560e-01
   2.3100000e+01   3.6983930e-01
   2.3110000e+01   3.6950264e-01
   2.3120000e+01   3.6916560e-01
   2.3130000e+01   3.6882820e-01
   2.3140000e+01   3.6849043e-01
   2.3150000e+01   3.6815229e-01
   2.3160000e+01   3.6781378e-01
   2.3170000e+01   3.6747490e-01
   2.3180000e+01   3.6713566e-01
   2.3190000e+01   3.6679605e-01
   2.3200000e+01   3.6645607e-01
   2.3210000e+01   3.6611572e-01
   2.3220000e+01   3.6577501e-01
   2.3230000e+01   3.6543393e-01
   2.3240000e+01   3.6509249e-01
   2.3250000e+01   3.6475068e-01
   2.3260000e+01   3.6440851e-01
   2.3270000e+01   3.6406598e-01
   2.3280000e+01   3.6372308e-01
   2.3290000e+01   3.6337981e-01
   2.3300000e+01   3.6303618e-01
   2.3310000e+01   3.6269219e-01
   2.3320000e+01   3.6234784e-01
   2.3330000e+01   3.6200312e-01
   2.3340000e+01   3.6165805e-01
   2.3350000e+01   3.6131261e-01
   2.3360000e+01   3.6096681e-01
   2.3370000e+01   3.6062065e-01
   2.3380000e+01   3.6027412e-01
   2.3390000e+01   3.5992724e-01
   2.3400000e+01   3.5958000e-01
   2.3410000e+01   3.5923240e-01
   2.3420000e+01   3.5888444e-01
   2.3430000e+01   3.5853612e-01
   2.3440000e+01   3.5818744e-01
   2.3450000e+01   3.5783840e-01
   2.3460000e+01   3.5748901e-01
   2.3470000e+01   3.5713925e-01
   2.3480000e+01   3.5678914e-01
   2.3490000e+01   3.5643868e-01
   2.3500000e+01   3.5608786e-01
   2.3510000e+01   3.5573668e-01
   2.3520000e+01   3.5538514e-01
   2.3530000e+01   3.5503325e-01
   2.3540000e+01   3.5468101e-01
   2.3550000e+01   3.5432841e-01
   2.3560000e+01   3.5397545e-01
   2.3570000e+01   3.5362215e-01
   2.3580000e+01   3.5326849e-01
   2.3590000e+01   3.5291447e-01
   2.3600000e+01   3.5256010e-01
   2.3610000e+01   3.5220538e-01
   2.3620000e+01   3.5185031e-01
   2.3630000e+01   3.5149489e-01
   2.3640000e+01   3.5113911e-01
   2.3650000e+01   3.5078298e-01
   2.3660000e+01   3.5042651e-01
   2.3670000e+01   3.5006968e-01
   2.3680000e+01   3.4971250e-01
   2.3690000e+01   3.4935497e-01
   2.3700000e+01   3.4899710e-01
   2.3710000e+01   3.4863887e-01
   2.3720000e+01   3.4828029e-01
   2.3730000e+01   3.4792137e-01
   2.3740000e+01   3.4756210e-01
   2.3750000e+01   3.4720248e-01
   2.3760000e+01   3.4684252e-01
   2.3770000e+01   3.4648220e-01
   2.3780000e+01   3.4612154e-01
   2.3790000e+01   3.4576054e-01
   2.3800000e+01   3.4539919e-01
   2.3810000e+01   3.4503749e-01
   2.3820000e+01   3.4467545e-01
   2.3830000e+01   3.4431306e-01
   2.3840000e+01   3.4395033e-01
   2.3850000e+01   3.4358726e-01
   2.3860000e+01   3.4322384e-01
   2.3870000e+01   3.4286008e-01
   2.3880000e+01   3.4249598e-01
   2.3890000e+01   3.4213153e-01
   2.3900000e+01   3.4176674e-01
   2.3910000e+01   3.4140161e-01
   2.3920000e+01   3.4103614e-01
   2.3930000e+01   3.4067033e-01
   2.3940000e+01   3.4030417e-01
   2.3950000e+01   3.3993768e-01
   2.3960000e+01   3.3957085e-01
   2.3970000e+01   3.3920367e-01
   2.3980000e+01   3.3883616e-01
   2.3990000e+01   3.3846831e-01
   2.4000000e+01   3.3810012e-01
   2.4010000e+01   3.3773159e-01
   2.4020000e+01   3.3736272e-01
   2.4030000e+01   3.3699352e-01
   2.4040000e+01   3.3662398e-01
   2.4050000e+01   3.3625410e-01
   2.4060000e+01   3.3588389e-01
   2.4070000e+01   3.3551334e-01
   2.4080000e+01   3.3514246e-01
   2.4090000e+01   3.3477124e-01
   2.4100000e+01   3.3439969e-01
   2.4110000e+01   3.3402780e-01
   2.4120000e+01   3.3365557e-01
   2.4130000e+01   3.3328302e-01
   2.4140000e+01   3.3291013e-01
   2.4150000e+01   3.3253691e-01
   2.4160000e+01   3.3216335e-01
   2.4170000e+01   3.3178946e-01
   2.4180000e+01   3.3141524e-01
   2.4190000e+01   3.3104069e-01
   2.4200000e+01   3.3066581e-01
   2.4210000e+01   3.3029060e-01
   2.4220000e+01   3.2991506e-01
   2.4230000e+01   3.2953919e-01
   2.4240000e+01   3.2916298e-01
   2.4250000e+01   3.2878645e-01
   2.4260000e+01   3.2840959e-01
   2.4270000e+01   3.2803241e-01
   2.4280000e+01   3.2765489e-01
   2.4290000e+01   3.2727705e-01
   2.4300000e+01   3.2689887e-01
   2.4310000e+01   3.2652038e-01
   2.4320000e+01   3.2614155e-01
   2.4330000e+01   3.2576240e-01
   2.4340000e+01   3.2538292e-01
   2.4350000e+01   3.2500312e-01
   2.4360000e+01   3.2462300e-01
   2.4370000e+01   3.2424254e-01
   2.4380000e+01   3.2386177e-01
   2.4390000e+01   3.2348067e-01
   2.4400000e+01   3.2309925e-01
   2.4410000e+01   3.2271750e-01
   2.4420000e+01   3.2233543e-01
   2.4430000e+01   3.2195304e-01
   2.4440000e+01   3.2157033e-01
   2.4450000e+01   3.2118729e-01
   2.4460000e+01   3.2080394e-01
   2.4470000e+01   3.2042026e-01
   2.4480000e+01   3.2003626e-01
   2.4490000e+01   3.1965194e-01
   2.4500000e+01   3.1926731e-01
   2.4510000e+01   3.1888235e-01
   2.4520000e+01   3.1849708e-01
   2.4530000e+01   3.1811148e-01
   2.4540000e+01   3.1772557e-01
   2.4550000e+01   3.1733934e-01
   2.4560000e+01   3.1695279e-01
   2.4570000e+01   3.1656593e-01
   2.4580000e+01   3.1617875e-01
   2.4590000e+01   3.1579125e-01
   2.4600000e+01   3.1540344e-01
   2.4610000e+01   3.1501531e-01
   2.4620000e+01   3.1462687e-01
   2.4630000e+01   3.1423812e-01
   2.4640000e+01   3.1384904e-01
   2.4650000e+01   3.1345966e-01
   2.4660000e+01   3.1306996e-01
   2.4670000e+01   3.1267995e-01
   2.4680000e+01   3.1228962e-01
   2.4690000e+01   3.1189899e-01
   2.4700000e+01   3.1150804e-01
   2.4710000e+01   3.1111678e-01
   2.4720000e+01   3.1072521e-01
   2.4730000e+01   3.1033332e-01
   2.4740000e+01   3.0994113e-01
   2.4750000e+01   3.0954863e-01
   2.4760000e+01   3.0915582e-01
   2.4770000e+01   3.0876270e-01
   2.4780000e+01   3.0836927e-01
   2.4790000e+01   3.0797553e-01
   2.4800000e+01   3.0758148e-01
   2.4810000e+01   3.0718713e-01
   2.4820000e+01   3.0679247e-01
   2.4830000e+01   3.0639750e-01
   2.4840000e+01   3.0600223e-01
   2.4850000e+01   3.0560665e-01
   2.4860000e+01   3.0521076e-01
   2.4870000e+01   3.0481457e-01
   2.4880000e+01   3.0441807e-01
   2.4890000e+01   3.0402127e-01
   2.4900000e+01   3.0362417e-01
   2.4910000e+01   3.0322676e-01
   2.4920000e+01   3.0282905e-01
   2.4930000e+01   3.0243104e-01
   2.4940000e+01   3.0203272e-01
   2.4950000e+01   3.0163410e-01
   2.4960000e+01   3.0123518e-01
   2.4970000e+01   3.0083596e-01
   2.4980000e+01   3.0043644e-01
   2.4990000e+01   3.0003662e-01
   2.5000000e+01   2.9963649e-01
   2.5010000e+01   2.9923607e-01
   2.5020000e+01   2.9883535e-01
   2.5030000e+01   2.9843433e-01
   2.5040000e+01   2.9803301e-01
   2.5050000e+01   2.9763140e-01
   2.5060000e+01   2.9722948e-01
   2.5070000e+01   2.9682727e-01
   2.5080000e+01   2.9642476e-01
   2.5090000e+01   2.9602196e-01
   2.5100000e+01   2.9561886e-01
   2.5110000e+01   2.9521546e-01
   2.5120000e+01   2.9481177e-01
   2.5130000e+01   2.9440778e-01
   2.5140000e+01   2.9400350e-01
   2.5150000e+01   2.9359893e-01
   2.5160000e+01   2.9319406e-01
   2.5170000e+01   2.9278890e-01
   2.5180000e+01   2.9238344e-01
   2.5190000e+01   2.9197769e-01
   2.5200000e+01   2.9157166e-01
   2.5210000e+01   2.9116532e-01
   2.5220000e+01   2.9075870e-01
   2.5230000e+01   2.9035179e-01
   2.5240000e+01   2.8994459e-01
   2.5250000e+01   2.8953710e-01
   2.5260000e+01   2.8912931e-01
   2.5270000e+01   2.8872124e-01
   2.5280000e+01   2.8831288e-01
   2.5290000e+01   2.8790423e-01
   2.5300000e+01   2.8749530e-01
   2.5310000e+01   2.8708607e-01
   2.5320000e+01   2.8667656e-01
   2.5330000e+01   2.8626677e-01
   2.5340000e+01   2.8585668e-01
   2.5350000e+01   2.8544631e-01
   2.5360000e+01   2.8503566e-01
   2.5370000e+01   2.8462472e-01
   2.5380000e+01   2.8421349e-01
   2.5390000e+01   2.8380198e-01
   2.5400000e+01   2.8339019e-01
   2.5410000e+01   2.8297812e-01
   2.5420000e+01   2.8256576e-01
   2.5430000e+01   2.8215311e-01
   2.5440000e+01   2.8174019e-01
   2.5450000e+01   2.8132699e-01
   2.5460000e+01   2.8091350e-01
   2.5470000e+01   2.8049973e-01
   2.5480000e+01   2.8008568e-01
   2.5490000e+01   2.7967135e-01
   2.5500000e+01   2.7925675e-01
   2.5510000e+01   2.7884186e-01
   2.5520000e+01   2.7842669e-01
   2.5530000e+01   2.7801125e-01
   2.5540000e+01   2.7759553e-01
   2.5550000e+01   2.7717953e-01
   2.5560000e+01   2.7676325e-01
   2.5570000e+01   2.7634669e-01
   2.5580000e+01   2.7592986e-01
   2.5590000e+01   2.7551276e-01
   2.5600000e+01   2.7509538e-01
   2.5610000e+01   2.7467772e-01
   2.5620000e+01   2.7425979e-01
   2.5630000e+01   2.7384158e-01
   2.5640000e+01   2.7342310e-01
   2.5650000e+01   2.7300435e-01
   2.5660000e+01   2.7258532e-01
   2.5670000e+01   2.7216602e-01
   2.5680000e+01   2.7174645e-01
   2.5690000e+01   2.7132661e-01
   2.5700000e+01   2.7090650e-01
   2.5710000e+01   2.7048611e-01
   2.5720000e+01   2.7006545e-01
   2.5730000e+01   2.6964453e-01
   2.5740000e+01   2.6922333e-01
   2.5750000e+01   2.6880187e-01
   2.5760000e+01   2.6838014e-01
   2.5770000e+01   2.6795814e-01
   2.5780000e+01   2.6753587e-01
   2.5790000e+01   2.6711333e-01
   2.5800000e+01   2.6669052e-01
   2.5810000e+01   2.6626745e-01
   2.5820000e+01   2.6584412e-01
   2.5830000e+01   2.6542051e-01
   2.5840000e+01   2.6499665e-01
   2.5850000e+01   2.6457251e-01
   2.5860000e+01   2.6414811e-01
   2.5870000e+01   2.6372345e-01
   2.5880000e+01   2.6329853e-01
   2.5890000e+01   2.6287334e-01
   2.5900000e+01   2.6244789e-01
   2.5910000e+01   2.6202217e-01
   2.5920000e+01   2.6159619e-01
   2.5930000e+01   2.6116996e-01
   2.5940000e+01   2.6074346e-01
   2.5950000e+01   2.6031670e-01
   2.5960000e+01   2.5988968e-01
   2.5970000e+01   2.5946240e-01
   2.5980000e+01   2.5903486e-01
   2.5990000e+01   2.5860706e-01
   2.6000000e+01   2.5817900e-01
   2.6010000e+01   2.5775069e-01
   2.6020000e+01   2.5732211e-01
   2.6030000e+01   2.5689328e-01
   2.6040000e+01   2.5646419e-01
   2.6050000e+01   2.5603485e-01
   2.6060000e+01   2.5560525e-01
   2.6070000e+01   2.5517540e-01
   2.6080000e+01   2.5474528e-01
   2.6090000e+01   2.5431492e-01
   2.6100000e+01   2.5388430e-01
   2.6110000e+01   2.5345343e-01
   2.6120000e+01   2.5302230e-01
   2.6130000e+01   2.5259092e-01
   2.6140000e+01   2.5215929e-01
   2.6150000e+01   2.5172740e-01
   2.6160000e+01   2.5129526e-01
   2.6170000e+01   2.5086288e-01
   2.6180000e+01   2.5043024e-01
   2.6190000e+01   2.4999735e-01
   2.6200000e+01   2.4956421e-01
   2.6210000e+01   2.4913082e-01
   2.6220000e+01   2.4869718e-01
   2.6230000e+01   2.4826330e-01
   2.6240000e+01   2.4782916e-01
   2.6250000e+01   2.4739478e-01
   2.6260000e+01   2.4696015e-01
   2.6270000e+01   2.4652527e-01
   2.6280000e+01   2.4609015e-01
   2.6290000e+01   2.4565478e-01
   2.6300000e+01   2.4521916e-01
   2.6310000e+01   2.4478330e-01
   2.6320000e+01   2.4434720e-01
   2.6330000e+01   2.4391085e-01
   2.6340000e+01   2.4347425e-01
   2.6350000e+01   2.4303742e-01
   2.6360000e+01   2.4260034e-01
   2.6370000e+01   2.4216302e-01
   2.6380000e+01   2.4172545e-01
   2.6390000e+01   2.4128764e-01
   2.6400000e+01   2.4084960e-01
   2.6410000e+01   2.4041131e-01
   2.6420000e+01   2.3997278e-01
   2.6430000e+01   2.3953401e-01
   2.6440000e+01   2.3909500e-01
   2.6450000e+01   2.3865575e-01
   2.6460000e+01   2.3821627e-01
   2.6470000e+01   2.3777654e-01
   2.6480000e+01   2.3733658e-01
   2.6490000e+01   2.3689638e-01
   2.6500000e+01   2.3645594e-01
   2.6510000e+01   2.3601527e-01
   2.6520000e+01   2.3557436e-01
   2.6530000e+01   2.3513322e-01
   2.6540000e+01   2.3469184e-01
   2.6550000e+01   2.3425022e-01
   2.6560000e+01   2.3380837e-01
   2.6570000e+01   2.3336629e-01
   2.6580000e+01   2.3292398e-01
   2.6590000e+01   2.3248143e-01
   2.6600000e+01   2.3203865e-01
   2.6610000e+01   2.3159563e-01
   2.6620000e+01   2.3115239e-01
   2.6630000e+01   2.3070891e-01
   2.6640000e+01   2.3026520e-01
   2.6650000e+01   2.2982127e-01
   2.6660000e+01   2.2937710e-01
   2.6670000e+01   2.2893270e-01
   2.6680000e+01   2.2848808e-01
   2.6690000e+01   2.2804323e-01
   2.6700000e+01   2.2759814e-01
   2.6710000e+01   2.2715283e-01
   2.6720000e+01   2.2670730e-01
   2.6730000e+01   2.2626154e-01
   2.6740000e+01   2.2581555e-01
   2.6750000e+01   2.2536933e-01
   2.6760000e+01   2.2492289e-01
   2.6770000e+01   2.2447622e-01
   2.6780000e+01   2.2402933e-01
   2.6790000e+01   2.2358222e-01
   2.6800000e+01   2.2313488e-01
   2.6810000e+01   2.2268732e-01
   2.6820000e+01   2.2223954e-01
   2.6830000e+01   2.2179153e-01
   2.6840000e+01   2.2134331e-01
   2.6850000e+01   2.2089486e-01
   2.6860000e+01   2.2044619e-01
   2.6870000e+01   2.1999730e-01
   2.6880000e+01   2.1954819e-01
   2.6890000e+01   2.1909886e-01
   2.6900000e+01   2.1864931e-01
   2.6910000e+01   2.1819954e-01
   2.6920000e+01   2.1774956e-01
   2.6930000e+01   2.1729935e-01
   2.6940000e+01   2.1684893e-01
   2.6950000e+01   2.1639829e-01
   2.6960000e+01   2.1594744e-01
   2.6970000e+01   2.1549637e-01
   2.6980000e+01   2.1504508e-01
   2.6990000e+01   2.1459358e-01
   2.7000000e+01   2.1414187e-01
   2.7010000e+01   2.1368994e-01
   2.7020000e+01   2.1323780e-01
   2.7030000e+01   2.1278544e-01
   2.7040000e+01   2.1233287e-01
   2.7050000e+01   2.1188009e-01
   2.7060000e+01   2.1142710e-01
   2.7070000e+01   2.1097389e-01
   2.7080000e+01   2.1052048e-01
   2.7090000e+01   2.1006685e-01
   2.7100000e+01   2.0961302e-01
   2.7110000e+01   2.0915897e-01
   2.7120000e+01   2.0870472e-01
   2.7130000e+01   2.0825025e-01
   2.7140000e+01   2.0779558e-01
   2.7150000e+01   2.0734070e-01
   2.7160000e+01   2.0688561e-01
   2.7170000e+01   2.0643032e-01
   2.7180000e+01   2.0597482e-01
   2.7190000e+01   2.0551911e-01
   2.7200000e+01   2.0506320e-01
   2.7210000e+01   2.0460708e-01
   2.7220000e+01   2.0415076e-01
   2.7230000e+01   2.0369424e-01
   2.7240000e+01   2.0323751e-01
   2.7250000e+01   2.0278058e-01
   2.7260000e+01   2.0232344e-01
   2.7270000e+01   2.0186610e-01
   2.7280000e+01   2.0140856e-01
   2.7290000e+01   2.0095082e-01
   2.7300000e+01   2.0049288e-01
   2.7310000e+01   2.0003474e-01
   2.7320000e+01   1.9957640e-01
   2.7330000e+01   1.9911785e-01
   2.7340000e+01   1.9865911e-01
   2.7350000e+01   1.9820017e-01
   2.7360000e+01   1.9774104e-01
   2.7370000e+01   1.9728170e-01
   2.7380000e+01   1.9682217e-01
   2.7390000e+01   1.9636244e-01
   2.7400000e+01   1.9590251e-01
   2.7410000e+01   1.9544239e-01
   2.7420000e+01   1.9498207e-01
   2.7430000e+01   1.9452156e-01
   2.7440000e+01   1.9406085e-01
   2.7450000e+01   1.9359995e-01
   2.7460000e+01   1.9313886e-01
   2.7470000e+01   1.9267757e-01
   2.7480000e+01   1.9221609e-01
   2.7490000e+01   1.9175442e-01
   2.7500000e+01   1.9129255e-01
   2.7510000e+01   1.9083050e-01
   2.7520000e+01   1.9036825e-01
   2.7530000e+01   1.8990581e-01
   2.7540000e+01   1.8944319e-01
   2.7550000e+01   1.8898037e-01
   2.7560000e+01   1.8851736e-01
   2.7570000e+01   1.8805417e-01
   2.7580000e+01   1.8759079e-01
   2.7590000e+01   1.8712722e-01
   2.7600000e+01   1.8666346e-01
   2.7610000e+01   1.8619952e-01
   2.7620000e+01   1.8573539e-01
   2.7630000e+01   1.8527108e-01
   2.7640000e+01   1.8480657e-01
   2.7650000e+01   1.8434189e-01
   2.7660000e+01   1.8387702e-01
   2.7670000e+01   1.8341197e-01
   2.7680000e+01   1.8294673e-01
   2.7690000e+01   1.8248131e-01
   2.7700000e+01   1.8201571e-01
   2.7710000e+01   1.8154992e-01
   2.7720000e+01   1.8108396e-01
   2.7730000e+01   1.8061781e-01
   2.7740000e+01   1.8015148e-01
   2.7750000e+01   1.7968498e-01
   2.7760000e+01   1.7921829e-01
   2.7770000e+01   1.7875142e-01
   2.7780000e+01   1.7828438e-01
   2.7790000e+01   1.7781715e-01
   2.7800000e+01   1.7734975e-01
   2.7810000e+01   1.7688217e-01
   2.7820000e+01   1.7641442e-01
   2.7830000e+01   1.7594648e-01
   2.7840000e+01   1.7547838e-01
   2.7850000e+01   1.7501009e-01
   2.7860000e+01   1.7454163e-01
   2.7870000e+01   1.7407300e-01
   2.7880000e+01   1.7360419e-01
   2.7890000e+01   1.7313521e-01
   2.7900000e+01   1.7266606e-01
   2.7910000e+01   1.7219673e-01
   2.7920000e+01   1.7172723e-01
   2.7930000e+01   1.7125756e-01
   2.7940000e+01   1.7078772e-01
   2.7950000e+01   1.7031771e-01
   2.7960000e+01   1.6984753e-01
   2.7970000e+01   1.6937717e-01
   2.7980000e+01   1.6890665e-01
   2.7990000e+01   1.6843596e-01
   2.8000000e+01   1.6796510e-01
   2.8010000e+01   1.6749408e-01
   2.8020000e+01   1.6702288e-01
   2.8030000e+01   1.6655152e-01
   2.8040000e+01   1.6607999e-01
   2.8050000e+01   1.6560830e-01
   2.8060000e+01   1.6513644e-01
   2.8070000e+01   1.6466441e-01
   2.8080000e+01   1.6419222e-01
   2.8090000e+01   1.6371987e-01
   2.8100000e+01   1.6324735e-01
   2.8110000e+01   1.6277467e-01
   2.8120000e+01   1.6230182e-01
   2.8130000e+01   1.6182882e-01
   2.8140000e+01   1.6135565e-01
   2.8150000e+01   1.6088232e-01
   2.8160000e+01   1.6040883e-01
   2.8170000e+01   1.5993518e-01
   2.8180000e+01   1.5946137e-01
   2.8190000e+01   1.5898740e-01
   2.8200000e+01   1.5851327e-01
   2.8210000e+01   1.5803898e-01
   2.8220000e+01   1.5756454e-01
   2.8230000e+01   1.5708993e-01
   2.8240000e+01   1.5661517e-01
   2.8250000e+01   1.5614026e-01
   2.8260000e+01   1.5566518e-01
   2.8270000e+01   1.5518995e-01
   2.8280000e+01   1.5471457e-01
   2.8290000e+01   1.5423903e-01
   2.8300000e+01   1.5376334e-01
   2.8310000e+01   1.5328749e-01
   2.8320000e+01   1.5281149e-01
   2.8330000e+01   1.5233534e-01
   2.8340000e+01   1.5185904e-01
   2.8350000e+01   1.5138258e-01
   2.8360000e+01   1.5090597e-01
   2.8370000e+01   1.5042921e-01
   2.8380000e+01   1.4995230e-01
   2.8390000e+01   1.4947524e-01
   2.8400000e+01   1.4899803e-01
   2.8410000e+01   1.4852068e-01
   2.8420000e+01   1.4804317e-01
   2.8430000e+01   1.4756551e-01
   2.8440000e+01   1.4708771e-01
   2.8450000e+01   1.4660976e-01
   2.8460000e+01   1.4613167e-01
   2.8470000e+01   1.4565343e-01
   2.8480000e+01   1.4517504e-01
   2.8490000e+01   1.4469651e-01
   2.8500000e+01   1.4421783e-01
   2.8510000e+01   1.4373901e-01
   2.8520000e+01   1.4326004e-01
   2.8530000e+01   1.4278093e-01
   2.8540000e+01   1.4230168e-01
   2.8550000e+01   1.4182229e-01
   2.8560000e+01   1.4134275e-01
   2.8570000e+01   1.4086307e-01
   2.8580000e+01   1.4038326e-01
   2.8590000e+01   1.3990330e-01
   2.8600000e+01   1.3942320e-01
   2.8610000e+01   1.3894296e-01
   2.8620000e+01   1.3846259e-01
   2.8630000e+01   1.3798207e-01
   2.8640000e+01   1.3750142e-01
   2.8650000e+01   1.3702063e-01
   2.8660000e+01   1.3653970e-01
   2.8670000e+01   1.3605864e-01
   2.8680000e+01   1.3557744e-01
   2.8690000e+01   1.3509610e-01
   2.8700000e+01   1.3461463e-01
   2.8710000e+01   1.3413303e-01
   2.8720000e+01   1.3365129e-01
   2.8730000e+01   1.3316941e-01
   2.8740000e+01   1.3268741e-01
   2.8750000e+01   1.3220527e-01
   2.8760000e+01   1.3172300e-01
   2.8770000e+01   1.3124059e-01
   2.8780000e+01   1.3075806e-01
   2.8790000e+01   1.3027539e-01
   2.8800000e+01   1.2979260e-01
   2.8810000e+01   1.2930967e-01
   2.8820000e+01   1.2882662e-01
   2.8830000e+01   1.2834344e-01
   2.8840000e+01   1.2786013e-01
   2.8850000e+01   1.2737669e-01
   2.8860000e+01   1.2689312e-01
   2.8870000e+01   1.2640943e-01
   2.8880000e+01   1.2592561e-01
   2.8890000e+01   1.2544166e-01
   2.8900000e+01   1.2495759e-01
   2.8910000e+01   1.2447339e-01
   2.8920000e+01   1.2398907e-01
   2.8930000e+01   1.2350463e-01
   2.8940000e+01   1.2302006e-01
   2.8950000e+01   1.2253537e-01
   2.8960000e+01   1.2205055e-01
   2.8970000e+01   1.2156562e-01
   2.8980000e+01   1.2108056e-01
   2.8990000e+01   1.2059538e-01
   2.9000000e+01   1.2011008e-01
   2.9010000e+01   1.1962466e-01
   2.9020000e+01   1.1913913e-01
   2.9030000e+01   1.1865347e-01
   2.9040000e+01   1.1816769e-01
   2.9050000e+01   1.1768180e-01
   2.9060000e+01   1.1719578e-01
   2.9070000e+01   1.1670965e-01
   2.9080000e+01   1.1622341e-01
   2.9090000e+01   1.1573705e-01
   2.9100000e+01   1.1525057e-01
   2.9110000e+01   1.1476397e-01
   2.9120000e+01   1.1427727e-01
   2.9130000e+01   1.1379044e-01
   2.9140000e+01   1.1330351e-01
   2.9150000e+01   1.1281646e-01
   2.9160000e+01   1.1232929e-01
   2.9170000e+01   1.1184202e-01
   2.9180000e+01   1.1135463e-01
   2.9190000e+01   1.1086713e-01
   2.9200000e+01   1.1037953e-01
   2.9210000e+01   1.0989181e-01
   2.9220000e+01   1.0940398e-01
   2.9230000e+01   1.0891604e-01
   2.9240000e+01   1.0842799e-01
   2.9250000e+01   1.0793983e-01
   2.9260000e+01   1.0745157e-01
   2.9270000e+01   1.0696320e-01
   2.9280000e+01   1.0647472e-01
   2.9290000e+01   1.0598614e-01
   2.9300000e+01   1.0549745e-01
   2.9310000e+01   1.0500865e-01
   2.9320000e+01   1.0451975e-01
   2.9330000e+01   1.0403074e-01
   2.9340000e+01   1.0354163e-01
   2.9350000e+01   1.0305242e-01
   2.9360000e+01   1.0256310e-01
   2.9370000e+01   1.0207368e-01
   2.9380000e+01   1.0158416e-01
   2.9390000e+01   1.0109454e-01
   2.9400000e+01   1.0060482e-01
   2.9410000e+01   1.0011499e-01
   2.9420000e+01   9.9625068e-02
   2.9430000e+01   9.9135044e-02
   2.9440000e+01   9.8644921e-02
   2.9450000e+01   9.8154699e-02
   2.9460000e+01   9.7664379e-02
   2.9470000e+01   9.7173961e-02
   2.9480000e+01   9.6683446e-02
   2.9490000e+01   9.6192835e-02
   2.9500000e+01   9.5702127e-02
   2.9510000e+01   9.5211324e-02
   2.9520000e+01   9.4720425e-02
   2.9530000e+01   9.4229432e-02
   2.9540000e+01   9.3738344e-02
   2.9550000e+01   9.3247163e-02
   2.9560000e+01   9.2755888e-02
   2.9570000e+01   9.2264521e-02
   2.9580000e+01   9.1773061e-02
   2.9590000e+01   9.1281510e-02
   2.9600000e+01   9.0789867e-02
   2.9610000e+01   9.0298134e-02
   2.9620000e+01   8.9806310e-02
   2.9630000e+01   8.9314397e-02
   2.9640000e+01   8.8822394e-02
   2.9650000e+01   8.8330302e-02
   2.9660000e+01   8.7838122e-02
   2.9670000e+01   8.7345854e-02
   2.9680000e+01   8.6853499e-02
   2.9690000e+01   8.6361057e-02
   2.9700000e+01   8.5868529e-02
   2.9710000e+01   8.5375914e-02
   2.9720000e+01   8.4883215e-02
   2.9730000e+01   8.4390430e-02
   2.9740000e+01   8.3897561e-02
   2.9750000e+01   8.3404609e-02
   2.9760000e+01   8.2911572e-02
   2.9770000e+01   8.2418453e-02
   2.9780000e+01   8.1925252e-02
   2.9790000e+01   8.1431968e-02
   2.9800000e+01   8.0938603e-02
   2.9810000e+01   8.0445157e-02
   2.9820000e+01   7.9951631e-02
   2.9830000e+01   7.9458025e-02
   2.9840000e+01   7.8964339e-02
   2.9850000e+01   7.8470575e-02
   2.9860000e+01   7.7976731e-02
   2.9870000e+01   7.7482810e-02
   2.9880000e+01   7.6988812e-02
   2.9890000e+01   7.6494736e-02
   2.9900000e+01   7.6000584e-02
   2.9910000e+01   7.5506356e-02
   2.9920000e+01   7.5012052e-02
   2.9930000e+01   7.4517674e-02
   2.9940000e+01   7.4023221e-02
   2.9950000e+01   7.3528694e-02
   2.9960000e+01   7.3034093e-02
   2.9970000e+01   7.2539419e-02
   2.9980000e+01   7.2044673e-02
   2.9990000e+01   7.1549855e-02
   3.0000000e+01   7.1054965e-02
