   1.0000000e-02   2.4467638e-03
   2.0000000e-02   1.1234818e-03
   3.0000000e-02  -1.9980022e-04
   4.0000000e-02   1.3588466e-03
   5.0000000e-02   2.6462194e-03
   6.0000000e-02   1.5460069e-03
   7.0000000e-02   1.9223880e-05
   8.0000000e-02   3.0714100e-05
   9.0000000e-02  -1.6315570e-03
   1.0000000e-01   4.8642625e-04
   1.1000000e-01  -2.7150504e-04
   1.2000000e-01  -1.8591267e-04
   1.3000000e-01  -1.4216977e-03
   1.4000000e-01   1.3085989e-03
   1.5000000e-01   5.5595109e-04
   1.6000000e-01  -2.3187373e-03
   1.7000000e-01   1.2477356e-03
   1.8000000e-01  -7.7349217e-04
   1.9000000e-01   1.4270820e-03
   2.0000000e-01   1.7270510e-03
   2.1000000e-01   3.7519621e-03
   2.2000000e-01   4.6414239e-03
   2.3000000e-01   5.4986927e-03
   2.4000000e-01   7.1611701e-03
   2.5000000e-01   8.8061760e-03
   2.6000000e-01   9.1859153e-03
   2.7000000e-01   1.1090649e-02
   2.8000000e-01   1.2099156e-02
   2.9000000e-01   1.4352642e-02
   3.0000000e-01   1.4889153e-02
   3.1000000e-01   1.6411108e-02
   3.2000000e-01   1.6432803e-02
   3.3000000e-01   1.7516728e-02
   3.4000000e-01   1.7724387e-02
   3.5000000e-01   1.4775796e-02
   3.6000000e-01   1.4350145e-02
   3.7000000e-01   1.3814916e-02
   3.8000000e-01   1.6947610e-02
   3.9000000e-01   1.7850752e-02
   4.0000000e-01   1.9736535e-02
   4.1000000e-01   1.8352804e-02
   4.2000000e-01   1.9260495e-02
   4.3000000e-01   2.1255241e-02
   4.4000000e-01   2.2676620e-02
   4.5000000e-01   2.2795115e-02
   4.6000000e-01   2.2830339e-02
   4.7000000e-01   2.2074384e-02
   4.8000000e-01   2.1902947e-02
   4.9000000e-01   2.2189485e-02
   5.0000000e-01   2.1566687e-02
   5.1000000e-01   2.3878523e-02
   5.2000000e-01   2.3373518e-02
   5.3000000e-01   2.5710293e-02
   5.4000000e-01   2.8287821e-02
   5.5000000e-01   2.7147678e-02
   5.6000000e-01   2.7235324e-02
   5.7000000e-01   2.7487221e-02
   5.8000000e-01   2.9416344e-02
   5.9000000e-01   2.8323370e-02
   6.0000000e-01   2.8267628e-02
   6.1000000e-01   2.9925557e-02
   6.2000000e-01   3.1244318e-02
   6.3000000e-01   3.3411149e-02
   6.4000000e-01   3.3433474e-02
   6.5000000e-01   3.6174286e-02
   6.6000000e-01   3.5881814e-02
   6.7000000e-01   3.4751728e-02
   6.8000000e-01   3.6929374e-02
   6.9000000e-01   3.8959459e-02
   7.0000000e-01   4.0397140e-02
   7.1000000e-01   4.2787216e-02
   7.2000000e-01   4.5511051e-02
   7.3000000e-01   4.6304356e-02
   7.4000000e-01   4.5474957e-02
   7.5000000e-01   4.7251518e-02
   7.6000000e-01   4.8870383e-02
   7.7000000e-01   4.9549592e-02
   7.8000000e-01   5.1127006e-02
   7.9000000e-01   5.2136713e-02
   8.0000000e-01   5.2375733e-02
   8.1000000e-01   5.4556733e-02
   8.2000000e-01   5.4454676e-02
   8.3000000e-01   5.5607878e-02
   8.4000000e-01   5.5793264e-02
   8.5000000e-01   5.5144250e-02
   8.6000000e-01   5.5966628e-02
   8.7000000e-01   5.8457723e-02
   8.8000000e-01   5.7919629e-02
   8.9000000e-01   5.7030676e-02
   9.0000000e-01   5.8362845e-02
   9.1000000e-01   5.9520705e-02
   9.2000000e-01   5.7844477e-02
   9.3000000e-01   5.8104625e-02
   9.4000000e-01   6.0192815e-02
   9.5000000e-01   6.0515361e-02
   9.6000000e-01   5.9470104e-02
   9.7000000e-01   6.0074662e-02
   9.8000000e-01   6.3444664e-02
   9.9000000e-01   6.0295649e-02
   1.0000000e+00   6.3059300e-02
   1.0100000e+00   6.0883814e-02
   1.0200000e+00   6.1086349e-02
   1.0300000e+00   6.1585592e-02
   1.0400000e+00   6.0213259e-02
   1.0500000e+00   6.2407218e-02
   1.0600000e+00   5.9946389e-02
   1.0700000e+00   5.9646134e-02
   1.0800000e+00   5.9768035e-02
   1.0900000e+00   6.0588467e-02
   1.1000000e+00   6.0124947e-02
   1.1100000e+00   5.9680414e-02
   1.1200000e+00   5.8705048e-02
   1.1300000e+00   5.8761499e-02
   1.1400000e+00   5.8643588e-02
   1.1500000e+00   5.6228982e-02
   1.1600000e+00   5.8266329e-02
   1.1700000e+00   5.6629630e-02
   1.1800000e+00   5.6774026e-02
   1.1900000e+00   5.5757339e-02
   1.2000000e+00   5.6006593e-02
   1.2100000e+00   5.4044450e-02
   1.2200000e+00   5.1025503e-02
   1.2300000e+00   5.0874157e-02
   1.2400000e+00   5.1687437e-02
   1.2500000e+00   5.0258149e-02
   1.2600000e+00   4.9845209e-02
   1.2700000e+00   4.8154296e-02
   1.2800000e+00   5.0426090e-02
   1.2900000e+00   4.7360378e-02
   1.3000000e+00   4.6794569e-02
   1.3100000e+00   4.5678314e-02
   1.3200000e+00   4.3859503e-02
   1.3300000e+00   4.3030161e-02
   1.3400000e+00   4.2267025e-02
   1.3500000e+00   3.8754009e-02
   1.3600000e+00   3.6936513e-02
   1.3700000e+00   4.0047717e-02
   1.3800000e+00   3.7267994e-02
   1.3900000e+00   3.7500434e-02
   1.4000000e+00   3.7240782e-02
   1.4100000e+00   3.4746384e-02
   1.4200000e+00   3.2039690e-02
   1.4300000e+00   3.1604905e-02
   1.4400000e+00   3.1906620e-02
   1.4500000e+00   2.7232773e-02
   1.4600000e+00   2.8118571e-02
   1.4700000e+00   2.5989651e-02
   1.4800000e+00   2.5938089e-02
   1.4900000e+00   2.4999293e-02
   1.5000000e+00   2.2648146e-02
   1.5100000e+00   2.2482493e-02
   1.5200000e+00   1.8936335e-02
   1.5300000e+00   2.0439727e-02
   1.5400000e+00   1.8208949e-02
   1.5500000e+00   1.8055217e-02
   1.5600000e+00   1.6976096e-02
   1.5700000e+00   1.5596837e-02
   1.5800000e+00   1.5480459e-02
   1.5900000e+00   1.6925928e-02
   1.6000000e+00   2.0251269e-02
   1.6100000e+00   2.3245303e-02
   1.6200000e+00   2.6095523e-02
   1.6300000e+00   3.0581353e-02
   1.6400000e+00   3.4827917e-02
   1.6500000e+00   4.1625545e-02
   1.6600000e+00   4.7988210e-02
   1.6700000e+00   5.7778616e-02
   1.6800000e+00   6.5345729e-02
   1.6900000e+00   7.3115739e-02
   1.7000000e+00   7.6745062e-02
   1.7100000e+00   8.3706700e-02
   1.7200000e+00   8.9562770e-02
   1.7300000e+00   9.2842624e-02
   1.7400000e+00   9.4392422e-02
   1.7500000e+00   9.5634754e-02
   1.7600000e+00   9.2578477e-02
   1.7700000e+00   9.2654403e-02
   1.7800000e+00   9.1735250e-02
   1.7900000e+00   8.9852236e-02
   1.8000000e+00   8.8048072e-02
   1.8100000e+00   8.7314906e-02
   1.8200000e+00   8.5954671e-02
   1.8300000e+00   8.4240691e-02
   1.8400000e+00   8.4204599e-02
   1.8500000e+00   8.5528171e-02
   1.8600000e+00   8.5586992e-02
   1.8700000e+00   8.8603788e-02
   1.8800000e+00   9.1967645e-02
   1.8900000e+00   9.1456541e-02
   1.9000000e+00   9.3017148e-02
   1.9100000e+00   9.4870047e-02
   1.9200000e+00   9.4635316e-02
   1.9300000e+00   9.6053420e-02
   1.9400000e+00   9.4754184e-02
   1.9500000e+00   9.6549817e-02
   1.9600000e+00   9.6853167e-02
   1.9700000e+00   9.8976562e-02
   1.9800000e+00   9.6933701e-02
   1.9900000e+00   9.7046625e-02
   2.0000000e+00   1.0045421e-01
   2.0100000e+00   9.6918611e-02
   2.0200000e+00   9.5924961e-02
   2.0300000e+00   9.9503368e-02
   2.0400000e+00   9.8129047e-02
   2.0500000e+00   9.9094154e-02
   2.0600000e+00   1.0145681e-01
   2.0700000e+00   1.0199633e-01
   2.0800000e+00   1.0224923e-01
   2.0900000e+00   1.0055265e-01
   2.1000000e+00   1.0391524e-01
   2.1100000e+00   1.0535721e-01
   2.1200000e+00   1.0456473e-01
   2.1300000e+00   1.0390658e-01
   2.1400000e+00   1.0440361e-01
   2.1500000e+00   1.0388409e-01
   2.1600000e+00   1.0609111e-01
   2.1700000e+00   1.0432114e-01
   2.1800000e+00   1.0633257e-01
   2.1900000e+00   1.0492587e-01
   2.2000000e+00   1.0663389e-01
   2.2100000e+00   1.0552419e-01
   2.2200000e+00   1.1014910e-01
   2.2300000e+00   1.0865366e-01
   2.2400000e+00   1.1236920e-01
   2.2500000e+00   1.1192274e-01
   2.2600000e+00   1.0936855e-01
   2.2700000e+00   1.0993565e-01
   2.2800000e+00   1.0997046e-01
   2.2900000e+00   1.1298938e-01
   2.3000000e+00   1.1031184e-01
   2.3100000e+00   1.1220268e-01
   2.3200000e+00   1.1159954e-01
   2.3300000e+00   1.1396697e-01
   2.3400000e+00   1.1668556e-01
   2.3500000e+00   1.1713728e-01
   2.3600000e+00   1.1703215e-01
   2.3700000e+00   1.1940591e-01
   2.3800000e+00   1.1760154e-01
   2.3900000e+00   1.1585819e-01
   2.4000000e+00   1.1708077e-01
   2.4100000e+00   1.1639802e-01
   2.4200000e+00   1.1952354e-01
   2.4300000e+00   1.1818283e-01
   2.4400000e+00   1.2074938e-01
   2.4500000e+00   1.2017614e-01
   2.4600000e+00   1.2198900e-01
   2.4700000e+00   1.2104014e-01
   2.4800000e+00   1.2082630e-01
   2.4900000e+00   1.1975896e-01
   2.5000000e+00   1.2411081e-01
   2.5100000e+00   1.2471823e-01
   2.5200000e+00   1.2521325e-01
   2.5300000e+00   1.2488680e-01
   2.5400000e+00   1.2447228e-01
   2.5500000e+00   1.2523257e-01
   2.5600000e+00   1.2605989e-01
   2.5700000e+00   1.2705909e-01
   2.5800000e+00   1.2624317e-01
   2.5900000e+00   1.2716974e-01
   2.6000000e+00   1.2592121e-01
   2.6100000e+00   1.2802261e-01
   2.6200000e+00   1.2888349e-01
   2.6300000e+00   1.3184551e-01
   2.6400000e+00   1.3231827e-01
   2.6500000e+00   1.3453104e-01
   2.6600000e+00   1.3578537e-01
   2.6700000e+00   1.3432492e-01
   2.6800000e+00   1.3445870e-01
   2.6900000e+00   1.3403508e-01
   2.7000000e+00   1.3406338e-01
   2.7100000e+00   1.3438633e-01
   2.7200000e+00   1.3285967e-01
   2.7300000e+00   1.3314111e-01
   2.7400000e+00   1.3182848e-01
   2.7500000e+00   1.3138371e-01
   2.7600000e+00   1.3294031e-01
   2.7700000e+00   1.3346880e-01
   2.7800000e+00   1.3419366e-01
   2.7900000e+00   1.3443650e-01
   2.8000000e+00   1.3259129e-01
   2.8100000e+00   1.3315873e-01
   2.8200000e+00   1.3343325e-01
   2.8300000e+00   1.3541657e-01
   2.8400000e+00   1.3431836e-01
   2.8500000e+00   1.3408745e-01
   2.8600000e+00   1.3410476e-01
   2.8700000e+00   1.3557406e-01
   2.8800000e+00   1.3606266e-01
   2.8900000e+00   1.3842930e-01
   2.9000000e+00   1.3746146e-01
   2.9100000e+00   1.3845627e-01
   2.9200000e+00   1.3830081e-01
   2.9300000e+00   1.3855307e-01
   2.9400000e+00   1.3932636e-01
   2.9500000e+00   1.4195789e-01
   2.9600000e+00   1.4091980e-01
   2.9700000e+00   1.4112409e-01
   2.9800000e+00   1.4094077e-01
   2.9900000e+00   1.4085698e-01
   3.0000000e+00   1.4355150e-01
   3.0100000e+00   1.4213670e-01
   3.0200000e+00   1.4309400e-01
   3.0300000e+00   1.4638117e-01
   3.0400000e+00   1.4824478e-01
   3.0500000e+00   1.4442659e-01
   3.0600000e+00   1.4551644e-01
   3.0700000e+00   1.4875791e-01
   3.0800000e+00   1.4592957e-01
   3.0900000e+00   1.4709827e-01
   3.1000000e+00   1.4749737e-01
   3.1100000e+00   1.4667641e-01
   3.1200000e+00   1.4562191e-01
   3.1300000e+00   1.4911040e-01
   3.1400000e+00   1.4955286e-01
   3.1500000e+00   1.4887338e-01
   3.1600000e+00   1.4806896e-01
   3.1700000e+00   1.5007522e-01
   3.1800000e+00   1.5042896e-01
   3.1900000e+00   1.4882369e-01
   3.2000000e+00   1.5059073e-01
   3.2100000e+00   1.5221839e-01
   3.2200000e+00   1.5196034e-01
   3.2300000e+00   1.5089277e-01
   3.2400000e+00   1.5264918e-01
   3.2500000e+00   1.5522072e-01
   3.2600000e+00   1.5445694e-01
   3.2700000e+00   1.5677950e-01
   3.2800000e+00   1.5695814e-01
   3.2900000e+00   1.5752960e-01
   3.3000000e+00   1.5851343e-01
   3.3100000e+00   1.5915066e-01
   3.3200000e+00   1.5820594e-01
   3.3300000e+00   1.6152874e-01
   3.3400000e+00   1.6080843e-01
   3.3500000e+00   1.6010982e-01
   3.3600000e+00   1.6332442e-01
   3.3700000e+00   1.6201126e-01
   3.3800000e+00   1.6470735e-01
   3.3900000e+00   1.6377490e-01
   3.4000000e+00   1.6718674e-01
   3.4100000e+00   1.6636200e-01
   3.4200000e+00   1.6502679e-01
   3.4300000e+00   1.6851987e-01
   3.4400000e+00   1.6793637e-01
   3.4500000e+00   1.6889493e-01
   3.4600000e+00   1.7232835e-01
   3.4700000e+00   1.7085207e-01
   3.4800000e+00   1.6993285e-01
   3.4900000e+00   1.7135930e-01
   3.5000000e+00   1.7061761e-01
   3.5100000e+00   1.7245337e-01
   3.5200000e+00   1.7212349e-01
   3.5300000e+00   1.7300739e-01
   3.5400000e+00   1.7517294e-01
   3.5500000e+00   1.7395865e-01
   3.5600000e+00   1.7596288e-01
   3.5700000e+00   1.7568066e-01
   3.5800000e+00   1.7653925e-01
   3.5900000e+00   1.7605347e-01
   3.6000000e+00   1.7531671e-01
   3.6100000e+00   1.7487198e-01
   3.6200000e+00   1.7762196e-01
   3.6300000e+00   1.7836947e-01
   3.6400000e+00   1.7770231e-01
   3.6500000e+00   1.7834579e-01
   3.6600000e+00   1.7942131e-01
   3.6700000e+00   1.7983516e-01
   3.6800000e+00   1.7996274e-01
   3.6900000e+00   1.7959199e-01
   3.7000000e+00   1.7769942e-01
   3.7100000e+00   1.7902651e-01
   3.7200000e+00   1.7890451e-01
   3.7300000e+00   1.7922539e-01
   3.7400000e+00   1.7896601e-01
   3.7500000e+00   1.8177899e-01
   3.7600000e+00   1.8165545e-01
   3.7700000e+00   1.8018543e-01
   3.7800000e+00   1.8191358e-01
   3.7900000e+00   1.8182028e-01
   3.8000000e+00   1.8222024e-01
   3.8100000e+00   1.8331461e-01
   3.8200000e+00   1.8340269e-01
   3.8300000e+00   1.8334271e-01
   3.8400000e+00   1.8501894e-01
   3.8500000e+00   1.8709075e-01
   3.8600000e+00   1.8666565e-01
   3.8700000e+00   1.8385688e-01
   3.8800000e+00   1.8412079e-01
   3.8900000e+00   1.8663022e-01
   3.9000000e+00   1.8580410e-01
   3.9100000e+00   1.8858440e-01
   3.9200000e+00   1.8991100e-01
   3.9300000e+00   1.8993717e-01
   3.9400000e+00   1.8911670e-01
   3.9500000e+00   1.9355913e-01
   3.9600000e+00   1.9240909e-01
   3.9700000e+00   1.9341018e-01
   3.9800000e+00   1.9198377e-01
   3.9900000e+00   1.9470624e-01
   4.0000000e+00   1.9217196e-01
   4.0100000e+00   1.9337245e-01
   4.0200000e+00   1.9461392e-01
   4.0300000e+00   1.9734811e-01
   4.0400000e+00   1.9807933e-01
   4.0500000e+00   1.9725256e-01
   4.0600000e+00   2.0130470e-01
   4.0700000e+00   1.9917703e-01
   4.0800000e+00   1.9985091e-01
   4.0900000e+00   2.0230855e-01
   4.1000000e+00   2.0127828e-01
   4.1100000e+00   2.0216246e-01
   4.1200000e+00   2.0295334e-01
   4.1300000e+00   2.0497133e-01
   4.1400000e+00   2.0522435e-01
   4.1500000e+00   2.0513398e-01
   4.1600000e+00   2.0778141e-01
   4.1700000e+00   2.0569674e-01
   4.1800000e+00   2.0698254e-01
   4.1900000e+00   2.0601202e-01
   4.2000000e+00   2.0818112e-01
   4.2100000e+00   2.0523504e-01
   4.2200000e+00   2.0869774e-01
   4.2300000e+00   2.0705309e-01
   4.2400000e+00   2.0859560e-01
   4.2500000e+00   2.0699783e-01
   4.2600000e+00   2.0717659e-01
   4.2700000e+00   2.0737361e-01
   4.2800000e+00   2.0721113e-01
   4.2900000e+00   2.0467170e-01
   4.3000000e+00   2.0631424e-01
   4.3100000e+00   2.0795232e-01
   4.3200000e+00   2.0579507e-01
   4.3300000e+00   2.0490922e-01
   4.3400000e+00   2.0605149e-01
   4.3500000e+00   2.0739288e-01
   4.3600000e+00   2.0707069e-01
   4.3700000e+00   2.0679121e-01
   4.3800000e+00   2.0705780e-01
   4.3900000e+00   2.0750923e-01
   4.4000000e+00   2.0751776e-01
   4.4100000e+00   2.1003793e-01
   4.4200000e+00   2.0957454e-01
   4.4300000e+00   2.1137836e-01
   4.4400000e+00   2.1184045e-01
   4.4500000e+00   2.1179749e-01
   4.4600000e+00   2.1333035e-01
   4.4700000e+00   2.1347184e-01
   4.4800000e+00   2.1471618e-01
   4.4900000e+00   2.1709013e-01
   4.5000000e+00   2.1469960e-01
   4.5100000e+00   2.1632271e-01
   4.5200000e+00   2.1890871e-01
   4.5300000e+00   2.1811892e-01
   4.5400000e+00   2.1804776e-01
   4.5500000e+00   2.2072656e-01
   4.5600000e+00   2.1865384e-01
   4.5700000e+00   2.1896040e-01
   4.5800000e+00   2.2223188e-01
   4.5900000e+00   2.2445324e-01
   4.6000000e+00   2.2311047e-01
   4.6100000e+00   2.2374669e-01
   4.6200000e+00   2.2529916e-01
   4.6300000e+00   2.2563177e-01
   4.6400000e+00   2.2650288e-01
   4.6500000e+00   2.2759398e-01
   4.6600000e+00   2.2756056e-01
   4.6700000e+00   2.2597194e-01
   4.6800000e+00   2.2559343e-01
   4.6900000e+00   2.2504735e-01
   4.7000000e+00   2.2577863e-01
   4.7100000e+00   2.2577291e-01
   4.7200000e+00   2.2578022e-01
   4.7300000e+00   2.2367436e-01
   4.7400000e+00   2.2599384e-01
   4.7500000e+00   2.2309110e-01
   4.7600000e+00   2.2446837e-01
   4.7700000e+00   2.2385461e-01
   4.7800000e+00   2.2677794e-01
   4.7900000e+00   2.2719791e-01
   4.8000000e+00   2.2734087e-01
   4.8100000e+00   2.2723940e-01
   4.8200000e+00   2.2576272e-01
   4.8300000e+00   2.2826778e-01
   4.8400000e+00   2.2751005e-01
   4.8500000e+00   2.2709160e-01
   4.8600000e+00   2.2845032e-01
   4.8700000e+00   2.2771906e-01
   4.8800000e+00   2.2862881e-01
   4.8900000e+00   2.3176076e-01
   4.9000000e+00   2.2961517e-01
   4.9100000e+00   2.2898797e-01
   4.9200000e+00   2.3073033e-01
   4.9300000e+00   2.3169688e-01
   4.9400000e+00   2.3384851e-01
   4.9500000e+00   2.3448298e-01
   4.9600000e+00   2.3567038e-01
   4.9700000e+00   2.3557420e-01
   4.9800000e+00   2.3510522e-01
   4.9900000e+00   2.3778969e-01
   5.0000000e+00   2.3953169e-01
   5.0100000e+00   2.3750499e-01
   5.0200000e+00   2.3846190e-01
   5.0300000e+00   2.4005640e-01
   5.0400000e+00   2.4090293e-01
   5.0500000e+00   2.4143711e-01
   5.0600000e+00   2.4210611e-01
   5.0700000e+00   2.4250931e-01
   5.0800000e+00   2.4444736e-01
   5.0900000e+00   2.4364584e-01
   5.1000000e+00   2.4458107e-01
   5.1100000e+00   2.4514025e-01
   5.1200000e+00   2.4424798e-01
   5.1300000e+00   2.4240216e-01
   5.1400000e+00   2.4707035e-01
   5.1500000e+00   2.4513340e-01
   5.1600000e+00   2.4549987e-01
   5.1700000e+00   2.4633480e-01
   5.1800000e+00   2.4630420e-01
   5.1900000e+00   2.4655894e-01
   5.2000000e+00   2.4816485e-01
   5.2100000e+00   2.5026691e-01
   5.2200000e+00   2.5052688e-01
   5.2300000e+00   2.5005856e-01
   5.2400000e+00   2.5023020e-01
   5.2500000e+00   2.5141829e-01
   5.2600000e+00   2.4706426e-01
   5.2700000e+00   2.5145235e-01
   5.2800000e+00   2.5169708e-01
   5.2900000e+00   2.5316538e-01
   5.3000000e+00   2.5335864e-01
   5.3100000e+00   2.5264398e-01
   5.3200000e+00   2.5165917e-01
   5.3300000e+00   2.5295083e-01
   5.3400000e+00   2.5417010e-01
   5.3500000e+00   2.5241690e-01
   5.3600000e+00   2.5254183e-01
   5.3700000e+00   2.5409166e-01
   5.3800000e+00   2.5325070e-01
   5.3900000e+00   2.5245210e-01
   5.4000000e+00   2.5202073e-01
   5.4100000e+00   2.5560210e-01
   5.4200000e+00   2.5667164e-01
   5.4300000e+00   2.5718324e-01
   5.4400000e+00   2.5837913e-01
   5.4500000e+00   2.5796558e-01
   5.4600000e+00   2.5768064e-01
   5.4700000e+00   2.5773789e-01
   5.4800000e+00   2.5960419e-01
   5.4900000e+00   2.5920823e-01
   5.5000000e+00   2.6372316e-01
   5.5100000e+00   2.6554618e-01
   5.5200000e+00   2.6446322e-01
   5.5300000e+00   2.6535732e-01
   5.5400000e+00   2.6435226e-01
   5.5500000e+00   2.6727600e-01
   5.5600000e+00   2.7091879e-01
   5.5700000e+00   2.6951145e-01
   5.5800000e+00   2.6889636e-01
   5.5900000e+00   2.6885853e-01
   5.6000000e+00   2.7175483e-01
   5.6100000e+00   2.7094880e-01
   5.6200000e+00   2.7168567e-01
   5.6300000e+00   2.7286759e-01
   5.6400000e+00   2.7195376e-01
   5.6500000e+00   2.7025353e-01
   5.6600000e+00   2.7102766e-01
   5.6700000e+00   2.6887457e-01
   5.6800000e+00   2.7044994e-01
   5.6900000e+00   2.7054215e-01
   5.7000000e+00   2.6989150e-01
   5.7100000e+00   2.7215255e-01
   5.7200000e+00   2.7115935e-01
   5.7300000e+00   2.7076265e-01
   5.7400000e+00   2.7005905e-01
   5.7500000e+00   2.7087961e-01
   5.7600000e+00   2.6931486e-01
   5.7700000e+00   2.6958403e-01
   5.7800000e+00   2.7089879e-01
   5.7900000e+00   2.6843646e-01
   5.8000000e+00   2.7280156e-01
   5.8100000e+00   2.6968400e-01
   5.8200000e+00   2.7126580e-01
   5.8300000e+00   2.7096464e-01
   5.8400000e+00   2.6978085e-01
   5.8500000e+00   2.7399795e-01
   5.8600000e+00   2.7295685e-01
   5.8700000e+00   2.7477706e-01
   5.8800000e+00   2.7538092e-01
   5.8900000e+00   2.7478038e-01
   5.9000000e+00   2.7793370e-01
   5.9100000e+00   2.7784833e-01
   5.9200000e+00   2.8186447e-01
   5.9300000e+00   2.7996971e-01
   5.9400000e+00   2.7965103e-01
   5.9500000e+00   2.8051269e-01
   5.9600000e+00   2.8053376e-01
   5.9700000e+00   2.8037709e-01
   5.9800000e+00   2.8194940e-01
   5.9900000e+00   2.8026131e-01
   6.0000000e+00   2.8399490e-01
   6.0100000e+00   2.8289215e-01
   6.0200000e+00   2.8422795e-01
   6.0300000e+00   2.8372998e-01
   6.0400000e+00   2.8616635e-01
   6.0500000e+00   2.8311885e-01
   6.0600000e+00   2.8494598e-01
   6.0700000e+00   2.8463283e-01
   6.0800000e+00   2.8668914e-01
   6.0900000e+00   2.8559036e-01
   6.1000000e+00   2.8677860e-01
   6.1100000e+00   2.8485481e-01
   6.1200000e+00   2.8624769e-01
   6.1300000e+00   2.8886396e-01
   6.1400000e+00   2.8779342e-01
   6.1500000e+00   2.8655353e-01
   6.1600000e+00   2.8652175e-01
   6.1700000e+00   2.8665343e-01
   6.1800000e+00   2.8972421e-01
   6.1900000e+00   2.9059523e-01
   6.2000000e+00   2.9009856e-01
   6.2100000e+00   2.9021942e-01
   6.2200000e+00   2.9195658e-01
   6.2300000e+00   2.9239764e-01
   6.2400000e+00   2.9426776e-01
   6.2500000e+00   2.9161053e-01
   6.2600000e+00   2.9296601e-01
   6.2700000e+00   2.9257568e-01
   6.2800000e+00   2.9303222e-01
   6.2900000e+00   2.9101965e-01
   6.3000000e+00   2.8911311e-01
   6.3100000e+00   2.9228674e-01
   6.3200000e+00   2.9363720e-01
   6.3300000e+00   2.8986305e-01
   6.3400000e+00   2.9157963e-01
   6.3500000e+00   2.9188008e-01
   6.3600000e+00   2.8988294e-01
   6.3700000e+00   2.9094180e-01
   6.3800000e+00   2.8939675e-01
   6.3900000e+00   2.9099009e-01
   6.4000000e+00   2.8983202e-01
   6.4100000e+00   2.8943559e-01
   6.4200000e+00   2.9179250e-01
   6.4300000e+00   2.8963774e-01
   6.4400000e+00   2.9153879e-01
   6.4500000e+00   2.9080210e-01
   6.4600000e+00   2.9219759e-01
   6.4700000e+00   2.9331889e-01
   6.4800000e+00   2.9643610e-01
   6.4900000e+00   2.9462250e-01
   6.5000000e+00   2.9674443e-01
   6.5100000e+00   2.9919272e-01
   6.5200000e+00   2.9994751e-01
   6.5300000e+00   3.0181446e-01
   6.5400000e+00   3.0305853e-01
   6.5500000e+00   3.0612119e-01
   6.5600000e+00   3.0447822e-01
   6.5700000e+00   3.0551899e-01
   6.5800000e+00   3.0614986e-01
   6.5900000e+00   3.0763589e-01
   6.6000000e+00   3.0808458e-01
   6.6100000e+00   3.0733143e-01
   6.6200000e+00   3.0615317e-01
   6.6300000e+00   3.0766611e-01
   6.6400000e+00   3.0915758e-01
   6.6500000e+00   3.0637843e-01
   6.6600000e+00   3.0752867e-01
   6.6700000e+00   3.0701961e-01
   6.6800000e+00   3.0980390e-01
   6.6900000e+00   3.0697810e-01
   6.7000000e+00   3.0721008e-01
   6.7100000e+00   3.0914818e-01
   6.7200000e+00   3.0751279e-01
   6.7300000e+00   3.0722665e-01
   6.7400000e+00   3.0847756e-01
   6.7500000e+00   3.1071580e-01
   6.7600000e+00   3.0957949e-01
   6.7700000e+00   3.1088808e-01
   6.7800000e+00   3.1225584e-01
   6.7900000e+00   3.1070635e-01
   6.8000000e+00   3.1214100e-01
   6.8100000e+00   3.1360363e-01
   6.8200000e+00   3.1247597e-01
   6.8300000e+00   3.1293531e-01
   6.8400000e+00   3.1421474e-01
   6.8500000e+00   3.1754255e-01
   6.8600000e+00   3.1716561e-01
   6.8700000e+00   3.1844952e-01
   6.8800000e+00   3.1843125e-01
   6.8900000e+00   3.1936233e-01
   6.9000000e+00   3.2150310e-01
   6.9100000e+00   3.1984394e-01
   6.9200000e+00   3.2227953e-01
   6.9300000e+00   3.2182553e-01
   6.9400000e+00   3.2046258e-01
   6.9500000e+00   3.2161393e-01
   6.9600000e+00   3.2305471e-01
   6.9700000e+00   3.2339838e-01
   6.9800000e+00   3.2405996e-01
   6.9900000e+00   3.2002307e-01
   7.0000000e+00   3.2292376e-01
   7.0100000e+00   3.2084869e-01
   7.0200000e+00   3.2010577e-01
   7.0300000e+00   3.2195560e-01
   7.0400000e+00   3.2288797e-01
   7.0500000e+00   3.2265923e-01
   7.0600000e+00   3.2271188e-01
   7.0700000e+00   3.2135309e-01
   7.0800000e+00   3.2254188e-01
   7.0900000e+00   3.2199674e-01
   7.1000000e+00   3.2204670e-01
   7.1100000e+00   3.2048688e-01
   7.1200000e+00   3.2365279e-01
   7.1300000e+00   3.2301642e-01
   7.1400000e+00   3.2358470e-01
   7.1500000e+00   3.2392936e-01
   7.1600000e+00   3.2617591e-01
   7.1700000e+00   3.2533853e-01
   7.1800000e+00   3.2535115e-01
   7.1900000e+00   3.2485096e-01
   7.2000000e+00   3.2792186e-01
   7.2100000e+00   3.3230169e-01
   7.2200000e+00   3.3236744e-01
   7.2300000e+00   3.3415247e-01
   7.2400000e+00   3.3408302e-01
   7.2500000e+00   3.3735719e-01
   7.2600000e+00   3.3608476e-01
   7.2700000e+00   3.3812619e-01
   7.2800000e+00   3.4063879e-01
   7.2900000e+00   3.3941141e-01
   7.3000000e+00   3.4150079e-01
   7.3100000e+00   3.4294846e-01
   7.3200000e+00   3.4300125e-01
   7.3300000e+00   3.4293130e-01
   7.3400000e+00   3.4300287e-01
   7.3500000e+00   3.4192471e-01
   7.3600000e+00   3.4031664e-01
   7.3700000e+00   3.4127344e-01
   7.3800000e+00   3.3957785e-01
   7.3900000e+00   3.3845797e-01
   7.4000000e+00   3.4040058e-01
   7.4100000e+00   3.3745227e-01
   7.4200000e+00   3.4021744e-01
   7.4300000e+00   3.3808992e-01
   7.4400000e+00   3.3855645e-01
   7.4500000e+00   3.3794362e-01
   7.4600000e+00   3.3762557e-01
   7.4700000e+00   3.3749507e-01
   7.4800000e+00   3.4008275e-01
   7.4900000e+00   3.4083291e-01
   7.5000000e+00   3.4033793e-01
   7.5100000e+00   3.4333691e-01
   7.5200000e+00   3.3984424e-01
   7.5300000e+00   3.4300021e-01
   7.5400000e+00   3.4509494e-01
   7.5500000e+00   3.4309447e-01
   7.5600000e+00   3.4357020e-01
   7.5700000e+00   3.4236660e-01
   7.5800000e+00   3.4378099e-01
   7.5900000e+00   3.4143792e-01
   7.6000000e+00   3.4408201e-01
   7.6100000e+00   3.4511798e-01
   7.6200000e+00   3.4438630e-01
   7.6300000e+00   3.4633034e-01
   7.6400000e+00   3.4665725e-01
   7.6500000e+00   3.4617162e-01
   7.6600000e+00   3.4747706e-01
   7.6700000e+00   3.4609071e-01
   7.6800000e+00   3.4725004e-01
   7.6900000e+00   3.4628682e-01
   7.7000000e+00   3.4581889e-01
   7.7100000e+00   3.4584304e-01
   7.7200000e+00   3.4676438e-01
   7.7300000e+00   3.4292567e-01
   7.7400000e+00   3.4516527e-01
   7.7500000e+00   3.4475730e-01
   7.7600000e+00   3.4498875e-01
   7.7700000e+00   3.4524233e-01
   7.7800000e+00   3.4662947e-01
   7.7900000e+00   3.4681700e-01
   7.8000000e+00   3.4961708e-01
   7.8100000e+00   3.4912946e-01
   7.8200000e+00   3.4740719e-01
   7.8300000e+00   3.4728934e-01
   7.8400000e+00   3.4773698e-01
   7.8500000e+00   3.4704971e-01
   7.8600000e+00   3.4803955e-01
   7.8700000e+00   3.5011876e-01
   7.8800000e+00   3.5089381e-01
   7.8900000e+00   3.5181767e-01
   7.9000000e+00   3.5548659e-01
   7.9100000e+00   3.5589677e-01
   7.9200000e+00   3.5556909e-01
   7.9300000e+00   3.5439276e-01
   7.9400000e+00   3.5770727e-01
   7.9500000e+00   3.5671893e-01
   7.9600000e+00   3.5710325e-01
   7.9700000e+00   3.5656424e-01
   7.9800000e+00   3.5716257e-01
   7.9900000e+00   3.5802918e-01
   8.0000000e+00   3.5967677e-01
   8.0100000e+00   3.6098977e-01
   8.0200000e+00   3.5927471e-01
   8.0300000e+00   3.5860055e-01
   8.0400000e+00   3.6090610e-01
   8.0500000e+00   3.5943867e-01
   8.0600000e+00   3.5783310e-01
   8.0700000e+00   3.5867190e-01
   8.0800000e+00   3.5885442e-01
   8.0900000e+00   3.5699450e-01
   8.1000000e+00   3.5870332e-01
   8.1100000e+00   3.5716503e-01
   8.1200000e+00   3.5801630e-01
   8.1300000e+00   3.5892749e-01
   8.1400000e+00   3.5863927e-01
   8.1500000e+00   3.5851997e-01
   8.1600000e+00   3.5832048e-01
   8.1700000e+00   3.6108706e-01
   8.1800000e+00   3.6193425e-01
   8.1900000e+00   3.6413530e-01
   8.2000000e+00   3.6389274e-01
   8.2100000e+00   3.6583023e-01
   8.2200000e+00   3.6597895e-01
   8.2300000e+00   3.6478401e-01
   8.2400000e+00   3.6658834e-01
   8.2500000e+00   3.6811075e-01
   8.2600000e+00   3.6886508e-01
   8.2700000e+00   3.6830927e-01
   8.2800000e+00   3.6887642e-01
   8.2900000e+00   3.6909599e-01
   8.3000000e+00   3.6805846e-01
   8.3100000e+00   3.6973352e-01
   8.3200000e+00   3.6663791e-01
   8.3300000e+00   3.6887549e-01
   8.3400000e+00   3.7186600e-01
   8.3500000e+00   3.6965221e-01
   8.3600000e+00   3.6974460e-01
   8.3700000e+00   3.7015272e-01
   8.3800000e+00   3.6899802e-01
   8.3900000e+00   3.6900238e-01
   8.4000000e+00   3.7265437e-01
   8.4100000e+00   3.7150736e-01
   8.4200000e+00   3.7046772e-01
   8.4300000e+00   3.7190880e-01
   8.4400000e+00   3.7369346e-01
   8.4500000e+00   3.7400059e-01
   8.4600000e+00   3.7606837e-01
   8.4700000e+00   3.7617153e-01
   8.4800000e+00   3.7614764e-01
   8.4900000e+00   3.7726790e-01
   8.5000000e+00   3.7558513e-01
   8.5100000e+00   3.7808649e-01
   8.5200000e+00   3.7656127e-01
   8.5300000e+00   3.7596037e-01
   8.5400000e+00   3.7865799e-01
   8.5500000e+00   3.7698547e-01
   8.5600000e+00   3.7844835e-01
   8.5700000e+00   3.7944723e-01
   8.5800000e+00   3.7818306e-01
   8.5900000e+00   3.7605938e-01
   8.6000000e+00   3.7882672e-01
   8.6100000e+00   3.7904299e-01
   8.6200000e+00   3.8018069e-01
   8.6300000e+00   3.8304633e-01
   8.6400000e+00   3.8177976e-01
   8.6500000e+00   3.8514923e-01
   8.6600000e+00   3.8406603e-01
   8.6700000e+00   3.7967061e-01
   8.6800000e+00   3.8078012e-01
   8.6900000e+00   3.7879455e-01
   8.7000000e+00   3.7937721e-01
   8.7100000e+00   3.7648895e-01
   8.7200000e+00   3.7857460e-01
   8.7300000e+00   3.7919784e-01
   8.7400000e+00   3.8068066e-01
   8.7500000e+00   3.7910724e-01
   8.7600000e+00   3.7711040e-01
   8.7700000e+00   3.7639569e-01
   8.7800000e+00   3.7742376e-01
   8.7900000e+00   3.7451621e-01
   8.8000000e+00   3.7796486e-01
   8.8100000e+00   3.7726093e-01
   8.8200000e+00   3.7941786e-01
   8.8300000e+00   3.7881458e-01
   8.8400000e+00   3.7831885e-01
   8.8500000e+00   3.7829741e-01
   8.8600000e+00   3.8058758e-01
   8.8700000e+00   3.8242080e-01
   8.8800000e+00   3.8431314e-01
   8.8900000e+00   3.8678568e-01
   8.9000000e+00   3.8780074e-01
   8.9100000e+00   3.9021652e-01
   8.9200000e+00   3.8982054e-01
   8.9300000e+00   3.9200748e-01
   8.9400000e+00   3.9260487e-01
   8.9500000e+00   3.9415185e-01
   8.9600000e+00   3.9536695e-01
   8.9700000e+00   3.9477775e-01
   8.9800000e+00   3.9170921e-01
   8.9900000e+00   3.9266533e-01
   9.0000000e+00   3.9048214e-01
   9.0100000e+00   3.9114160e-01
   9.0200000e+00   3.9069411e-01
   9.0300000e+00   3.8756630e-01
   9.0400000e+00   3.8638816e-01
   9.0500000e+00   3.8382099e-01
   9.0600000e+00   3.8649121e-01
   9.0700000e+00   3.8457654e-01
   9.0800000e+00   3.8752279e-01
   9.0900000e+00   3.8648215e-01
   9.1000000e+00   3.8961475e-01
   9.1100000e+00   3.9075909e-01
   9.1200000e+00   3.8997860e-01
   9.1300000e+00   3.9097752e-01
   9.1400000e+00   3.9123316e-01
   9.1500000e+00   3.9176276e-01
   9.1600000e+00   3.9249262e-01
   9.1700000e+00   3.9452188e-01
   9.1800000e+00   3.9639129e-01
   9.1900000e+00   3.9683116e-01
   9.2000000e+00   4.0008943e-01
   9.2100000e+00   3.9946789e-01
   9.2200000e+00   4.0079276e-01
   9.2300000e+00   3.9963417e-01
   9.2400000e+00   4.0163331e-01
   9.2500000e+00   4.0326774e-01
   9.2600000e+00   4.0275034e-01
   9.2700000e+00   4.0325439e-01
   9.2800000e+00   4.0197529e-01
   9.2900000e+00   4.0370961e-01
   9.3000000e+00   4.0178300e-01
   9.3100000e+00   4.0185209e-01
   9.3200000e+00   4.0559637e-01
   9.3300000e+00   4.0465797e-01
   9.3400000e+00   4.0569318e-01
   9.3500000e+00   4.0338005e-01
   9.3600000e+00   4.0345017e-01
   9.3700000e+00   4.0512548e-01
   9.3800000e+00   4.0436199e-01
   9.3900000e+00   4.0543748e-01
   9.4000000e+00   4.0540300e-01
   9.4100000e+00   4.0494930e-01
   9.4200000e+00   4.0929046e-01
   9.4300000e+00   4.0809149e-01
   9.4400000e+00   4.0850838e-01
   9.4500000e+00   4.0783223e-01
   9.4600000e+00   4.0994223e-01
   9.4700000e+00   4.1094359e-01
   9.4800000e+00   4.0942229e-01
   9.4900000e+00   4.0845645e-01
   9.5000000e+00   4.0839754e-01
   9.5100000e+00   4.0660029e-01
   9.5200000e+00   4.0839576e-01
   9.5300000e+00   4.0820391e-01
   9.5400000e+00   4.0748489e-01
   9.5500000e+00   4.0758448e-01
   9.5600000e+00   4.1134792e-01
   9.5700000e+00   4.0910434e-01
   9.5800000e+00   4.0829526e-01
   9.5900000e+00   4.0892180e-01
   9.6000000e+00   4.0820188e-01
   9.6100000e+00   4.0863994e-01
   9.6200000e+00   4.1094528e-01
   9.6300000e+00   4.1113238e-01
   9.6400000e+00   4.1052025e-01
   9.6500000e+00   4.1023783e-01
   9.6600000e+00   4.1047780e-01
   9.6700000e+00   4.1276830e-01
   9.6800000e+00   4.1219222e-01
   9.6900000e+00   4.1340812e-01
   9.7000000e+00   4.1426893e-01
   9.7100000e+00   4.1498494e-01
   9.7200000e+00   4.1438157e-01
   9.7300000e+00   4.1536286e-01
   9.7400000e+00   4.1565805e-01
   9.7500000e+00   4.1478719e-01
   9.7600000e+00   4.1544925e-01
   9.7700000e+00   4.1591353e-01
   9.7800000e+00   4.1754988e-01
   9.7900000e+00   4.1661090e-01
   9.8000000e+00   4.1777979e-01
   9.8100000e+00   4.1521542e-01
   9.8200000e+00   4.1582357e-01
   9.8300000e+00   4.1656666e-01
   9.8400000e+00   4.1826581e-01
   9.8500000e+00   4.1636839e-01
   9.8600000e+00   4.1842711e-01
   9.8700000e+00   4.1718963e-01
   9.8800000e+00   4.1688759e-01
   9.8900000e+00   4.1459267e-01
   9.9000000e+00   4.1638831e-01
   9.9100000e+00   4.1656927e-01
   9.9200000e+00   4.1672626e-01
   9.9300000e+00   4.1875269e-01
   9.9400000e+00   4.1874295e-01
   9.9500000e+00   4.1856207e-01
   9.9600000e+00   4.1752339e-01
   9.9700000e+00   4.2043189e-01
   9.9800000e+00   4.1771633e-01
   9.9900000e+00   4.1845990e-01
   1.0000000e+01   4.1880998e-01
   1.0010000e+01   4.1974488e-01
   1.0020000e+01   4.1817466e-01
   1.0030000e+01   4.2050779e-01
   1.0040000e+01   4.2272781e-01
   1.0050000e+01   4.2122344e-01
   1.0060000e+01   4.2360784e-01
   1.0070000e+01   4.2455742e-01
   1.0080000e+01   4.2322522e-01
   1.0090000e+01   4.2442134e-01
   1.0100000e+01   4.2350713e-01
   1.0110000e+01   4.2296146e-01
   1.0120000e+01   4.2069883e-01
   1.0130000e+01   4.2396357e-01
   1.0140000e+01   4.1961596e-01
   1.0150000e+01   4.2298365e-01
   1.0160000e+01   4.2469306e-01
   1.0170000e+01   4.2245253e-01
   1.0180000e+01   4.2307260e-01
   1.0190000e+01   4.2442758e-01
   1.0200000e+01   4.2416841e-01
   1.0210000e+01   4.2559848e-01
   1.0220000e+01   4.2518813e-01
   1.0230000e+01   4.2425837e-01
   1.0240000e+01   4.2560226e-01
   1.0250000e+01   4.2953637e-01
   1.0260000e+01   4.2813021e-01
   1.0270000e+01   4.2646340e-01
   1.0280000e+01   4.2699206e-01
   1.0290000e+01   4.2840824e-01
   1.0300000e+01   4.2850239e-01
   1.0310000e+01   4.3135147e-01
   1.0320000e+01   4.2992883e-01
   1.0330000e+01   4.3300250e-01
   1.0340000e+01   4.3178856e-01
   1.0350000e+01   4.3291607e-01
   1.0360000e+01   4.3314357e-01
   1.0370000e+01   4.3279362e-01
   1.0380000e+01   4.3667193e-01
   1.0390000e+01   4.3425606e-01
   1.0400000e+01   4.3599623e-01
   1.0410000e+01   4.3548795e-01
   1.0420000e+01   4.3736792e-01
   1.0430000e+01   4.3495902e-01
   1.0440000e+01   4.3660787e-01
   1.0450000e+01   4.3349572e-01
   1.0460000e+01   4.3618596e-01
   1.0470000e+01   4.3519143e-01
   1.0480000e+01   4.3825189e-01
   1.0490000e+01   4.3781359e-01
   1.0500000e+01   4.3626939e-01
   1.0510000e+01   4.3617150e-01
   1.0520000e+01   4.3682777e-01
   1.0530000e+01   4.3669513e-01
   1.0540000e+01   4.3662751e-01
   1.0550000e+01   4.3573711e-01
   1.0560000e+01   4.3470219e-01
   1.0570000e+01   4.3591088e-01
   1.0580000e+01   4.3412101e-01
   1.0590000e+01   4.3610940e-01
   1.0600000e+01   4.3607197e-01
   1.0610000e+01   4.3363109e-01
   1.0620000e+01   4.3667270e-01
   1.0630000e+01   4.3504318e-01
   1.0640000e+01   4.3411351e-01
   1.0650000e+01   4.3568034e-01
   1.0660000e+01   4.3634906e-01
   1.0670000e+01   4.3569397e-01
   1.0680000e+01   4.3664133e-01
   1.0690000e+01   4.3563914e-01
   1.0700000e+01   4.3634609e-01
   1.0710000e+01   4.3540963e-01
   1.0720000e+01   4.3556126e-01
   1.0730000e+01   4.3814639e-01
   1.0740000e+01   4.3807700e-01
   1.0750000e+01   4.3521367e-01
   1.0760000e+01   4.3765928e-01
   1.0770000e+01   4.3744110e-01
   1.0780000e+01   4.3717499e-01
   1.0790000e+01   4.3902052e-01
   1.0800000e+01   4.3746847e-01
   1.0810000e+01   4.3885529e-01
   1.0820000e+01   4.3899478e-01
   1.0830000e+01   4.4050462e-01
   1.0840000e+01   4.3884231e-01
   1.0850000e+01   4.4065078e-01
   1.0860000e+01   4.4065863e-01
   1.0870000e+01   4.4121238e-01
   1.0880000e+01   4.4112460e-01
   1.0890000e+01   4.4187122e-01
   1.0900000e+01   4.4400424e-01
   1.0910000e+01   4.4414986e-01
   1.0920000e+01   4.4298387e-01
   1.0930000e+01   4.4096395e-01
   1.0940000e+01   4.4361717e-01
   1.0950000e+01   4.4480061e-01
   1.0960000e+01   4.4450342e-01
   1.0970000e+01   4.4592458e-01
   1.0980000e+01   4.4769485e-01
   1.0990000e+01   4.4732261e-01
   1.1000000e+01   4.4901329e-01
   1.1010000e+01   4.4724934e-01
   1.1020000e+01   4.4881574e-01
   1.1030000e+01   4.4757201e-01
   1.1040000e+01   4.4745055e-01
   1.1050000e+01   4.4815109e-01
   1.1060000e+01   4.4800349e-01
   1.1070000e+01   4.4763907e-01
   1.1080000e+01   4.5077210e-01
   1.1090000e+01   4.5061201e-01
   1.1100000e+01   4.4770106e-01
   1.1110000e+01   4.4847846e-01
   1.1120000e+01   4.4895419e-01
   1.1130000e+01   4.4627178e-01
   1.1140000e+01   4.4774607e-01
   1.1150000e+01   4.4847508e-01
   1.1160000e+01   4.4609470e-01
   1.1170000e+01   4.4807308e-01
   1.1180000e+01   4.4853714e-01
   1.1190000e+01   4.4532165e-01
   1.1200000e+01   4.4957023e-01
   1.1210000e+01   4.4884438e-01
   1.1220000e+01   4.4953759e-01
   1.1230000e+01   4.4820156e-01
   1.1240000e+01   4.4932450e-01
   1.1250000e+01   4.5171574e-01
   1.1260000e+01   4.4842152e-01
   1.1270000e+01   4.4820952e-01
   1.1280000e+01   4.4931110e-01
   1.1290000e+01   4.5152386e-01
   1.1300000e+01   4.4982535e-01
   1.1310000e+01   4.5069411e-01
   1.1320000e+01   4.5191483e-01
   1.1330000e+01   4.5132799e-01
   1.1340000e+01   4.5214835e-01
   1.1350000e+01   4.5416754e-01
   1.1360000e+01   4.5163666e-01
   1.1370000e+01   4.5147944e-01
   1.1380000e+01   4.5462131e-01
   1.1390000e+01   4.5541421e-01
   1.1400000e+01   4.5516151e-01
   1.1410000e+01   4.5576238e-01
   1.1420000e+01   4.5519400e-01
   1.1430000e+01   4.5376014e-01
   1.1440000e+01   4.5387433e-01
   1.1450000e+01   4.5411460e-01
   1.1460000e+01   4.5552533e-01
   1.1470000e+01   4.5526844e-01
   1.1480000e+01   4.5457662e-01
   1.1490000e+01   4.5526307e-01
   1.1500000e+01   4.5340824e-01
   1.1510000e+01   4.5542143e-01
   1.1520000e+01   4.5541272e-01
   1.1530000e+01   4.5406436e-01
   1.1540000e+01   4.5309975e-01
   1.1550000e+01   4.5550219e-01
   1.1560000e+01   4.5481884e-01
   1.1570000e+01   4.5655122e-01
   1.1580000e+01   4.5554867e-01
   1.1590000e+01   4.5711473e-01
   1.1600000e+01   4.5565521e-01
   1.1610000e+01   4.5690110e-01
   1.1620000e+01   4.5768541e-01
   1.1630000e+01   4.5993128e-01
   1.1640000e+01   4.5998328e-01
   1.1650000e+01   4.5573449e-01
   1.1660000e+01   4.5962507e-01
   1.1670000e+01   4.6017917e-01
   1.1680000e+01   4.6045472e-01
   1.1690000e+01   4.5964323e-01
   1.1700000e+01   4.5939898e-01
   1.1710000e+01   4.6046783e-01
   1.1720000e+01   4.6189336e-01
   1.1730000e+01   4.5906858e-01
   1.1740000e+01   4.5976413e-01
   1.1750000e+01   4.5934116e-01
   1.1760000e+01   4.6087438e-01
   1.1770000e+01   4.6057117e-01
   1.1780000e+01   4.5978788e-01
   1.1790000e+01   4.6002893e-01
   1.1800000e+01   4.6155647e-01
   1.1810000e+01   4.5959053e-01
   1.1820000e+01   4.6093842e-01
   1.1830000e+01   4.5950215e-01
   1.1840000e+01   4.5896028e-01
   1.1850000e+01   4.6008174e-01
   1.1860000e+01   4.5781335e-01
   1.1870000e+01   4.5869340e-01
   1.1880000e+01   4.6001790e-01
   1.1890000e+01   4.6064558e-01
   1.1900000e+01   4.5985422e-01
   1.1910000e+01   4.6117514e-01
   1.1920000e+01   4.6095560e-01
   1.1930000e+01   4.6159618e-01
   1.1940000e+01   4.6058414e-01
   1.1950000e+01   4.6346524e-01
   1.1960000e+01   4.5982002e-01
   1.1970000e+01   4.6289288e-01
   1.1980000e+01   4.6027290e-01
   1.1990000e+01   4.6199179e-01
   1.2000000e+01   4.6379794e-01
   1.2010000e+01   4.6472673e-01
   1.2020000e+01   4.6439886e-01
   1.2030000e+01   4.6308828e-01
   1.2040000e+01   4.6405281e-01
   1.2050000e+01   4.6491870e-01
   1.2060000e+01   4.6612638e-01
   1.2070000e+01   4.6567067e-01
   1.2080000e+01   4.6722579e-01
   1.2090000e+01   4.6739283e-01
   1.2100000e+01   4.6655266e-01
   1.2110000e+01   4.6681892e-01
   1.2120000e+01   4.6883378e-01
   1.2130000e+01   4.6797154e-01
   1.2140000e+01   4.6736269e-01
   1.2150000e+01   4.6746632e-01
   1.2160000e+01   4.6776376e-01
   1.2170000e+01   4.6849212e-01
   1.2180000e+01   4.6790225e-01
   1.2190000e+01   4.6726001e-01
   1.2200000e+01   4.6887256e-01
   1.2210000e+01   4.6827551e-01
   1.2220000e+01   4.6782414e-01
   1.2230000e+01   4.6938563e-01
   1.2240000e+01   4.6796039e-01
   1.2250000e+01   4.6980687e-01
   1.2260000e+01   4.6997251e-01
   1.2270000e+01   4.7016278e-01
   1.2280000e+01   4.7003871e-01
   1.2290000e+01   4.6990437e-01
   1.2300000e+01   4.7105400e-01
   1.2310000e+01   4.7063460e-01
   1.2320000e+01   4.7121842e-01
   1.2330000e+01   4.7217018e-01
   1.2340000e+01   4.7206350e-01
   1.2350000e+01   4.7110217e-01
   1.2360000e+01   4.7372205e-01
   1.2370000e+01   4.7241901e-01
   1.2380000e+01   4.7223725e-01
   1.2390000e+01   4.7290352e-01
   1.2400000e+01   4.7259087e-01
   1.2410000e+01   4.7631418e-01
   1.2420000e+01   4.7618104e-01
   1.2430000e+01   4.7561770e-01
   1.2440000e+01   4.7650107e-01
   1.2450000e+01   4.7594996e-01
   1.2460000e+01   4.7610477e-01
   1.2470000e+01   4.7768711e-01
   1.2480000e+01   4.7791198e-01
   1.2490000e+01   4.7407633e-01
   1.2500000e+01   4.7557498e-01
   1.2510000e+01   4.7565924e-01
   1.2520000e+01   4.7628078e-01
   1.2530000e+01   4.7520246e-01
   1.2540000e+01   4.7363021e-01
   1.2550000e+01   4.7227640e-01
   1.2560000e+01   4.7078535e-01
   1.2570000e+01   4.7007868e-01
   1.2580000e+01   4.6628084e-01
   1.2590000e+01   4.6706958e-01
   1.2600000e+01   4.6761896e-01
   1.2610000e+01   4.6956551e-01
   1.2620000e+01   4.7041392e-01
   1.2630000e+01   4.7076039e-01
   1.2640000e+01   4.7356922e-01
   1.2650000e+01   4.7321341e-01
   1.2660000e+01   4.7442782e-01
   1.2670000e+01   4.7661799e-01
   1.2680000e+01   4.7595341e-01
   1.2690000e+01   4.7569169e-01
   1.2700000e+01   4.7701078e-01
   1.2710000e+01   4.7897742e-01
   1.2720000e+01   4.8079655e-01
   1.2730000e+01   4.8321379e-01
   1.2740000e+01   4.8106235e-01
   1.2750000e+01   4.8269423e-01
   1.2760000e+01   4.8105524e-01
   1.2770000e+01   4.8319706e-01
   1.2780000e+01   4.8060762e-01
   1.2790000e+01   4.8190984e-01
   1.2800000e+01   4.8233663e-01
   1.2810000e+01   4.8247250e-01
   1.2820000e+01   4.8262702e-01
   1.2830000e+01   4.8092649e-01
   1.2840000e+01   4.8122128e-01
   1.2850000e+01   4.8275278e-01
   1.2860000e+01   4.8025714e-01
   1.2870000e+01   4.7775139e-01
   1.2880000e+01   4.7714552e-01
   1.2890000e+01   4.7904424e-01
   1.2900000e+01   4.8008405e-01
   1.2910000e+01   4.8092082e-01
   1.2920000e+01   4.7947311e-01
   1.2930000e+01   4.7989015e-01
   1.2940000e+01   4.8030464e-01
   1.2950000e+01   4.7955908e-01
   1.2960000e+01   4.7927663e-01
   1.2970000e+01   4.7914566e-01
   1.2980000e+01   4.7806630e-01
   1.2990000e+01   4.7822626e-01
   1.3000000e+01   4.8007393e-01
   1.3010000e+01   4.8060568e-01
   1.3020000e+01   4.8274872e-01
   1.3030000e+01   4.8443534e-01
   1.3040000e+01   4.8470583e-01
   1.3050000e+01   4.8268336e-01
   1.3060000e+01   4.8482670e-01
   1.3070000e+01   4.8416163e-01
   1.3080000e+01   4.8440792e-01
   1.3090000e+01   4.8511380e-01
   1.3100000e+01   4.8444952e-01
   1.3110000e+01   4.8454191e-01
   1.3120000e+01   4.8299664e-01
   1.3130000e+01   4.8291087e-01
   1.3140000e+01   4.8051809e-01
   1.3150000e+01   4.8053213e-01
   1.3160000e+01   4.8100503e-01
   1.3170000e+01   4.8063432e-01
   1.3180000e+01   4.8305679e-01
   1.3190000e+01   4.8474654e-01
   1.3200000e+01   4.8371201e-01
   1.3210000e+01   4.8396165e-01
   1.3220000e+01   4.8611004e-01
   1.3230000e+01   4.8499183e-01
   1.3240000e+01   4.8571579e-01
   1.3250000e+01   4.8531085e-01
   1.3260000e+01   4.8362955e-01
   1.3270000e+01   4.8481636e-01
   1.3280000e+01   4.8547528e-01
   1.3290000e+01   4.8595839e-01
   1.3300000e+01   4.8448948e-01
   1.3310000e+01   4.8428006e-01
   1.3320000e+01   4.8523218e-01
   1.3330000e+01   4.8390623e-01
   1.3340000e+01   4.8235018e-01
   1.3350000e+01   4.8427493e-01
   1.3360000e+01   4.8251827e-01
   1.3370000e+01   4.8624786e-01
   1.3380000e+01   4.8527039e-01
   1.3390000e+01   4.8634295e-01
   1.3400000e+01   4.8762357e-01
   1.3410000e+01   4.8595294e-01
   1.3420000e+01   4.8656766e-01
   1.3430000e+01   4.8786255e-01
   1.3440000e+01   4.8735171e-01
   1.3450000e+01   4.8983183e-01
   1.3460000e+01   4.9197257e-01
   1.3470000e+01   4.9031036e-01
   1.3480000e+01   4.9144271e-01
   1.3490000e+01   4.8964931e-01
   1.3500000e+01   4.9027941e-01
   1.3510000e+01   4.8941140e-01
   1.3520000e+01   4.8876020e-01
   1.3530000e+01   4.9159356e-01
   1.3540000e+01   4.9244761e-01
   1.3550000e+01   4.9112451e-01
   1.3560000e+01   4.9253678e-01
   1.3570000e+01   4.9050319e-01
   1.3580000e+01   4.9054082e-01
   1.3590000e+01   4.9154823e-01
   1.3600000e+01   4.9178989e-01
   1.3610000e+01   4.9116270e-01
   1.3620000e+01   4.9052753e-01
   1.3630000e+01   4.9096229e-01
   1.3640000e+01   4.8945206e-01
   1.3650000e+01   4.9206698e-01
   1.3660000e+01   4.9036840e-01
   1.3670000e+01   4.8826596e-01
   1.3680000e+01   4.8716207e-01
   1.3690000e+01   4.8948843e-01
   1.3700000e+01   4.8888219e-01
   1.3710000e+01   4.9072221e-01
   1.3720000e+01   4.8811936e-01
   1.3730000e+01   4.8972021e-01
   1.3740000e+01   4.8906112e-01
   1.3750000e+01   4.9151892e-01
   1.3760000e+01   4.9118043e-01
   1.3770000e+01   4.9204896e-01
   1.3780000e+01   4.9135537e-01
   1.3790000e+01   4.8950503e-01
   1.3800000e+01   4.9310062e-01
   1.3810000e+01   4.9367562e-01
   1.3820000e+01   4.9194536e-01
   1.3830000e+01   4.9386655e-01
   1.3840000e+01   4.9245843e-01
   1.3850000e+01   4.9246609e-01
   1.3860000e+01   4.9387570e-01
   1.3870000e+01   4.9254153e-01
   1.3880000e+01   4.9497817e-01
   1.3890000e+01   4.9477097e-01
   1.3900000e+01   4.9573533e-01
   1.3910000e+01   4.9497945e-01
   1.3920000e+01   4.9389028e-01
   1.3930000e+01   4.9292453e-01
   1.3940000e+01   4.9173646e-01
   1.3950000e+01   4.9166877e-01
   1.3960000e+01   4.9161677e-01
   1.3970000e+01   4.9365431e-01
   1.3980000e+01   4.9244815e-01
   1.3990000e+01   4.9281691e-01
   1.4000000e+01   4.9623455e-01
   1.4010000e+01   4.9334835e-01
   1.4020000e+01   4.9459758e-01
   1.4030000e+01   4.9500806e-01
   1.4040000e+01   4.9488593e-01
   1.4050000e+01   4.9591851e-01
   1.4060000e+01   4.9544880e-01
   1.4070000e+01   4.9707854e-01
   1.4080000e+01   4.9469245e-01
   1.4090000e+01   4.9516171e-01
   1.4100000e+01   4.9467166e-01
   1.4110000e+01   4.9600958e-01
   1.4120000e+01   4.9397743e-01
   1.4130000e+01   4.9322600e-01
   1.4140000e+01   4.9362562e-01
   1.4150000e+01   4.9030095e-01
   1.4160000e+01   4.8946436e-01
   1.4170000e+01   4.9136383e-01
   1.4180000e+01   4.8980726e-01
   1.4190000e+01   4.8867439e-01
   1.4200000e+01   4.9097012e-01
   1.4210000e+01   4.9258566e-01
   1.4220000e+01   4.9271950e-01
   1.4230000e+01   4.9214358e-01
   1.4240000e+01   4.9324702e-01
   1.4250000e+01   4.9697711e-01
   1.4260000e+01   4.9535728e-01
   1.4270000e+01   4.9661714e-01
   1.4280000e+01   4.9816617e-01
   1.4290000e+01   4.9823280e-01
   1.4300000e+01   4.9798225e-01
   1.4310000e+01   4.9915407e-01
   1.4320000e+01   4.9714487e-01
   1.4330000e+01   4.9787220e-01
   1.4340000e+01   4.9644531e-01
   1.4350000e+01   4.9622083e-01
   1.4360000e+01   4.9650558e-01
   1.4370000e+01   4.9724347e-01
   1.4380000e+01   4.9626418e-01
   1.4390000e+01   4.9602546e-01
   1.4400000e+01   4.9506719e-01
   1.4410000e+01   4.9584805e-01
   1.4420000e+01   4.9361400e-01
   1.4430000e+01   4.9435251e-01
   1.4440000e+01   4.9381301e-01
   1.4450000e+01   4.9326959e-01
   1.4460000e+01   4.9355062e-01
   1.4470000e+01   4.9579262e-01
   1.4480000e+01   4.9445689e-01
   1.4490000e+01   4.9605157e-01
   1.4500000e+01   4.9765298e-01
   1.4510000e+01   4.9800035e-01
   1.4520000e+01   4.9692704e-01
   1.4530000e+01   4.9731739e-01
   1.4540000e+01   4.9472951e-01
   1.4550000e+01   4.9821357e-01
   1.4560000e+01   4.9798316e-01
   1.4570000e+01   4.9801148e-01
   1.4580000e+01   4.9714963e-01
   1.4590000e+01   4.9755756e-01
   1.4600000e+01   4.9764352e-01
   1.4610000e+01   4.9767573e-01
   1.4620000e+01   4.9844475e-01
   1.4630000e+01   4.9707821e-01
   1.4640000e+01   4.9856511e-01
   1.4650000e+01   4.9786753e-01
   1.4660000e+01   4.9731227e-01
   1.4670000e+01   4.9605789e-01
   1.4680000e+01   4.9690585e-01
   1.4690000e+01   4.9659268e-01
   1.4700000e+01   4.9515149e-01
   1.4710000e+01   4.9690464e-01
   1.4720000e+01   4.9355133e-01
   1.4730000e+01   4.9754380e-01
   1.4740000e+01   4.9754392e-01
   1.4750000e+01   4.9679425e-01
   1.4760000e+01   4.9460326e-01
   1.4770000e+01   4.9461531e-01
   1.4780000e+01   4.9527733e-01
   1.4790000e+01   4.9649130e-01
   1.4800000e+01   4.9558657e-01
   1.4810000e+01   4.9779027e-01
   1.4820000e+01   4.9631200e-01
   1.4830000e+01   4.9699296e-01
   1.4840000e+01   4.9758685e-01
   1.4850000e+01   4.9763018e-01
   1.4860000e+01   4.9616456e-01
   1.4870000e+01   4.9699976e-01
   1.4880000e+01   4.9736450e-01
   1.4890000e+01   4.9543113e-01
   1.4900000e+01   4.9385783e-01
   1.4910000e+01   4.9547786e-01
   1.4920000e+01   4.9436423e-01
   1.4930000e+01   4.9615102e-01
   1.4940000e+01   4.9799902e-01
   1.4950000e+01   4.9837398e-01
   1.4960000e+01   4.9597488e-01
   1.4970000e+01   4.9561862e-01
   1.4980000e+01   4.9602873e-01
   1.4990000e+01   4.9393899e-01
   1.5000000e+01   4.9483059e-01
   1.5010000e+01   4.9543465e-01
   1.5020000e+01   4.9548202e-01
   1.5030000e+01   4.9416844e-01
   1.5040000e+01   4.9591042e-01
   1.5050000e+01   4.9758695e-01
   1.5060000e+01   4.9514995e-01
   1.5070000e+01   4.9750491e-01
   1.5080000e+01   4.9602454e-01
   1.5090000e+01   4.9843193e-01
   1.5100000e+01   4.9839171e-01
   1.5110000e+01   4.9784875e-01
   1.5120000e+01   4.9865648e-01
   1.5130000e+01   4.9929178e-01
   1.5140000e+01   5.0057310e-01
   1.5150000e+01   4.9978419e-01
   1.5160000e+01   4.9817374e-01
   1.5170000e+01   4.9908925e-01
   1.5180000e+01   5.0007730e-01
   1.5190000e+01   4.9795851e-01
   1.5200000e+01   4.9892786e-01
   1.5210000e+01   5.0036627e-01
   1.5220000e+01   4.9829669e-01
   1.5230000e+01   4.9660033e-01
   1.5240000e+01   4.9760290e-01
   1.5250000e+01   4.9910186e-01
   1.5260000e+01   4.9925665e-01
   1.5270000e+01   4.9857663e-01
   1.5280000e+01   5.0013900e-01
   1.5290000e+01   4.9877666e-01
   1.5300000e+01   5.0017680e-01
   1.5310000e+01   4.9881689e-01
   1.5320000e+01   5.0056929e-01
   1.5330000e+01   4.9796145e-01
   1.5340000e+01   4.9843304e-01
   1.5350000e+01   4.9873663e-01
   1.5360000e+01   4.9913999e-01
   1.5370000e+01   4.9732679e-01
   1.5380000e+01   4.9642988e-01
   1.5390000e+01   4.9764910e-01
   1.5400000e+01   4.9843359e-01
   1.5410000e+01   4.9787628e-01
   1.5420000e+01   4.9944413e-01
   1.5430000e+01   5.0019069e-01
   1.5440000e+01   4.9832632e-01
   1.5450000e+01   4.9852744e-01
   1.5460000e+01   4.9825307e-01
   1.5470000e+01   4.9860565e-01
   1.5480000e+01   4.9796438e-01
   1.5490000e+01   4.9908678e-01
   1.5500000e+01   4.9692639e-01
   1.5510000e+01   4.9823516e-01
   1.5520000e+01   4.9805959e-01
   1.5530000e+01   4.9695327e-01
   1.5540000e+01   4.9719705e-01
   1.5550000e+01   4.9899930e-01
   1.5560000e+01   4.9726097e-01
   1.5570000e+01   4.9788023e-01
   1.5580000e+01   4.9637929e-01
   1.5590000e+01   4.9697082e-01
   1.5600000e+01   4.9426282e-01
   1.5610000e+01   4.9707773e-01
   1.5620000e+01   4.9498451e-01
   1.5630000e+01   4.9598888e-01
   1.5640000e+01   4.9464812e-01
   1.5650000e+01   4.9576893e-01
   1.5660000e+01   4.9910544e-01
   1.5670000e+01   4.9637683e-01
   1.5680000e+01   4.9883840e-01
   1.5690000e+01   4.9653498e-01
   1.5700000e+01   4.9701908e-01
   1.5710000e+01   5.0113533e-01
   1.5720000e+01   4.9727011e-01
   1.5730000e+01   4.9862277e-01
   1.5740000e+01   5.0058456e-01
   1.5750000e+01   4.9870709e-01
   1.5760000e+01   5.0196186e-01
   1.5770000e+01   4.9929052e-01
   1.5780000e+01   5.0100714e-01
   1.5790000e+01   5.0315327e-01
   1.5800000e+01   5.0041740e-01
   1.5810000e+01   5.0299555e-01
   1.5820000e+01   5.0143095e-01
   1.5830000e+01   5.0019886e-01
   1.5840000e+01   5.0312261e-01
   1.5850000e+01   5.0041081e-01
   1.5860000e+01   5.0499007e-01
   1.5870000e+01   5.0127878e-01
   1.5880000e+01   5.0324575e-01
   1.5890000e+01   5.0159399e-01
   1.5900000e+01   5.0182897e-01
   1.5910000e+01   5.0253668e-01
   1.5920000e+01   5.0540021e-01
   1.5930000e+01   5.0263100e-01
   1.5940000e+01   5.0111523e-01
   1.5950000e+01   5.0173257e-01
   1.5960000e+01   5.0105555e-01
   1.5970000e+01   4.9906694e-01
   1.5980000e+01   4.9948143e-01
   1.5990000e+01   5.0005494e-01
   1.6000000e+01   5.0109369e-01
   1.6010000e+01   4.9922261e-01
   1.6020000e+01   4.9827650e-01
   1.6030000e+01   4.9784296e-01
   1.6040000e+01   4.9830726e-01
   1.6050000e+01   5.0019461e-01
   1.6060000e+01   4.9781946e-01
   1.6070000e+01   4.9959002e-01
   1.6080000e+01   4.9801649e-01
   1.6090000e+01   4.9745248e-01
   1.6100000e+01   4.9723688e-01
   1.6110000e+01   4.9851777e-01
   1.6120000e+01   4.9920781e-01
   1.6130000e+01   4.9865009e-01
   1.6140000e+01   5.0036670e-01
   1.6150000e+01   4.9619718e-01
   1.6160000e+01   4.9748422e-01
   1.6170000e+01   4.9795994e-01
   1.6180000e+01   4.9607440e-01
   1.6190000e+01   4.9755452e-01
   1.6200000e+01   4.9767349e-01
   1.6210000e+01   4.9625976e-01
   1.6220000e+01   4.9530152e-01
   1.6230000e+01   4.9549685e-01
   1.6240000e+01   4.9220349e-01
   1.6250000e+01   4.9311860e-01
   1.6260000e+01   4.9614254e-01
   1.6270000e+01   4.9476577e-01
   1.6280000e+01   4.9503660e-01
   1.6290000e+01   4.9893967e-01
   1.6300000e+01   4.9664108e-01
   1.6310000e+01   4.9841550e-01
   1.6320000e+01   4.9723156e-01
   1.6330000e+01   4.9858341e-01
   1.6340000e+01   4.9662739e-01
   1.6350000e+01   4.9748132e-01
   1.6360000e+01   4.9964021e-01
   1.6370000e+01   4.9831511e-01
   1.6380000e+01   4.9939343e-01
   1.6390000e+01   5.0246067e-01
   1.6400000e+01   5.0100907e-01
   1.6410000e+01   5.0221269e-01
   1.6420000e+01   5.0506303e-01
   1.6430000e+01   5.0278480e-01
   1.6440000e+01   5.0392051e-01
   1.6450000e+01   5.0264895e-01
   1.6460000e+01   5.0453979e-01
   1.6470000e+01   5.0298401e-01
   1.6480000e+01   5.0194965e-01
   1.6490000e+01   5.0492264e-01
   1.6500000e+01   5.0532199e-01
   1.6510000e+01   5.0410784e-01
   1.6520000e+01   5.0521506e-01
   1.6530000e+01   5.0391894e-01
   1.6540000e+01   5.0311299e-01
   1.6550000e+01   5.0192976e-01
   1.6560000e+01   5.0277430e-01
   1.6570000e+01   5.0182014e-01
   1.6580000e+01   5.0176759e-01
   1.6590000e+01   4.9950205e-01
   1.6600000e+01   5.0342563e-01
   1.6610000e+01   5.0105374e-01
   1.6620000e+01   5.0007047e-01
   1.6630000e+01   5.0190780e-01
   1.6640000e+01   4.9953794e-01
   1.6650000e+01   4.9835436e-01
   1.6660000e+01   4.9867918e-01
   1.6670000e+01   5.0064681e-01
   1.6680000e+01   4.9781002e-01
   1.6690000e+01   4.9930681e-01
   1.6700000e+01   4.9995343e-01
   1.6710000e+01   4.9830245e-01
   1.6720000e+01   4.9699531e-01
   1.6730000e+01   4.9716088e-01
   1.6740000e+01   4.9925502e-01
   1.6750000e+01   5.0104782e-01
   1.6760000e+01   4.9729056e-01
   1.6770000e+01   4.9811095e-01
   1.6780000e+01   5.0019521e-01
   1.6790000e+01   4.9834070e-01
   1.6800000e+01   4.9916477e-01
   1.6810000e+01   4.9806362e-01
   1.6820000e+01   4.9840346e-01
   1.6830000e+01   4.9723488e-01
   1.6840000e+01   4.9639527e-01
   1.6850000e+01   4.9840216e-01
   1.6860000e+01   4.9663388e-01
   1.6870000e+01   4.9814141e-01
   1.6880000e+01   4.9829607e-01
   1.6890000e+01   4.9730760e-01
   1.6900000e+01   4.9596047e-01
   1.6910000e+01   4.9815386e-01
   1.6920000e+01   4.9778590e-01
   1.6930000e+01   4.9818573e-01
   1.6940000e+01   4.9870798e-01
   1.6950000e+01   4.9891728e-01
   1.6960000e+01   4.9599467e-01
   1.6970000e+01   4.9813383e-01
   1.6980000e+01   4.9553082e-01
   1.6990000e+01   4.9517410e-01
   1.7000000e+01   4.9448331e-01
   1.7010000e+01   4.9508078e-01
   1.7020000e+01   4.9642704e-01
   1.7030000e+01   4.9641153e-01
   1.7040000e+01   4.9748900e-01
   1.7050000e+01   4.9639365e-01
   1.7060000e+01   4.9637108e-01
   1.7070000e+01   4.9550390e-01
   1.7080000e+01   4.9628978e-01
   1.7090000e+01   4.9759632e-01
   1.7100000e+01   4.9731683e-01
   1.7110000e+01   4.9705876e-01
   1.7120000e+01   4.9779563e-01
   1.7130000e+01   4.9707574e-01
   1.7140000e+01   4.9745565e-01
   1.7150000e+01   4.9749482e-01
   1.7160000e+01   4.9554948e-01
   1.7170000e+01   4.9502407e-01
   1.7180000e+01   4.9701094e-01
   1.7190000e+01   4.9537170e-01
   1.7200000e+01   4.9444104e-01
   1.7210000e+01   4.9542298e-01
   1.7220000e+01   4.9702471e-01
   1.7230000e+01   4.9473661e-01
   1.7240000e+01   4.9621026e-01
   1.7250000e+01   4.9732614e-01
   1.7260000e+01   4.9866097e-01
   1.7270000e+01   4.9828737e-01
   1.7280000e+01   4.9722668e-01
   1.7290000e+01   4.9744826e-01
   1.7300000e+01   4.9785518e-01
   1.7310000e+01   4.9726925e-01
   1.7320000e+01   4.9559842e-01
   1.7330000e+01   4.9805536e-01
   1.7340000e+01   4.9778623e-01
   1.7350000e+01   4.9775700e-01
   1.7360000e+01   4.9677994e-01
   1.7370000e+01   4.9759195e-01
   1.7380000e+01   4.9710864e-01
   1.7390000e+01   4.9589522e-01
   1.7400000e+01   4.9543211e-01
   1.7410000e+01   4.9412399e-01
   1.7420000e+01   4.9512286e-01
   1.7430000e+01   4.9565059e-01
   1.7440000e+01   4.9325204e-01
   1.7450000e+01   4.9233005e-01
   1.7460000e+01   4.9315338e-01
   1.7470000e+01   4.9381577e-01
   1.7480000e+01   4.9274390e-01
   1.7490000e+01   4.9408653e-01
   1.7500000e+01   4.9264782e-01
   1.7510000e+01   4.9205845e-01
   1.7520000e+01   4.9341840e-01
   1.7530000e+01   4.9058844e-01
   1.7540000e+01   4.9149811e-01
   1.7550000e+01   4.9076744e-01
   1.7560000e+01   4.8912520e-01
   1.7570000e+01   4.8858557e-01
   1.7580000e+01   4.8916468e-01
   1.7590000e+01   4.9015942e-01
   1.7600000e+01   4.9009937e-01
   1.7610000e+01   4.9258568e-01
   1.7620000e+01   4.8824651e-01
   1.7630000e+01   4.8971944e-01
   1.7640000e+01   4.9040620e-01
   1.7650000e+01   4.8958444e-01
   1.7660000e+01   4.9098435e-01
   1.7670000e+01   4.8769599e-01
   1.7680000e+01   4.8978401e-01
   1.7690000e+01   4.8733812e-01
   1.7700000e+01   4.8961280e-01
   1.7710000e+01   4.8958469e-01
   1.7720000e+01   4.8788458e-01
   1.7730000e+01   4.8927259e-01
   1.7740000e+01   4.8879652e-01
   1.7750000e+01   4.8859190e-01
   1.7760000e+01   4.8814012e-01
   1.7770000e+01   4.8609815e-01
   1.7780000e+01   4.8697069e-01
   1.7790000e+01   4.8542416e-01
   1.7800000e+01   4.8631374e-01
   1.7810000e+01   4.8726022e-01
   1.7820000e+01   4.8475172e-01
   1.7830000e+01   4.8381971e-01
   1.7840000e+01   4.8541801e-01
   1.7850000e+01   4.8408480e-01
   1.7860000e+01   4.8813856e-01
   1.7870000e+01   4.8808755e-01
   1.7880000e+01   4.8687242e-01
   1.7890000e+01   4.8817933e-01
   1.7900000e+01   4.8694762e-01
   1.7910000e+01   4.8700967e-01
   1.7920000e+01   4.8686138e-01
   1.7930000e+01   4.8631076e-01
   1.7940000e+01   4.8547760e-01
   1.7950000e+01   4.8399641e-01
   1.7960000e+01   4.8707388e-01
   1.7970000e+01   4.8695303e-01
   1.7980000e+01   4.8701047e-01
   1.7990000e+01   4.8518581e-01
   1.8000000e+01   4.8471320e-01
   1.8010000e+01   4.8569625e-01
   1.8020000e+01   4.8552934e-01
   1.8030000e+01   4.8656211e-01
   1.8040000e+01   4.8463851e-01
   1.8050000e+01   4.8294682e-01
   1.8060000e+01   4.8351391e-01
   1.8070000e+01   4.8167219e-01
   1.8080000e+01   4.8321551e-01
   1.8090000e+01   4.8534401e-01
   1.8100000e+01   4.8537470e-01
   1.8110000e+01   4.8351609e-01
   1.8120000e+01   4.8433400e-01
   1.8130000e+01   4.8533406e-01
   1.8140000e+01   4.8259755e-01
   1.8150000e+01   4.8244050e-01
   1.8160000e+01   4.8492898e-01
   1.8170000e+01   4.8462062e-01
   1.8180000e+01   4.8460467e-01
   1.8190000e+01   4.8310401e-01
   1.8200000e+01   4.8440062e-01
   1.8210000e+01   4.8462732e-01
   1.8220000e+01   4.8454654e-01
   1.8230000e+01   4.8689783e-01
   1.8240000e+01   4.8647492e-01
   1.8250000e+01   4.8484212e-01
   1.8260000e+01   4.8509300e-01
   1.8270000e+01   4.8588609e-01
   1.8280000e+01   4.8634814e-01
   1.8290000e+01   4.8838476e-01
   1.8300000e+01   4.8688136e-01
   1.8310000e+01   4.8580121e-01
   1.8320000e+01   4.8796326e-01
   1.8330000e+01   4.8671869e-01
   1.8340000e+01   4.8483712e-01
   1.8350000e+01   4.8396394e-01
   1.8360000e+01   4.8311533e-01
   1.8370000e+01   4.8148830e-01
   1.8380000e+01   4.8210456e-01
   1.8390000e+01   4.8244395e-01
   1.8400000e+01   4.8102975e-01
   1.8410000e+01   4.8166021e-01
   1.8420000e+01   4.8108322e-01
   1.8430000e+01   4.7935708e-01
   1.8440000e+01   4.8019166e-01
   1.8450000e+01   4.8042048e-01
   1.8460000e+01   4.8063154e-01
   1.8470000e+01   4.8241131e-01
   1.8480000e+01   4.7973621e-01
   1.8490000e+01   4.7958385e-01
   1.8500000e+01   4.7907384e-01
   1.8510000e+01   4.7833737e-01
   1.8520000e+01   4.7729278e-01
   1.8530000e+01   4.7789363e-01
   1.8540000e+01   4.7836987e-01
   1.8550000e+01   4.7488276e-01
   1.8560000e+01   4.7715807e-01
   1.8570000e+01   4.7625461e-01
   1.8580000e+01   4.7664263e-01
   1.8590000e+01   4.7538703e-01
   1.8600000e+01   4.7715266e-01
   1.8610000e+01   4.7438847e-01
   1.8620000e+01   4.7396323e-01
   1.8630000e+01   4.7640558e-01
   1.8640000e+01   4.7889450e-01
   1.8650000e+01   4.7635017e-01
   1.8660000e+01   4.7715505e-01
   1.8670000e+01   4.7635633e-01
   1.8680000e+01   4.7706494e-01
   1.8690000e+01   4.7719000e-01
   1.8700000e+01   4.7934550e-01
   1.8710000e+01   4.7819282e-01
   1.8720000e+01   4.7695168e-01
   1.8730000e+01   4.7757419e-01
   1.8740000e+01   4.7855616e-01
   1.8750000e+01   4.7910250e-01
   1.8760000e+01   4.7683849e-01
   1.8770000e+01   4.7961707e-01
   1.8780000e+01   4.7964812e-01
   1.8790000e+01   4.7960387e-01
   1.8800000e+01   4.7883361e-01
   1.8810000e+01   4.7829386e-01
   1.8820000e+01   4.7841489e-01
   1.8830000e+01   4.7722138e-01
   1.8840000e+01   4.7655021e-01
   1.8850000e+01   4.7692548e-01
   1.8860000e+01   4.7873675e-01
   1.8870000e+01   4.7478827e-01
   1.8880000e+01   4.7558272e-01
   1.8890000e+01   4.7389777e-01
   1.8900000e+01   4.7516887e-01
   1.8910000e+01   4.7478486e-01
   1.8920000e+01   4.7338132e-01
   1.8930000e+01   4.7433778e-01
   1.8940000e+01   4.7395881e-01
   1.8950000e+01   4.7465324e-01
   1.8960000e+01   4.7357426e-01
   1.8970000e+01   4.7211890e-01
   1.8980000e+01   4.7060473e-01
   1.8990000e+01   4.7337719e-01
   1.9000000e+01   4.7227038e-01
   1.9010000e+01   4.7352129e-01
   1.9020000e+01   4.7531866e-01
   1.9030000e+01   4.7224145e-01
   1.9040000e+01   4.7505824e-01
   1.9050000e+01   4.7331526e-01
   1.9060000e+01   4.7472342e-01
   1.9070000e+01   4.7459383e-01
   1.9080000e+01   4.7310953e-01
   1.9090000e+01   4.7088991e-01
   1.9100000e+01   4.7202091e-01
   1.9110000e+01   4.7137152e-01
   1.9120000e+01   4.7107103e-01
   1.9130000e+01   4.6986344e-01
   1.9140000e+01   4.7207890e-01
   1.9150000e+01   4.7157348e-01
   1.9160000e+01   4.7228277e-01
   1.9170000e+01   4.7310294e-01
   1.9180000e+01   4.7007104e-01
   1.9190000e+01   4.7001066e-01
   1.9200000e+01   4.6930183e-01
   1.9210000e+01   4.6868698e-01
   1.9220000e+01   4.7010937e-01
   1.9230000e+01   4.6828160e-01
   1.9240000e+01   4.7053413e-01
   1.9250000e+01   4.6816861e-01
   1.9260000e+01   4.6828331e-01
   1.9270000e+01   4.6782593e-01
   1.9280000e+01   4.6842126e-01
   1.9290000e+01   4.6868355e-01
   1.9300000e+01   4.6836747e-01
   1.9310000e+01   4.6923714e-01
   1.9320000e+01   4.6821027e-01
   1.9330000e+01   4.6828818e-01
   1.9340000e+01   4.6677427e-01
   1.9350000e+01   4.6857979e-01
   1.9360000e+01   4.6755434e-01
   1.9370000e+01   4.6758215e-01
   1.9380000e+01   4.6754142e-01
   1.9390000e+01   4.6710207e-01
   1.9400000e+01   4.6821179e-01
   1.9410000e+01   4.6711085e-01
   1.9420000e+01   4.6773571e-01
   1.9430000e+01   4.6555281e-01
   1.9440000e+01   4.6603542e-01
   1.9450000e+01   4.6579331e-01
   1.9460000e+01   4.6606946e-01
   1.9470000e+01   4.6742431e-01
   1.9480000e+01   4.6478955e-01
   1.9490000e+01   4.6425110e-01
   1.9500000e+01   4.6370795e-01
   1.9510000e+01   4.6425138e-01
   1.9520000e+01   4.6185700e-01
   1.9530000e+01   4.6205710e-01
   1.9540000e+01   4.6105827e-01
   1.9550000e+01   4.6106007e-01
   1.9560000e+01   4.6057032e-01
   1.9570000e+01   4.6145305e-01
   1.9580000e+01   4.6065364e-01
   1.9590000e+01   4.6295699e-01
   1.9600000e+01   4.6491352e-01
   1.9610000e+01   4.6360583e-01
   1.9620000e+01   4.6369245e-01
   1.9630000e+01   4.6286585e-01
   1.9640000e+01   4.6355665e-01
   1.9650000e+01   4.6283594e-01
   1.9660000e+01   4.6651333e-01
   1.9670000e+01   4.6470903e-01
   1.9680000e+01   4.6431838e-01
   1.9690000e+01   4.6417359e-01
   1.9700000e+01   4.6338785e-01
   1.9710000e+01   4.6274864e-01
   1.9720000e+01   4.6376309e-01
   1.9730000e+01   4.6422130e-01
   1.9740000e+01   4.6451841e-01
   1.9750000e+01   4.6396474e-01
   1.9760000e+01   4.6425752e-01
   1.9770000e+01   4.6271872e-01
   1.9780000e+01   4.6368705e-01
   1.9790000e+01   4.6340547e-01
   1.9800000e+01   4.6072689e-01
   1.9810000e+01   4.6039554e-01
   1.9820000e+01   4.6008372e-01
   1.9830000e+01   4.5995852e-01
   1.9840000e+01   4.5968563e-01
   1.9850000e+01   4.5717765e-01
   1.9860000e+01   4.5842060e-01
   1.9870000e+01   4.5583004e-01
   1.9880000e+01   4.5754930e-01
   1.9890000e+01   4.5713700e-01
   1.9900000e+01   4.5543454e-01
   1.9910000e+01   4.5404839e-01
   1.9920000e+01   4.5531064e-01
   1.9930000e+01   4.5269859e-01
   1.9940000e+01   4.5173030e-01
   1.9950000e+01   4.5160854e-01
   1.9960000e+01   4.5129182e-01
   1.9970000e+01   4.5117731e-01
   1.9980000e+01   4.5237949e-01
   1.9990000e+01   4.5291649e-01
   2.0000000e+01   4.5197671e-01
   2.0010000e+01   4.5501183e-01
   2.0020000e+01   4.5178225e-01
   2.0030000e+01   4.5419121e-01
   2.0040000e+01   4.5170186e-01
   2.0050000e+01   4.5501883e-01
   2.0060000e+01   4.5550679e-01
   2.0070000e+01   4.5250151e-01
   2.0080000e+01   4.5359027e-01
   2.0090000e+01   4.5318493e-01
   2.0100000e+01   4.5389550e-01
   2.0110000e+01   4.5069009e-01
   2.0120000e+01   4.4984790e-01
   2.0130000e+01   4.4829847e-01
   2.0140000e+01   4.5053900e-01
   2.0150000e+01   4.4867314e-01
   2.0160000e+01   4.4915702e-01
   2.0170000e+01   4.4762272e-01
   2.0180000e+01   4.4827769e-01
   2.0190000e+01   4.5013252e-01
   2.0200000e+01   4.5064859e-01
   2.0210000e+01   4.4999870e-01
   2.0220000e+01   4.4993278e-01
   2.0230000e+01   4.5082683e-01
   2.0240000e+01   4.4878122e-01
   2.0250000e+01   4.5141585e-01
   2.0260000e+01   4.5168146e-01
   2.0270000e+01   4.4982939e-01
   2.0280000e+01   4.5138505e-01
   2.0290000e+01   4.5117895e-01
   2.0300000e+01   4.4943379e-01
   2.0310000e+01   4.5111775e-01
   2.0320000e+01   4.5131348e-01
   2.0330000e+01   4.5039746e-01
   2.0340000e+01   4.4818682e-01
   2.0350000e+01   4.4857682e-01
   2.0360000e+01   4.4796405e-01
   2.0370000e+01   4.4630857e-01
   2.0380000e+01   4.4591175e-01
   2.0390000e+01   4.4552728e-01
   2.0400000e+01   4.4478673e-01
   2.0410000e+01   4.4386975e-01
   2.0420000e+01   4.3971363e-01
   2.0430000e+01   4.4405868e-01
   2.0440000e+01   4.4251870e-01
   2.0450000e+01   4.4592432e-01
   2.0460000e+01   4.4607398e-01
   2.0470000e+01   4.4470271e-01
   2.0480000e+01   4.4634066e-01
   2.0490000e+01   4.4528898e-01
   2.0500000e+01   4.4641943e-01
   2.0510000e+01   4.4511458e-01
   2.0520000e+01   4.4567707e-01
   2.0530000e+01   4.4631270e-01
   2.0540000e+01   4.4518585e-01
   2.0550000e+01   4.4466322e-01
   2.0560000e+01   4.4612464e-01
   2.0570000e+01   4.4610216e-01
   2.0580000e+01   4.4397547e-01
   2.0590000e+01   4.4301798e-01
   2.0600000e+01   4.4355557e-01
   2.0610000e+01   4.4388861e-01
   2.0620000e+01   4.4404815e-01
   2.0630000e+01   4.4340602e-01
   2.0640000e+01   4.3996651e-01
   2.0650000e+01   4.4337248e-01
   2.0660000e+01   4.4063077e-01
   2.0670000e+01   4.3979022e-01
   2.0680000e+01   4.4061173e-01
   2.0690000e+01   4.3680524e-01
   2.0700000e+01   4.4039269e-01
   2.0710000e+01   4.3746888e-01
   2.0720000e+01   4.3866193e-01
   2.0730000e+01   4.3942050e-01
   2.0740000e+01   4.4193121e-01
   2.0750000e+01   4.4149103e-01
   2.0760000e+01   4.3883712e-01
   2.0770000e+01   4.3994917e-01
   2.0780000e+01   4.3698317e-01
   2.0790000e+01   4.4057755e-01
   2.0800000e+01   4.3941459e-01
   2.0810000e+01   4.3759189e-01
   2.0820000e+01   4.4079856e-01
   2.0830000e+01   4.3692417e-01
   2.0840000e+01   4.3732789e-01
   2.0850000e+01   4.3559869e-01
   2.0860000e+01   4.3773429e-01
   2.0870000e+01   4.3683998e-01
   2.0880000e+01   4.3542562e-01
   2.0890000e+01   4.3621920e-01
   2.0900000e+01   4.3473785e-01
   2.0910000e+01   4.3455789e-01
   2.0920000e+01   4.3549573e-01
   2.0930000e+01   4.3352364e-01
   2.0940000e+01   4.3529774e-01
   2.0950000e+01   4.3515517e-01
   2.0960000e+01   4.3352020e-01
   2.0970000e+01   4.3510692e-01
   2.0980000e+01   4.3272237e-01
   2.0990000e+01   4.3288558e-01
   2.1000000e+01   4.3324035e-01
   2.1010000e+01   4.3304224e-01
   2.1020000e+01   4.3054094e-01
   2.1030000e+01   4.2888091e-01
   2.1040000e+01   4.2932482e-01
   2.1050000e+01   4.2968843e-01
   2.1060000e+01   4.2956463e-01
   2.1070000e+01   4.3147557e-01
   2.1080000e+01   4.2992681e-01
   2.1090000e+01   4.2679834e-01
   2.1100000e+01   4.2603476e-01
   2.1110000e+01   4.2635213e-01
   2.1120000e+01   4.2652104e-01
   2.1130000e+01   4.2470716e-01
   2.1140000e+01   4.2502324e-01
   2.1150000e+01   4.2395612e-01
   2.1160000e+01   4.2287233e-01
   2.1170000e+01   4.2549998e-01
   2.1180000e+01   4.2548920e-01
   2.1190000e+01   4.2525490e-01
   2.1200000e+01   4.2572216e-01
   2.1210000e+01   4.2643761e-01
   2.1220000e+01   4.2479620e-01
   2.1230000e+01   4.2431948e-01
   2.1240000e+01   4.2575799e-01
   2.1250000e+01   4.2561504e-01
   2.1260000e+01   4.2349987e-01
   2.1270000e+01   4.2456592e-01
   2.1280000e+01   4.2640834e-01
   2.1290000e+01   4.2548086e-01
   2.1300000e+01   4.2619098e-01
   2.1310000e+01   4.2649277e-01
   2.1320000e+01   4.2611145e-01
   2.1330000e+01   4.2332865e-01
   2.1340000e+01   4.2664961e-01
   2.1350000e+01   4.2368147e-01
   2.1360000e+01   4.2625669e-01
   2.1370000e+01   4.2650826e-01
   2.1380000e+01   4.2457158e-01
   2.1390000e+01   4.2331860e-01
   2.1400000e+01   4.2535948e-01
   2.1410000e+01   4.2434897e-01
   2.1420000e+01   4.2082533e-01
   2.1430000e+01   4.2155475e-01
   2.1440000e+01   4.1969031e-01
   2.1450000e+01   4.1942211e-01
   2.1460000e+01   4.2102655e-01
   2.1470000e+01   4.2002887e-01
   2.1480000e+01   4.1961376e-01
   2.1490000e+01   4.1524069e-01
   2.1500000e+01   4.1525067e-01
   2.1510000e+01   4.1583102e-01
   2.1520000e+01   4.1283264e-01
   2.1530000e+01   4.1448955e-01
   2.1540000e+01   4.1586581e-01
   2.1550000e+01   4.1453307e-01
   2.1560000e+01   4.1453118e-01
   2.1570000e+01   4.1414426e-01
   2.1580000e+01   4.1706071e-01
   2.1590000e+01   4.1457523e-01
   2.1600000e+01   4.1393618e-01
   2.1610000e+01   4.1718028e-01
   2.1620000e+01   4.1635286e-01
   2.1630000e+01   4.1781669e-01
   2.1640000e+01   4.1689239e-01
   2.1650000e+01   4.1818882e-01
   2.1660000e+01   4.1734742e-01
   2.1670000e+01   4.1895600e-01
   2.1680000e+01   4.1802824e-01
   2.1690000e+01   4.1731521e-01
   2.1700000e+01   4.1843770e-01
   2.1710000e+01   4.1771713e-01
   2.1720000e+01   4.1586798e-01
   2.1730000e+01   4.1556866e-01
   2.1740000e+01   4.1364804e-01
   2.1750000e+01   4.1681596e-01
   2.1760000e+01   4.1555737e-01
   2.1770000e+01   4.1678152e-01
   2.1780000e+01   4.1568260e-01
   2.1790000e+01   4.1424455e-01
   2.1800000e+01   4.1400682e-01
   2.1810000e+01   4.1342609e-01
   2.1820000e+01   4.1149488e-01
   2.1830000e+01   4.1020633e-01
   2.1840000e+01   4.1276200e-01
   2.1850000e+01   4.1036055e-01
   2.1860000e+01   4.0844992e-01
   2.1870000e+01   4.0944332e-01
   2.1880000e+01   4.0988299e-01
   2.1890000e+01   4.0776706e-01
   2.1900000e+01   4.0724316e-01
   2.1910000e+01   4.0694425e-01
   2.1920000e+01   4.0478004e-01
   2.1930000e+01   4.0760172e-01
   2.1940000e+01   4.0617994e-01
   2.1950000e+01   4.0534062e-01
   2.1960000e+01   4.0741507e-01
   2.1970000e+01   4.0621656e-01
   2.1980000e+01   4.0763100e-01
   2.1990000e+01   4.0853325e-01
   2.2000000e+01   4.0973331e-01
   2.2010000e+01   4.0844959e-01
   2.2020000e+01   4.1140654e-01
   2.2030000e+01   4.0795039e-01
   2.2040000e+01   4.1028189e-01
   2.2050000e+01   4.0834785e-01
   2.2060000e+01   4.1171349e-01
   2.2070000e+01   4.0983358e-01
   2.2080000e+01   4.0998088e-01
   2.2090000e+01   4.1094206e-01
   2.2100000e+01   4.0907840e-01
   2.2110000e+01   4.0903577e-01
   2.2120000e+01   4.0752239e-01
   2.2130000e+01   4.0765014e-01
   2.2140000e+01   4.0774795e-01
   2.2150000e+01   4.0847981e-01
   2.2160000e+01   4.0724747e-01
   2.2170000e+01   4.0539385e-01
   2.2180000e+01   4.0372617e-01
   2.2190000e+01   4.0205852e-01
   2.2200000e+01   4.0026704e-01
   2.2210000e+01   4.0183075e-01
   2.2220000e+01   4.0148419e-01
   2.2230000e+01   3.9847445e-01
   2.2240000e+01   3.9806379e-01
   2.2250000e+01   3.9790250e-01
   2.2260000e+01   3.9762433e-01
   2.2270000e+01   3.9447879e-01
   2.2280000e+01   3.9396477e-01
   2.2290000e+01   3.9258256e-01
   2.2300000e+01   3.9381642e-01
   2.2310000e+01   3.9325013e-01
   2.2320000e+01   3.9437685e-01
   2.2330000e+01   3.9468219e-01
   2.2340000e+01   3.9497913e-01
   2.2350000e+01   3.9408579e-01
   2.2360000e+01   3.9146285e-01
   2.2370000e+01   3.9300484e-01
   2.2380000e+01   3.9234022e-01
   2.2390000e+01   3.9084439e-01
   2.2400000e+01   3.8862897e-01
   2.2410000e+01   3.9110544e-01
   2.2420000e+01   3.9067242e-01
   2.2430000e+01   3.8999574e-01
   2.2440000e+01   3.8966476e-01
   2.2450000e+01   3.9219607e-01
   2.2460000e+01   3.9139319e-01
   2.2470000e+01   3.9019127e-01
   2.2480000e+01   3.9078723e-01
   2.2490000e+01   3.9044532e-01
   2.2500000e+01   3.9049268e-01
   2.2510000e+01   3.9046792e-01
   2.2520000e+01   3.9248737e-01
   2.2530000e+01   3.9081915e-01
   2.2540000e+01   3.8923770e-01
   2.2550000e+01   3.8977246e-01
   2.2560000e+01   3.8778814e-01
   2.2570000e+01   3.8864854e-01
   2.2580000e+01   3.9093284e-01
   2.2590000e+01   3.8943275e-01
   2.2600000e+01   3.9060611e-01
   2.2610000e+01   3.8874052e-01
   2.2620000e+01   3.8708830e-01
   2.2630000e+01   3.8688889e-01
   2.2640000e+01   3.8597483e-01
   2.2650000e+01   3.8651827e-01
   2.2660000e+01   3.8720253e-01
   2.2670000e+01   3.8533191e-01
   2.2680000e+01   3.8599408e-01
   2.2690000e+01   3.8490222e-01
   2.2700000e+01   3.8433884e-01
   2.2710000e+01   3.8297470e-01
   2.2720000e+01   3.8461836e-01
   2.2730000e+01   3.8538054e-01
   2.2740000e+01   3.8347211e-01
   2.2750000e+01   3.8251954e-01
   2.2760000e+01   3.8056244e-01
   2.2770000e+01   3.8244695e-01
   2.2780000e+01   3.8000187e-01
   2.2790000e+01   3.8310112e-01
   2.2800000e+01   3.7963332e-01
   2.2810000e+01   3.8084061e-01
   2.2820000e+01   3.8030197e-01
   2.2830000e+01   3.8025416e-01
   2.2840000e+01   3.7919653e-01
   2.2850000e+01   3.7963697e-01
   2.2860000e+01   3.7892907e-01
   2.2870000e+01   3.8044914e-01
   2.2880000e+01   3.7700696e-01
   2.2890000e+01   3.7853449e-01
   2.2900000e+01   3.7526725e-01
   2.2910000e+01   3.7895546e-01
   2.2920000e+01   3.7869095e-01
   2.2930000e+01   3.7836874e-01
   2.2940000e+01   3.7738599e-01
   2.2950000e+01   3.7656265e-01
   2.2960000e+01   3.7775684e-01
   2.2970000e+01   3.7651286e-01
   2.2980000e+01   3.7628275e-01
   2.2990000e+01   3.7787875e-01
   2.3000000e+01   3.7519528e-01
   2.3010000e+01   3.7560138e-01
   2.3020000e+01   3.7591237e-01
   2.3030000e+01   3.7406076e-01
   2.3040000e+01   3.7402892e-01
   2.3050000e+01   3.7167696e-01
   2.3060000e+01   3.7259076e-01
   2.3070000e+01   3.7380518e-01
   2.3080000e+01   3.7256842e-01
   2.3090000e+01   3.7309481e-01
   2.3100000e+01   3.7111400e-01
   2.3110000e+01   3.7256515e-01
   2.3120000e+01   3.7085954e-01
   2.3130000e+01   3.7095241e-01
   2.3140000e+01   3.6944106e-01
   2.3150000e+01   3.6932244e-01
   2.3160000e+01   3.6962869e-01
   2.3170000e+01   3.6752976e-01
   2.3180000e+01   3.6762189e-01
   2.3190000e+01   3.6810203e-01
   2.3200000e+01   3.6836076e-01
   2.3210000e+01   3.6857798e-01
   2.3220000e+01   3.6724931e-01
   2.3230000e+01   3.6706538e-01
   2.3240000e+01   3.6464626e-01
   2.3250000e+01   3.6539335e-01
   2.3260000e+01   3.6264126e-01
   2.3270000e+01   3.6382456e-01
   2.3280000e+01   3.6361101e-01
   2.3290000e+01   3.6352600e-01
   2.3300000e+01   3.6306524e-01
   2.3310000e+01   3.6202143e-01
   2.3320000e+01   3.6006850e-01
   2.3330000e+01   3.6124305e-01
   2.3340000e+01   3.6329460e-01
   2.3350000e+01   3.6150610e-01
   2.3360000e+01   3.6058697e-01
   2.3370000e+01   3.6215289e-01
   2.3380000e+01   3.6176762e-01
   2.3390000e+01   3.5777894e-01
   2.3400000e+01   3.5978391e-01
   2.3410000e+01   3.6188963e-01
   2.3420000e+01   3.5865484e-01
   2.3430000e+01   3.5909586e-01
   2.3440000e+01   3.5778606e-01
   2.3450000e+01   3.5507739e-01
   2.3460000e+01   3.5748535e-01
   2.3470000e+01   3.5693541e-01
   2.3480000e+01   3.5686120e-01
   2.3490000e+01   3.5603703e-01
   2.3500000e+01   3.5697014e-01
   2.3510000e+01   3.5758038e-01
   2.3520000e+01   3.5829618e-01
   2.3530000e+01   3.5667661e-01
   2.3540000e+01   3.5695745e-01
   2.3550000e+01   3.5685184e-01
   2.3560000e+01   3.5800865e-01
   2.3570000e+01   3.5636802e-01
   2.3580000e+01   3.5522392e-01
   2.3590000e+01   3.5369112e-01
   2.3600000e+01   3.5483492e-01
   2.3610000e+01   3.5411050e-01
   2.3620000e+01   3.5253404e-01
   2.3630000e+01   3.5351921e-01
   2.3640000e+01   3.5173507e-01
   2.3650000e+01   3.5199372e-01
   2.3660000e+01   3.5217315e-01
   2.3670000e+01   3.5117441e-01
   2.3680000e+01   3.5152990e-01
   2.3690000e+01   3.5068246e-01
   2.3700000e+01   3.5011690e-01
   2.3710000e+01   3.4822771e-01
   2.3720000e+01   3.4925835e-01
   2.3730000e+01   3.4717981e-01
   2.3740000e+01   3.4733650e-01
   2.3750000e+01   3.4926152e-01
   2.3760000e+01   3.4773682e-01
   2.3770000e+01   3.4574937e-01
   2.3780000e+01   3.4685445e-01
   2.3790000e+01   3.4446729e-01
   2.3800000e+01   3.4520459e-01
   2.3810000e+01   3.4571217e-01
   2.3820000e+01   3.4406073e-01
   2.3830000e+01   3.4327286e-01
   2.3840000e+01   3.4538817e-01
   2.3850000e+01   3.4150515e-01
   2.3860000e+01   3.4311177e-01
   2.3870000e+01   3.4180546e-01
   2.3880000e+01   3.4100934e-01
   2.3890000e+01   3.4256148e-01
   2.3900000e+01   3.4248114e-01
   2.3910000e+01   3.3907543e-01
   2.3920000e+01   3.3881531e-01
   2.3930000e+01   3.3887487e-01
   2.3940000e+01   3.3829924e-01
   2.3950000e+01   3.3996105e-01
   2.3960000e+01   3.3985033e-01
   2.3970000e+01   3.3876559e-01
   2.3980000e+01   3.3916464e-01
   2.3990000e+01   3.3842933e-01
   2.4000000e+01   3.3938125e-01
   2.4010000e+01   3.3706024e-01
   2.4020000e+01   3.3791970e-01
   2.4030000e+01   3.3646908e-01
   2.4040000e+01   3.3588479e-01
   2.4050000e+01   3.3456976e-01
   2.4060000e+01   3.3415897e-01
   2.4070000e+01   3.3513783e-01
   2.4080000e+01   3.3396258e-01
   2.4090000e+01   3.3491015e-01
   2.4100000e+01   3.3461091e-01
   2.4110000e+01   3.3336790e-01
   2.4120000e+01   3.3475260e-01
   2.4130000e+01   3.3499802e-01
   2.4140000e+01   3.3240024e-01
   2.4150000e+01   3.3103024e-01
   2.4160000e+01   3.3187491e-01
   2.4170000e+01   3.3471736e-01
   2.4180000e+01   3.3277056e-01
   2.4190000e+01   3.3211530e-01
   2.4200000e+01   3.3149545e-01
   2.4210000e+01   3.3094971e-01
   2.4220000e+01   3.3268443e-01
   2.4230000e+01   3.3029167e-01
   2.4240000e+01   3.3192816e-01
   2.4250000e+01   3.3122136e-01
   2.4260000e+01   3.3158920e-01
   2.4270000e+01   3.3105301e-01
   2.4280000e+01   3.3018917e-01
   2.4290000e+01   3.2808188e-01
   2.4300000e+01   3.2992156e-01
   2.4310000e+01   3.2850017e-01
   2.4320000e+01   3.2793491e-01
   2.4330000e+01   3.2767712e-01
   2.4340000e+01   3.2554290e-01
   2.4350000e+01   3.2650001e-01
   2.4360000e+01   3.2796028e-01
   2.4370000e+01   3.2759465e-01
   2.4380000e+01   3.2408713e-01
   2.4390000e+01   3.2415386e-01
   2.4400000e+01   3.2471084e-01
   2.4410000e+01   3.2470687e-01
   2.4420000e+01   3.2341015e-01
   2.4430000e+01   3.2250033e-01
   2.4440000e+01   3.2073283e-01
   2.4450000e+01   3.2046507e-01
   2.4460000e+01   3.2304814e-01
   2.4470000e+01   3.2116389e-01
   2.4480000e+01   3.1969160e-01
   2.4490000e+01   3.2113282e-01
   2.4500000e+01   3.1857835e-01
   2.4510000e+01   3.2024205e-01
   2.4520000e+01   3.1947347e-01
   2.4530000e+01   3.2121108e-01
   2.4540000e+01   3.2071514e-01
   2.4550000e+01   3.2018757e-01
   2.4560000e+01   3.2125406e-01
   2.4570000e+01   3.1906114e-01
   2.4580000e+01   3.1989394e-01
   2.4590000e+01   3.1706235e-01
   2.4600000e+01   3.1942908e-01
   2.4610000e+01   3.1948936e-01
   2.4620000e+01   3.1666232e-01
   2.4630000e+01   3.1351671e-01
   2.4640000e+01   3.1801764e-01
   2.4650000e+01   3.1431520e-01
   2.4660000e+01   3.1441324e-01
   2.4670000e+01   3.1460586e-01
   2.4680000e+01   3.1438106e-01
   2.4690000e+01   3.1369698e-01
   2.4700000e+01   3.1457217e-01
   2.4710000e+01   3.1469624e-01
   2.4720000e+01   3.1271784e-01
   2.4730000e+01   3.1429363e-01
   2.4740000e+01   3.1341588e-01
   2.4750000e+01   3.1423477e-01
   2.4760000e+01   3.1292911e-01
   2.4770000e+01   3.1385333e-01
   2.4780000e+01   3.1368405e-01
   2.4790000e+01   3.1265612e-01
   2.4800000e+01   3.1346671e-01
   2.4810000e+01   3.1353516e-01
   2.4820000e+01   3.1190944e-01
   2.4830000e+01   3.1071430e-01
   2.4840000e+01   3.0921727e-01
   2.4850000e+01   3.0903165e-01
   2.4860000e+01   3.0960709e-01
   2.4870000e+01   3.0789775e-01
   2.4880000e+01   3.1019981e-01
   2.4890000e+01   3.0837662e-01
   2.4900000e+01   3.0846730e-01
   2.4910000e+01   3.0544616e-01
   2.4920000e+01   3.0526863e-01
   2.4930000e+01   3.0397720e-01
   2.4940000e+01   3.0484450e-01
   2.4950000e+01   3.0302908e-01
   2.4960000e+01   3.0033917e-01
   2.4970000e+01   3.0226010e-01
   2.4980000e+01   3.0087892e-01
   2.4990000e+01   2.9903438e-01
   2.5000000e+01   3.0013522e-01
   2.5010000e+01   2.9972691e-01
   2.5020000e+01   2.9913358e-01
   2.5030000e+01   2.9997817e-01
   2.5040000e+01   2.9797775e-01
   2.5050000e+01   2.9740174e-01
   2.5060000e+01   2.9758922e-01
   2.5070000e+01   2.9571213e-01
   2.5080000e+01   2.9522559e-01
   2.5090000e+01   2.9684060e-01
   2.5100000e+01   2.9391148e-01
   2.5110000e+01   2.9451694e-01
   2.5120000e+01   2.9227634e-01
   2.5130000e+01   2.9567495e-01
   2.5140000e+01   2.9173994e-01
   2.5150000e+01   2.9287947e-01
   2.5160000e+01   2.9319196e-01
   2.5170000e+01   2.9273433e-01
   2.5180000e+01   2.9061773e-01
   2.5190000e+01   2.9358433e-01
   2.5200000e+01   2.9178672e-01
   2.5210000e+01   2.9293556e-01
   2.5220000e+01   2.9616743e-01
   2.5230000e+01   2.9446396e-01
   2.5240000e+01   2.9526371e-01
   2.5250000e+01   2.9446882e-01
   2.5260000e+01   2.9477000e-01
   2.5270000e+01   2.9157747e-01
   2.5280000e+01   2.9373695e-01
   2.5290000e+01   2.9438812e-01
   2.5300000e+01   2.9368550e-01
   2.5310000e+01   2.9290395e-01
   2.5320000e+01   2.9202962e-01
   2.5330000e+01   2.9065671e-01
   2.5340000e+01   2.9053423e-01
   2.5350000e+01   2.9038221e-01
   2.5360000e+01   2.9010000e-01
   2.5370000e+01   2.8865447e-01
   2.5380000e+01   2.8887655e-01
   2.5390000e+01   2.8622804e-01
   2.5400000e+01   2.8562070e-01
   2.5410000e+01   2.8551502e-01
   2.5420000e+01   2.8414885e-01
   2.5430000e+01   2.8474752e-01
   2.5440000e+01   2.8291571e-01
   2.5450000e+01   2.8171558e-01
   2.5460000e+01   2.7943808e-01
   2.5470000e+01   2.8101037e-01
   2.5480000e+01   2.7724890e-01
   2.5490000e+01   2.7965109e-01
   2.5500000e+01   2.7899857e-01
   2.5510000e+01   2.7992247e-01
   2.5520000e+01   2.7840457e-01
   2.5530000e+01   2.8123498e-01
   2.5540000e+01   2.7711016e-01
   2.5550000e+01   2.8026158e-01
   2.5560000e+01   2.7769090e-01
   2.5570000e+01   2.7832620e-01
   2.5580000e+01   2.7769442e-01
   2.5590000e+01   2.7447353e-01
   2.5600000e+01   2.7791777e-01
   2.5610000e+01   2.7666090e-01
   2.5620000e+01   2.7412560e-01
   2.5630000e+01   2.7517905e-01
   2.5640000e+01   2.7516224e-01
   2.5650000e+01   2.7245368e-01
   2.5660000e+01   2.7111048e-01
   2.5670000e+01   2.7078634e-01
   2.5680000e+01   2.7000272e-01
   2.5690000e+01   2.6826167e-01
   2.5700000e+01   2.6656438e-01
   2.5710000e+01   2.6644989e-01
   2.5720000e+01   2.6641825e-01
   2.5730000e+01   2.6526273e-01
   2.5740000e+01   2.6535073e-01
   2.5750000e+01   2.6485226e-01
   2.5760000e+01   2.6375913e-01
   2.5770000e+01   2.6534033e-01
   2.5780000e+01   2.6404981e-01
   2.5790000e+01   2.6410045e-01
   2.5800000e+01   2.6433212e-01
   2.5810000e+01   2.6492015e-01
   2.5820000e+01   2.6501135e-01
   2.5830000e+01   2.6464578e-01
   2.5840000e+01   2.6792832e-01
   2.5850000e+01   2.6721162e-01
   2.5860000e+01   2.6699698e-01
   2.5870000e+01   2.6738593e-01
   2.5880000e+01   2.6596076e-01
   2.5890000e+01   2.6720824e-01
   2.5900000e+01   2.6845047e-01
   2.5910000e+01   2.6806309e-01
   2.5920000e+01   2.6808264e-01
   2.5930000e+01   2.6584098e-01
   2.5940000e+01   2.6678270e-01
   2.5950000e+01   2.6630781e-01
   2.5960000e+01   2.6428780e-01
   2.5970000e+01   2.6614676e-01
   2.5980000e+01   2.6316321e-01
   2.5990000e+01   2.6240836e-01
   2.6000000e+01   2.6108676e-01
   2.6010000e+01   2.6077886e-01
   2.6020000e+01   2.5985084e-01
   2.6030000e+01   2.6035986e-01
   2.6040000e+01   2.6051648e-01
   2.6050000e+01   2.5872543e-01
   2.6060000e+01   2.5929360e-01
   2.6070000e+01   2.5820577e-01
   2.6080000e+01   2.5738466e-01
   2.6090000e+01   2.5654694e-01
   2.6100000e+01   2.5612081e-01
   2.6110000e+01   2.5407628e-01
   2.6120000e+01   2.5415671e-01
   2.6130000e+01   2.5263665e-01
   2.6140000e+01   2.5396866e-01
   2.6150000e+01   2.5296605e-01
   2.6160000e+01   2.5134933e-01
   2.6170000e+01   2.4899401e-01
   2.6180000e+01   2.5074502e-01
   2.6190000e+01   2.4927933e-01
   2.6200000e+01   2.5103182e-01
   2.6210000e+01   2.4847312e-01
   2.6220000e+01   2.4844448e-01
   2.6230000e+01   2.4961049e-01
   2.6240000e+01   2.4692676e-01
   2.6250000e+01   2.4829602e-01
   2.6260000e+01   2.4954813e-01
   2.6270000e+01   2.4945549e-01
   2.6280000e+01   2.4626485e-01
   2.6290000e+01   2.4813406e-01
   2.6300000e+01   2.4843447e-01
   2.6310000e+01   2.4259862e-01
   2.6320000e+01   2.4459240e-01
   2.6330000e+01   2.4320837e-01
   2.6340000e+01   2.4212951e-01
   2.6350000e+01   2.4020737e-01
   2.6360000e+01   2.3628179e-01
   2.6370000e+01   2.3548157e-01
   2.6380000e+01   2.3682629e-01
   2.6390000e+01   2.3622415e-01
   2.6400000e+01   2.3423489e-01
   2.6410000e+01   2.3571837e-01
   2.6420000e+01   2.3429958e-01
   2.6430000e+01   2.3264729e-01
   2.6440000e+01   2.3482194e-01
   2.6450000e+01   2.3489817e-01
   2.6460000e+01   2.3687297e-01
   2.6470000e+01   2.3684181e-01
   2.6480000e+01   2.3668115e-01
   2.6490000e+01   2.3677888e-01
   2.6500000e+01   2.3870209e-01
   2.6510000e+01   2.3956945e-01
   2.6520000e+01   2.3575434e-01
   2.6530000e+01   2.3885492e-01
   2.6540000e+01   2.3898781e-01
   2.6550000e+01   2.3692014e-01
   2.6560000e+01   2.3855932e-01
   2.6570000e+01   2.3797059e-01
   2.6580000e+01   2.3840221e-01
   2.6590000e+01   2.3646513e-01
   2.6600000e+01   2.3590297e-01
   2.6610000e+01   2.3372782e-01
   2.6620000e+01   2.3282330e-01
   2.6630000e+01   2.3279698e-01
   2.6640000e+01   2.3367716e-01
   2.6650000e+01   2.3189032e-01
   2.6660000e+01   2.2956463e-01
   2.6670000e+01   2.3163175e-01
   2.6680000e+01   2.2962683e-01
   2.6690000e+01   2.2952061e-01
   2.6700000e+01   2.2874096e-01
   2.6710000e+01   2.2801633e-01
   2.6720000e+01   2.2903586e-01
   2.6730000e+01   2.2490885e-01
   2.6740000e+01   2.2794300e-01
   2.6750000e+01   2.2862156e-01
   2.6760000e+01   2.2659899e-01
   2.6770000e+01   2.2648053e-01
   2.6780000e+01   2.2503746e-01
   2.6790000e+01   2.2325544e-01
   2.6800000e+01   2.2208926e-01
   2.6810000e+01   2.2321209e-01
   2.6820000e+01   2.2257796e-01
   2.6830000e+01   2.2403494e-01
   2.6840000e+01   2.2388970e-01
   2.6850000e+01   2.2669557e-01
   2.6860000e+01   2.2599463e-01
   2.6870000e+01   2.2235329e-01
   2.6880000e+01   2.2369730e-01
   2.6890000e+01   2.2272446e-01
   2.6900000e+01   2.2197488e-01
   2.6910000e+01   2.2140914e-01
   2.6920000e+01   2.1940211e-01
   2.6930000e+01   2.1588585e-01
   2.6940000e+01   2.1515027e-01
   2.6950000e+01   2.1674734e-01
   2.6960000e+01   2.1619452e-01
   2.6970000e+01   2.1476599e-01
   2.6980000e+01   2.1484261e-01
   2.6990000e+01   2.1478817e-01
   2.7000000e+01   2.1340984e-01
   2.7010000e+01   2.1481314e-01
   2.7020000e+01   2.1432872e-01
   2.7030000e+01   2.1333532e-01
   2.7040000e+01   2.0947662e-01
   2.7050000e+01   2.1262950e-01
   2.7060000e+01   2.1109408e-01
   2.7070000e+01   2.1033691e-01
   2.7080000e+01   2.1114655e-01
   2.7090000e+01   2.0981922e-01
   2.7100000e+01   2.0961448e-01
   2.7110000e+01   2.1000441e-01
   2.7120000e+01   2.1028784e-01
   2.7130000e+01   2.0822786e-01
   2.7140000e+01   2.0951607e-01
   2.7150000e+01   2.0552257e-01
   2.7160000e+01   2.0876245e-01
   2.7170000e+01   2.0856958e-01
   2.7180000e+01   2.0616487e-01
   2.7190000e+01   2.0526730e-01
   2.7200000e+01   2.0720639e-01
   2.7210000e+01   2.0514750e-01
   2.7220000e+01   2.0446874e-01
   2.7230000e+01   2.0312678e-01
   2.7240000e+01   2.0561707e-01
   2.7250000e+01   2.0529620e-01
   2.7260000e+01   2.0537006e-01
   2.7270000e+01   2.0459228e-01
   2.7280000e+01   2.0528874e-01
   2.7290000e+01   2.0539370e-01
   2.7300000e+01   2.0513677e-01
   2.7310000e+01   2.0571567e-01
   2.7320000e+01   2.0629773e-01
   2.7330000e+01   2.0477763e-01
   2.7340000e+01   2.0524937e-01
   2.7350000e+01   2.0456801e-01
   2.7360000e+01   2.0277068e-01
   2.7370000e+01   2.0142600e-01
   2.7380000e+01   2.0118712e-01
   2.7390000e+01   2.0050009e-01
   2.7400000e+01   1.9773100e-01
   2.7410000e+01   1.9581890e-01
   2.7420000e+01   1.9644103e-01
   2.7430000e+01   1.9537327e-01
   2.7440000e+01   1.9416151e-01
   2.7450000e+01   1.9199266e-01
   2.7460000e+01   1.9120316e-01
   2.7470000e+01   1.9115830e-01
   2.7480000e+01   1.8986019e-01
   2.7490000e+01   1.8975206e-01
   2.7500000e+01   1.8827956e-01
   2.7510000e+01   1.8773095e-01
   2.7520000e+01   1.8637352e-01
   2.7530000e+01   1.8717995e-01
   2.7540000e+01   1.8608154e-01
   2.7550000e+01   1.8477081e-01
   2.7560000e+01   1.8505178e-01
   2.7570000e+01   1.8368228e-01
   2.7580000e+01   1.8375417e-01
   2.7590000e+01   1.8356643e-01
   2.7600000e+01   1.8446700e-01
   2.7610000e+01   1.8287697e-01
   2.7620000e+01   1.8238734e-01
   2.7630000e+01   1.8304007e-01
   2.7640000e+01   1.8338289e-01
   2.7650000e+01   1.8550534e-01
   2.7660000e+01   1.8458040e-01
   2.7670000e+01   1.8458526e-01
   2.7680000e+01   1.8747707e-01
   2.7690000e+01   1.9022412e-01
   2.7700000e+01   1.8880847e-01
   2.7710000e+01   1.9059220e-01
   2.7720000e+01   1.8690433e-01
   2.7730000e+01   1.8720056e-01
   2.7740000e+01   1.8597084e-01
   2.7750000e+01   1.8722319e-01
   2.7760000e+01   1.8609463e-01
   2.7770000e+01   1.8441496e-01
   2.7780000e+01   1.8413309e-01
   2.7790000e+01   1.8488743e-01
   2.7800000e+01   1.8158032e-01
   2.7810000e+01   1.7874173e-01
   2.7820000e+01   1.7761713e-01
   2.7830000e+01   1.7652863e-01
   2.7840000e+01   1.7385379e-01
   2.7850000e+01   1.7361569e-01
   2.7860000e+01   1.7344430e-01
   2.7870000e+01   1.7091389e-01
   2.7880000e+01   1.7437238e-01
   2.7890000e+01   1.7447788e-01
   2.7900000e+01   1.7257006e-01
   2.7910000e+01   1.7195351e-01
   2.7920000e+01   1.7296456e-01
   2.7930000e+01   1.6972290e-01
   2.7940000e+01   1.6811854e-01
   2.7950000e+01   1.6961398e-01
   2.7960000e+01   1.6898959e-01
   2.7970000e+01   1.6921942e-01
   2.7980000e+01   1.6871379e-01
   2.7990000e+01   1.6718465e-01
   2.8000000e+01   1.6653569e-01
   2.8010000e+01   1.6788540e-01
   2.8020000e+01   1.6650575e-01
   2.8030000e+01   1.6795159e-01
   2.8040000e+01   1.6746145e-01
   2.8050000e+01   1.6700135e-01
   2.8060000e+01   1.6830059e-01
   2.8070000e+01   1.6747906e-01
   2.8080000e+01   1.6622688e-01
   2.8090000e+01   1.6899954e-01
   2.8100000e+01   1.6886627e-01
   2.8110000e+01   1.6967701e-01
   2.8120000e+01   1.6724730e-01
   2.8130000e+01   1.6850211e-01
   2.8140000e+01   1.6754420e-01
   2.8150000e+01   1.6744285e-01
   2.8160000e+01   1.6634219e-01
   2.8170000e+01   1.6740263e-01
   2.8180000e+01   1.6664959e-01
   2.8190000e+01   1.6613165e-01
   2.8200000e+01   1.6627718e-01
   2.8210000e+01   1.6315135e-01
   2.8220000e+01   1.6360813e-01
   2.8230000e+01   1.6088880e-01
   2.8240000e+01   1.6153745e-01
   2.8250000e+01   1.5978106e-01
   2.8260000e+01   1.5878734e-01
   2.8270000e+01   1.5808035e-01
   2.8280000e+01   1.5563113e-01
   2.8290000e+01   1.5346858e-01
   2.8300000e+01   1.5337399e-01
   2.8310000e+01   1.5247998e-01
   2.8320000e+01   1.5019865e-01
   2.8330000e+01   1.5207850e-01
   2.8340000e+01   1.5165907e-01
   2.8350000e+01   1.5064822e-01
   2.8360000e+01   1.4916738e-01
   2.8370000e+01   1.5071040e-01
   2.8380000e+01   1.4742336e-01
   2.8390000e+01   1.4825633e-01
   2.8400000e+01   1.4734213e-01
   2.8410000e+01   1.4857700e-01
   2.8420000e+01   1.4838579e-01
   2.8430000e+01   1.4748991e-01
   2.8440000e+01   1.4858666e-01
   2.8450000e+01   1.4739656e-01
   2.8460000e+01   1.4605676e-01
   2.8470000e+01   1.4596483e-01
   2.8480000e+01   1.4399374e-01
   2.8490000e+01   1.4445796e-01
   2.8500000e+01   1.4505403e-01
   2.8510000e+01   1.4391984e-01
   2.8520000e+01   1.4258178e-01
   2.8530000e+01   1.4600820e-01
   2.8540000e+01   1.4259372e-01
   2.8550000e+01   1.4218133e-01
   2.8560000e+01   1.4228809e-01
   2.8570000e+01   1.4477033e-01
   2.8580000e+01   1.4396357e-01
   2.8590000e+01   1.4561899e-01
   2.8600000e+01   1.4410732e-01
   2.8610000e+01   1.4597237e-01
   2.8620000e+01   1.4588336e-01
   2.8630000e+01   1.4356183e-01
   2.8640000e+01   1.4215800e-01
   2.8650000e+01   1.4364857e-01
   2.8660000e+01   1.4088905e-01
   2.8670000e+01   1.4330398e-01
   2.8680000e+01   1.4204206e-01
   2.8690000e+01   1.4267714e-01
   2.8700000e+01   1.4219835e-01
   2.8710000e+01   1.4069178e-01
   2.8720000e+01   1.3791980e-01
   2.8730000e+01   1.3986556e-01
   2.8740000e+01   1.3838881e-01
   2.8750000e+01   1.3873268e-01
   2.8760000e+01   1.3628210e-01
   2.8770000e+01   1.3464074e-01
   2.8780000e+01   1.3494954e-01
   2.8790000e+01   1.3334895e-01
   2.8800000e+01   1.3377463e-01
   2.8810000e+01   1.3244092e-01
   2.8820000e+01   1.3058842e-01
   2.8830000e+01   1.3243229e-01
   2.8840000e+01   1.2889288e-01
   2.8850000e+01   1.2904233e-01
   2.8860000e+01   1.2528844e-01
   2.8870000e+01   1.2729714e-01
   2.8880000e+01   1.2601444e-01
   2.8890000e+01   1.2514957e-01
   2.8900000e+01   1.2637600e-01
   2.8910000e+01   1.2595868e-01
   2.8920000e+01   1.2499316e-01
   2.8930000e+01   1.2478808e-01
   2.8940000e+01   1.2503240e-01
   2.8950000e+01   1.2326809e-01
   2.8960000e+01   1.2422047e-01
   2.8970000e+01   1.2370808e-01
   2.8980000e+01   1.2266966e-01
   2.8990000e+01   1.2298945e-01
   2.9000000e+01   1.2402189e-01
   2.9010000e+01   1.2103143e-01
   2.9020000e+01   1.1997222e-01
   2.9030000e+01   1.1836947e-01
   2.9040000e+01   1.2122162e-01
   2.9050000e+01   1.1956897e-01
   2.9060000e+01   1.1838594e-01
   2.9070000e+01   1.1870382e-01
   2.9080000e+01   1.1666502e-01
   2.9090000e+01   1.1871101e-01
   2.9100000e+01   1.1717238e-01
   2.9110000e+01   1.1685333e-01
   2.9120000e+01   1.1763967e-01
   2.9130000e+01   1.1602534e-01
   2.9140000e+01   1.1413538e-01
   2.9150000e+01   1.1649146e-01
   2.9160000e+01   1.1428062e-01
   2.9170000e+01   1.1465385e-01
   2.9180000e+01   1.1353136e-01
   2.9190000e+01   1.1165544e-01
   2.9200000e+01   1.1377768e-01
   2.9210000e+01   1.1236856e-01
   2.9220000e+01   1.1254167e-01
   2.9230000e+01   1.1249437e-01
   2.9240000e+01   1.1330758e-01
   2.9250000e+01   1.1232091e-01
   2.9260000e+01   1.1005302e-01
   2.9270000e+01   1.1284849e-01
   2.9280000e+01   1.1162732e-01
   2.9290000e+01   1.0879183e-01
   2.9300000e+01   1.1044668e-01
   2.9310000e+01   1.1008170e-01
   2.9320000e+01   1.0728472e-01
   2.9330000e+01   1.0899067e-01
   2.9340000e+01   1.0611803e-01
   2.9350000e+01   1.0597166e-01
   2.9360000e+01   1.0397892e-01
   2.9370000e+01   1.0298575e-01
   2.9380000e+01   1.0001064e-01
   2.9390000e+01   1.0038865e-01
   2.9400000e+01   1.0120773e-01
   2.9410000e+01   1.0020501e-01
   2.9420000e+01   9.8090454e-02
   2.9430000e+01   9.6040825e-02
   2.9440000e+01   9.5791789e-02
   2.9450000e+01   9.3831730e-02
   2.9460000e+01   9.3521328e-02
   2.9470000e+01   9.2693655e-02
   2.9480000e+01   9.2689452e-02
   2.9490000e+01   9.4510425e-02
   2.9500000e+01   9.3210394e-02
   2.9510000e+01   9.3502353e-02
   2.9520000e+01   9.5365711e-02
   2.9530000e+01   9.2744173e-02
   2.9540000e+01   9.4205002e-02
   2.9550000e+01   9.3467807e-02
   2.9560000e+01   9.4498769e-02
   2.9570000e+01   9.5330359e-02
   2.9580000e+01   9.2904136e-02
   2.9590000e+01   9.4020968e-02
   2.9600000e+01   9.2674384e-02
   2.9610000e+01   9.3450169e-02
   2.9620000e+01   9.3775142e-02
   2.9630000e+01   9.3813476e-02
   2.9640000e+01   9.1408544e-02
   2.9650000e+01   9.3566255e-02
   2.9660000e+01   9.0260270e-02
   2.9670000e+01   8.8594878e-02
   2.9680000e+01   8.9948754e-02
   2.9690000e+01   8.9971546e-02
   2.9700000e+01   8.7701179e-02
   2.9710000e+01   8.6730317e-02
   2.9720000e+01   8.6328309e-02
   2.9730000e+01   8.5840975e-02
   2.9740000e+01   8.6269193e-02
   2.9750000e+01   8.4259742e-02
   2.9760000e+01   8.2053218e-02
   2.9770000e+01   8.5335513e-02
   2.9780000e+01   8.3827601e-02
   2.9790000e+01   8.3385678e-02
   2.9800000e+01   8.3602981e-02
   2.9810000e+01   8.2840467e-02
   2.9820000e+01   8.1682991e-02
   2.9830000e+01   8.2788274e-02
   2.9840000e+01   7.9027351e-02
   2.9850000e+01   7.9330567e-02
   2.9860000e+01   8.1157919e-02
   2.9870000e+01   7.7745200e-02
   2.9880000e+01   8.0345698e-02
   2.9890000e+01   8.0025478e-02
   2.9900000e+01   7.6714575e-02
   2.9910000e+01   7.9996861e-02
   2.9920000e+01   7.7232926e-02
   2.9930000e+01   7.6429386e-02
   2.9940000e+01   7.4716786e-02
   2.9950000e+01   7.4869943e-02
   2.9960000e+01   7.3312098e-02
   2.9970000e+01   7.2386723e-02
   2.9980000e+01   7.1542678e-02
   2.9990000e+01   6.9643335e-02
   3.0000000e+01   6.9047060e-02
