   1.0000000e-02  -3.1647973e-03
   2.0000000e-02  -1.3035451e-03
   3.0000000e-02   5.5770712e-04
   4.0000000e-02  -1.6970386e-03
   5.0000000e-02   2.6941538e-04
   6.0000000e-02   3.3303096e-03
   7.0000000e-02   4.2693777e-03
   8.0000000e-02   8.0518511e-03
   9.0000000e-02   9.2508298e-03
   1.0000000e-01   1.1258066e-02
   1.1000000e-01   6.5315035e-03
   1.2000000e-01   4.9435610e-03
   1.3000000e-01  -1.1117067e-03
   1.4000000e-01  -6.8336359e-03
   1.5000000e-01  -1.7802827e-02
   1.6000000e-01  -2.9166063e-02
   1.7000000e-01  -4.3405074e-02
   1.8000000e-01  -5.6150009e-02
   1.9000000e-01  -6.8663830e-02
   2.0000000e-01  -8.1944251e-02
   2.1000000e-01  -9.1480375e-02
   2.2000000e-01  -1.0311096e-01
   2.3000000e-01  -1.0900256e-01
   2.4000000e-01  -1.1519841e-01
   2.5000000e-01  -1.1690992e-01
   2.6000000e-01  -1.1524176e-01
   2.7000000e-01  -1.1653912e-01
   2.8000000e-01  -1.1104821e-01
   2.9000000e-01  -1.0423923e-01
   3.0000000e-01  -9.8561342e-02
   3.1000000e-01  -9.2531940e-02
   3.2000000e-01  -8.1961050e-02
   3.3000000e-01  -7.1541168e-02
   3.4000000e-01  -6.0462783e-02
   3.5000000e-01  -5.0744565e-02
   3.6000000e-01  -3.5733279e-02
   3.7000000e-01  -2.3124755e-02
   3.8000000e-01  -1.0226148e-02
   3.9000000e-01   2.9568614e-03
   4.0000000e-01   1.8374325e-02
   4.1000000e-01   3.3583339e-02
   4.2000000e-01   5.0012759e-02
   4.3000000e-01   6.7041205e-02
   4.4000000e-01   8.5713563e-02
   4.5000000e-01   1.0016683e-01
   4.6000000e-01   1.2111370e-01
   4.7000000e-01   1.3864882e-01
   4.8000000e-01   1.5843735e-01
   4.9000000e-01   1.7846201e-01
   5.0000000e-01   1.9673141e-01
   5.1000000e-01   2.1594610e-01
   5.2000000e-01   2.3753235e-01
   5.3000000e-01   2.5762444e-01
   5.4000000e-01   2.8129103e-01
   5.5000000e-01   3.0049539e-01
   5.6000000e-01   3.2233377e-01
   5.7000000e-01   3.4456134e-01
   5.8000000e-01   3.6625332e-01
   5.9000000e-01   3.8785090e-01
   6.0000000e-01   4.0911815e-01
   6.1000000e-01   4.2885368e-01
   6.2000000e-01   4.5325999e-01
   6.3000000e-01   4.7646823e-01
   6.4000000e-01   4.9778924e-01
   6.5000000e-01   5.1933784e-01
   6.6000000e-01   5.3733746e-01
   6.7000000e-01   5.6087531e-01
   6.8000000e-01   5.8286813e-01
   6.9000000e-01   6.0109441e-01
   7.0000000e-01   6.2312640e-01
   7.1000000e-01   6.4342652e-01
   7.2000000e-01   6.6278417e-01
   7.3000000e-01   6.8598871e-01
   7.4000000e-01   7.0674789e-01
   7.5000000e-01   7.2686493e-01
   7.6000000e-01   7.4443519e-01
   7.7000000e-01   7.6439963e-01
   7.8000000e-01   7.8270998e-01
   7.9000000e-01   8.0176406e-01
   8.0000000e-01   8.1993320e-01
   8.1000000e-01   8.3849817e-01
   8.2000000e-01   8.5468582e-01
   8.3000000e-01   8.7493121e-01
   8.4000000e-01   8.9185499e-01
   8.5000000e-01   9.0773488e-01
   8.6000000e-01   9.2406481e-01
   8.7000000e-01   9.3860535e-01
   8.8000000e-01   9.5427101e-01
   8.9000000e-01   9.6860612e-01
   9.0000000e-01   9.8391220e-01
   9.1000000e-01   9.9884274e-01
   9.2000000e-01   1.0112034e+00
   9.3000000e-01   1.0263334e+00
   9.4000000e-01   1.0403058e+00
   9.5000000e-01   1.0516203e+00
   9.6000000e-01   1.0627157e+00
   9.7000000e-01   1.0758401e+00
   9.8000000e-01   1.0880844e+00
   9.9000000e-01   1.0996802e+00
   1.0000000e+00   1.1086870e+00
   1.0100000e+00   1.1180912e+00
   1.0200000e+00   1.1274287e+00
   1.0300000e+00   1.1387978e+00
   1.0400000e+00   1.1453612e+00
   1.0500000e+00   1.1536742e+00
   1.0600000e+00   1.1622667e+00
   1.0700000e+00   1.1698089e+00
   1.0800000e+00   1.1772908e+00
   1.0900000e+00   1.1835732e+00
   1.1000000e+00   1.1902363e+00
   1.1100000e+00   1.1965764e+00
   1.1200000e+00   1.2013383e+00
   1.1300000e+00   1.2071602e+00
   1.1400000e+00   1.2124900e+00
   1.1500000e+00   1.2161981e+00
   1.1600000e+00   1.2184419e+00
   1.1700000e+00   1.2196163e+00
   1.1800000e+00   1.2251256e+00
   1.1900000e+00   1.2277693e+00
   1.2000000e+00   1.2301306e+00
   1.2100000e+00   1.2340731e+00
   1.2200000e+00   1.2339691e+00
   1.2300000e+00   1.2375079e+00
   1.2400000e+00   1.2377328e+00
   1.2500000e+00   1.2392057e+00
   1.2600000e+00   1.2380522e+00
   1.2700000e+00   1.2382347e+00
   1.2800000e+00   1.2383186e+00
   1.2900000e+00   1.2396125e+00
   1.3000000e+00   1.2389496e+00
   1.3100000e+00   1.2369415e+00
   1.3200000e+00   1.2369036e+00
   1.3300000e+00   1.2356006e+00
   1.3400000e+00   1.2338867e+00
   1.3500000e+00   1.2328511e+00
   1.3600000e+00   1.2307159e+00
   1.3700000e+00   1.2311972e+00
   1.3800000e+00   1.2271092e+00
   1.3900000e+00   1.2228777e+00
   1.4000000e+00   1.2208843e+00
   1.4100000e+00   1.2175722e+00
   1.4200000e+00   1.2131975e+00
   1.4300000e+00   1.2111929e+00
   1.4400000e+00   1.2091870e+00
   1.4500000e+00   1.2050273e+00
   1.4600000e+00   1.1987812e+00
   1.4700000e+00   1.1952922e+00
   1.4800000e+00   1.1936401e+00
   1.4900000e+00   1.1889440e+00
   1.5000000e+00   1.1836775e+00
   1.5100000e+00   1.1806967e+00
   1.5200000e+00   1.1769829e+00
   1.5300000e+00   1.1736089e+00
   1.5400000e+00   1.1672988e+00
   1.5500000e+00   1.1632900e+00
   1.5600000e+00   1.1579221e+00
   1.5700000e+00   1.1543635e+00
   1.5800000e+00   1.1513036e+00
   1.5900000e+00   1.1442335e+00
   1.6000000e+00   1.1408498e+00
   1.6100000e+00   1.1361981e+00
   1.6200000e+00   1.1305995e+00
   1.6300000e+00   1.1281515e+00
   1.6400000e+00   1.1217875e+00
   1.6500000e+00   1.1164539e+00
   1.6600000e+00   1.1108310e+00
   1.6700000e+00   1.1102056e+00
   1.6800000e+00   1.1043171e+00
   1.6900000e+00   1.0990196e+00
   1.7000000e+00   1.0942903e+00
   1.7100000e+00   1.0904351e+00
   1.7200000e+00   1.0873069e+00
   1.7300000e+00   1.0820074e+00
   1.7400000e+00   1.0774116e+00
   1.7500000e+00   1.0724041e+00
   1.7600000e+00   1.0670681e+00
   1.7700000e+00   1.0635707e+00
   1.7800000e+00   1.0600214e+00
   1.7900000e+00   1.0572832e+00
   1.8000000e+00   1.0512960e+00
   1.8100000e+00   1.0479993e+00
   1.8200000e+00   1.0441952e+00
   1.8300000e+00   1.0417350e+00
   1.8400000e+00   1.0371605e+00
   1.8500000e+00   1.0318011e+00
   1.8600000e+00   1.0282647e+00
   1.8700000e+00   1.0237324e+00
   1.8800000e+00   1.0216357e+00
   1.8900000e+00   1.0205905e+00
   1.9000000e+00   1.0147121e+00
   1.9100000e+00   1.0109716e+00
   1.9200000e+00   1.0075623e+00
   1.9300000e+00   1.0060787e+00
   1.9400000e+00   1.0036823e+00
   1.9500000e+00   9.9912715e-01
   1.9600000e+00   9.9509920e-01
   1.9700000e+00   9.9325521e-01
   1.9800000e+00   9.8935497e-01
   1.9900000e+00   9.8692753e-01
   2.0000000e+00   9.8405716e-01
   2.0100000e+00   9.8264200e-01
   2.0200000e+00   9.8132965e-01
   2.0300000e+00   9.7635430e-01
   2.0400000e+00   9.7473736e-01
   2.0500000e+00   9.7395021e-01
   2.0600000e+00   9.7243030e-01
   2.0700000e+00   9.7014996e-01
   2.0800000e+00   9.6704421e-01
   2.0900000e+00   9.6533972e-01
   2.1000000e+00   9.6449723e-01
   2.1100000e+00   9.5954638e-01
   2.1200000e+00   9.6032634e-01
   2.1300000e+00   9.5952359e-01
   2.1400000e+00   9.5745156e-01
   2.1500000e+00   9.5519227e-01
   2.1600000e+00   9.5735844e-01
   2.1700000e+00   9.5358887e-01
   2.1800000e+00   9.5413591e-01
   2.1900000e+00   9.5254617e-01
   2.2000000e+00   9.5358658e-01
   2.2100000e+00   9.5158791e-01
   2.2200000e+00   9.4990555e-01
   2.2300000e+00   9.4945402e-01
   2.2400000e+00   9.4967761e-01
   2.2500000e+00   9.5103395e-01
   2.2600000e+00   9.4849519e-01
   2.2700000e+00   9.4754544e-01
   2.2800000e+00   9.4821947e-01
   2.2900000e+00   9.4821901e-01
   2.3000000e+00   9.4928155e-01
   2.3100000e+00   9.4688376e-01
   2.3200000e+00   9.4665924e-01
   2.3300000e+00   9.4718125e-01
   2.3400000e+00   9.4696534e-01
   2.3500000e+00   9.4578708e-01
   2.3600000e+00   9.4909141e-01
   2.3700000e+00   9.4855822e-01
   2.3800000e+00   9.4870991e-01
   2.3900000e+00   9.4935157e-01
   2.4000000e+00   9.4993716e-01
   2.4100000e+00   9.5169750e-01
   2.4200000e+00   9.5067210e-01
   2.4300000e+00   9.4905208e-01
   2.4400000e+00   9.5134095e-01
   2.4500000e+00   9.5296106e-01
   2.4600000e+00   9.5066865e-01
   2.4700000e+00   9.5201330e-01
   2.4800000e+00   9.5308322e-01
   2.4900000e+00   9.5335134e-01
   2.5000000e+00   9.5624280e-01
   2.5100000e+00   9.5403079e-01
   2.5200000e+00   9.5622995e-01
   2.5300000e+00   9.5960904e-01
   2.5400000e+00   9.5669068e-01
   2.5500000e+00   9.5744933e-01
   2.5600000e+00   9.5541989e-01
   2.5700000e+00   9.6015558e-01
   2.5800000e+00   9.6076337e-01
   2.5900000e+00   9.6052283e-01
   2.6000000e+00   9.6291557e-01
   2.6100000e+00   9.6343486e-01
   2.6200000e+00   9.6502526e-01
   2.6300000e+00   9.6263951e-01
   2.6400000e+00   9.6803558e-01
   2.6500000e+00   9.6727362e-01
   2.6600000e+00   9.6820088e-01
   2.6700000e+00   9.7172594e-01
   2.6800000e+00   9.7095022e-01
   2.6900000e+00   9.7210302e-01
   2.7000000e+00   9.7329498e-01
   2.7100000e+00   9.7378197e-01
   2.7200000e+00   9.7530461e-01
   2.7300000e+00   9.7382729e-01
   2.7400000e+00   9.7720673e-01
   2.7500000e+00   9.7901125e-01
   2.7600000e+00   9.7915015e-01
   2.7700000e+00   9.7939974e-01
   2.7800000e+00   9.7987448e-01
   2.7900000e+00   9.8239932e-01
   2.8000000e+00   9.8331272e-01
   2.8100000e+00   9.8409727e-01
   2.8200000e+00   9.8458732e-01
   2.8300000e+00   9.8480963e-01
   2.8400000e+00   9.8703569e-01
   2.8500000e+00   9.8819542e-01
   2.8600000e+00   9.8832312e-01
   2.8700000e+00   9.8842383e-01
   2.8800000e+00   9.9076693e-01
   2.8900000e+00   9.8959942e-01
   2.9000000e+00   9.9189251e-01
   2.9100000e+00   9.9279060e-01
   2.9200000e+00   9.9284216e-01
   2.9300000e+00   9.9390403e-01
   2.9400000e+00   9.9508535e-01
   2.9500000e+00   9.9564914e-01
   2.9600000e+00   9.9688007e-01
   2.9700000e+00   9.9748599e-01
   2.9800000e+00   9.9875535e-01
   2.9900000e+00   9.9769867e-01
   3.0000000e+00   9.9898521e-01
   3.0100000e+00   9.9881888e-01
   3.0200000e+00   1.0027954e+00
   3.0300000e+00   9.9930804e-01
   3.0400000e+00   1.0011865e+00
   3.0500000e+00   1.0027769e+00
   3.0600000e+00   1.0029812e+00
   3.0700000e+00   1.0015070e+00
   3.0800000e+00   1.0043753e+00
   3.0900000e+00   1.0021637e+00
   3.1000000e+00   1.0060857e+00
   3.1100000e+00   1.0045738e+00
   3.1200000e+00   1.0056883e+00
   3.1300000e+00   1.0071100e+00
   3.1400000e+00   1.0076918e+00
   3.1500000e+00   1.0078182e+00
   3.1600000e+00   1.0075530e+00
   3.1700000e+00   1.0084986e+00
   3.1800000e+00   1.0084422e+00
   3.1900000e+00   1.0079438e+00
   3.2000000e+00   1.0095900e+00
   3.2100000e+00   1.0114904e+00
   3.2200000e+00   1.0109033e+00
   3.2300000e+00   1.0088135e+00
   3.2400000e+00   1.0123915e+00
   3.2500000e+00   1.0103000e+00
   3.2600000e+00   1.0108676e+00
   3.2700000e+00   1.0112872e+00
   3.2800000e+00   1.0140363e+00
   3.2900000e+00   1.0111642e+00
   3.3000000e+00   1.0106129e+00
   3.3100000e+00   1.0117820e+00
   3.3200000e+00   1.0137345e+00
   3.3300000e+00   1.0145512e+00
   3.3400000e+00   1.0116353e+00
   3.3500000e+00   1.0122630e+00
   3.3600000e+00   1.0112870e+00
   3.3700000e+00   1.0124624e+00
   3.3800000e+00   1.0144426e+00
   3.3900000e+00   1.0137893e+00
   3.4000000e+00   1.0140380e+00
   3.4100000e+00   1.0114777e+00
   3.4200000e+00   1.0125547e+00
   3.4300000e+00   1.0130709e+00
   3.4400000e+00   1.0116185e+00
   3.4500000e+00   1.0120641e+00
   3.4600000e+00   1.0121503e+00
   3.4700000e+00   1.0127874e+00
   3.4800000e+00   1.0121121e+00
   3.4900000e+00   1.0134189e+00
   3.5000000e+00   1.0107601e+00
   3.5100000e+00   1.0126193e+00
   3.5200000e+00   1.0120546e+00
   3.5300000e+00   1.0100851e+00
   3.5400000e+00   1.0122723e+00
   3.5500000e+00   1.0113700e+00
   3.5600000e+00   1.0128099e+00
   3.5700000e+00   1.0116087e+00
   3.5800000e+00   1.0127860e+00
   3.5900000e+00   1.0125905e+00
   3.6000000e+00   1.0109457e+00
   3.6100000e+00   1.0126218e+00
   3.6200000e+00   1.0102077e+00
   3.6300000e+00   1.0108753e+00
   3.6400000e+00   1.0106608e+00
   3.6500000e+00   1.0085210e+00
   3.6600000e+00   1.0096409e+00
   3.6700000e+00   1.0099342e+00
   3.6800000e+00   1.0087193e+00
   3.6900000e+00   1.0088325e+00
   3.7000000e+00   1.0102246e+00
   3.7100000e+00   1.0070025e+00
   3.7200000e+00   1.0089454e+00
   3.7300000e+00   1.0105325e+00
   3.7400000e+00   1.0082927e+00
   3.7500000e+00   1.0096192e+00
   3.7600000e+00   1.0097027e+00
   3.7700000e+00   1.0070891e+00
   3.7800000e+00   1.0089119e+00
   3.7900000e+00   1.0064094e+00
   3.8000000e+00   1.0070581e+00
   3.8100000e+00   1.0054419e+00
   3.8200000e+00   1.0061182e+00
   3.8300000e+00   1.0068707e+00
   3.8400000e+00   1.0080141e+00
   3.8500000e+00   1.0059196e+00
   3.8600000e+00   1.0062911e+00
   3.8700000e+00   1.0073858e+00
   3.8800000e+00   1.0058983e+00
   3.8900000e+00   1.0050640e+00
   3.9000000e+00   1.0036845e+00
   3.9100000e+00   1.0065545e+00
   3.9200000e+00   1.0033180e+00
   3.9300000e+00   1.0054636e+00
   3.9400000e+00   1.0049274e+00
   3.9500000e+00   1.0026144e+00
   3.9600000e+00   1.0009595e+00
   3.9700000e+00   1.0036170e+00
   3.9800000e+00   1.0035813e+00
   3.9900000e+00   1.0050217e+00
   4.0000000e+00   1.0030540e+00
   4.0100000e+00   1.0035905e+00
   4.0200000e+00   1.0051359e+00
   4.0300000e+00   1.0035522e+00
   4.0400000e+00   1.0018747e+00
   4.0500000e+00   1.0027914e+00
   4.0600000e+00   1.0036097e+00
   4.0700000e+00   1.0026516e+00
   4.0800000e+00   1.0025561e+00
   4.0900000e+00   1.0019980e+00
   4.1000000e+00   1.0027901e+00
   4.1100000e+00   1.0040054e+00
   4.1200000e+00   1.0026823e+00
   4.1300000e+00   1.0027954e+00
   4.1400000e+00   1.0017678e+00
   4.1500000e+00   1.0013574e+00
   4.1600000e+00   9.9914705e-01
   4.1700000e+00   1.0008130e+00
   4.1800000e+00   1.0021064e+00
   4.1900000e+00   1.0008106e+00
   4.2000000e+00   1.0001534e+00
   4.2100000e+00   1.0011909e+00
   4.2200000e+00   1.0007293e+00
   4.2300000e+00   1.0005395e+00
   4.2400000e+00   9.9843508e-01
   4.2500000e+00   1.0013047e+00
   4.2600000e+00   1.0001935e+00
   4.2700000e+00   1.0012353e+00
   4.2800000e+00   9.9941869e-01
   4.2900000e+00   1.0017221e+00
   4.3000000e+00   9.9967074e-01
   4.3100000e+00   9.9814275e-01
   4.3200000e+00   9.9979861e-01
   4.3300000e+00   1.0006552e+00
   4.3400000e+00   9.9935260e-01
   4.3500000e+00   9.9857909e-01
   4.3600000e+00   9.9966777e-01
   4.3700000e+00   1.0006097e+00
   4.3800000e+00   1.0000890e+00
   4.3900000e+00   9.9945283e-01
   4.4000000e+00   1.0002614e+00
   4.4100000e+00   9.9874485e-01
   4.4200000e+00   9.9788358e-01
   4.4300000e+00   1.0016550e+00
   4.4400000e+00   1.0022999e+00
   4.4500000e+00   9.9957069e-01
   4.4600000e+00   1.0010406e+00
   4.4700000e+00   1.0002042e+00
   4.4800000e+00   1.0002884e+00
   4.4900000e+00   1.0012404e+00
   4.5000000e+00   9.9994285e-01
   4.5100000e+00   1.0000063e+00
   4.5200000e+00   1.0003127e+00
   4.5300000e+00   1.0015527e+00
   4.5400000e+00   1.0011178e+00
   4.5500000e+00   1.0032126e+00
   4.5600000e+00   1.0011800e+00
   4.5700000e+00   9.9934216e-01
   4.5800000e+00   1.0029258e+00
   4.5900000e+00   9.9988527e-01
   4.6000000e+00   9.9870910e-01
   4.6100000e+00   9.9988270e-01
   4.6200000e+00   9.9878514e-01
   4.6300000e+00   9.9900759e-01
   4.6400000e+00   9.9847608e-01
   4.6500000e+00   1.0002804e+00
   4.6600000e+00   9.9836608e-01
   4.6700000e+00   1.0001309e+00
   4.6800000e+00   9.9888088e-01
   4.6900000e+00   9.9867074e-01
   4.7000000e+00   9.9756936e-01
   4.7100000e+00   9.9914249e-01
   4.7200000e+00   9.9990286e-01
   4.7300000e+00   9.9775734e-01
   4.7400000e+00   9.9990970e-01
   4.7500000e+00   1.0007339e+00
   4.7600000e+00   9.9723677e-01
   4.7700000e+00   1.0000555e+00
   4.7800000e+00   1.0012262e+00
   4.7900000e+00   1.0000382e+00
   4.8000000e+00   1.0012439e+00
   4.8100000e+00   1.0023197e+00
   4.8200000e+00   1.0019549e+00
   4.8300000e+00   1.0006235e+00
   4.8400000e+00   9.9993668e-01
   4.8500000e+00   1.0014089e+00
   4.8600000e+00   1.0017644e+00
   4.8700000e+00   1.0019105e+00
   4.8800000e+00   1.0016031e+00
   4.8900000e+00   1.0012035e+00
   4.9000000e+00   9.9846021e-01
   4.9100000e+00   1.0010025e+00
   4.9200000e+00   1.0003551e+00
   4.9300000e+00   1.0002182e+00
   4.9400000e+00   9.9959775e-01
   4.9500000e+00   9.9827412e-01
   4.9600000e+00   9.9972577e-01
   4.9700000e+00   1.0011586e+00
   4.9800000e+00   1.0022088e+00
   4.9900000e+00   1.0026941e+00
   5.0000000e+00   1.0004608e+00
   5.0100000e+00   1.0013445e+00
   5.0200000e+00   1.0016005e+00
   5.0300000e+00   9.9990017e-01
   5.0400000e+00   1.0032321e+00
   5.0500000e+00   1.0019067e+00
   5.0600000e+00   1.0013152e+00
   5.0700000e+00   1.0016425e+00
   5.0800000e+00   1.0028576e+00
   5.0900000e+00   1.0008222e+00
   5.1000000e+00   1.0020955e+00
   5.1100000e+00   1.0023735e+00
   5.1200000e+00   1.0036697e+00
   5.1300000e+00   1.0033134e+00
   5.1400000e+00   1.0020769e+00
   5.1500000e+00   1.0020085e+00
   5.1600000e+00   1.0023782e+00
   5.1700000e+00   1.0043157e+00
   5.1800000e+00   1.0026721e+00
   5.1900000e+00   1.0025940e+00
   5.2000000e+00   1.0025993e+00
   5.2100000e+00   1.0032280e+00
   5.2200000e+00   1.0043034e+00
   5.2300000e+00   1.0042515e+00
   5.2400000e+00   1.0017426e+00
   5.2500000e+00   1.0044990e+00
   5.2600000e+00   1.0053898e+00
   5.2700000e+00   1.0020902e+00
   5.2800000e+00   1.0010874e+00
   5.2900000e+00   1.0037029e+00
   5.3000000e+00   1.0003619e+00
   5.3100000e+00   1.0034181e+00
   5.3200000e+00   1.0032938e+00
   5.3300000e+00   1.0037076e+00
   5.3400000e+00   1.0031248e+00
   5.3500000e+00   1.0030667e+00
   5.3600000e+00   1.0023928e+00
   5.3700000e+00   1.0047658e+00
   5.3800000e+00   1.0011548e+00
   5.3900000e+00   1.0046768e+00
   5.4000000e+00   1.0039786e+00
   5.4100000e+00   1.0035304e+00
   5.4200000e+00   1.0041038e+00
   5.4300000e+00   1.0032428e+00
   5.4400000e+00   1.0019433e+00
   5.4500000e+00   1.0039336e+00
   5.4600000e+00   1.0026934e+00
   5.4700000e+00   1.0023147e+00
   5.4800000e+00   1.0038199e+00
   5.4900000e+00   1.0031585e+00
   5.5000000e+00   1.0051835e+00
   5.5100000e+00   1.0065035e+00
   5.5200000e+00   1.0053601e+00
   5.5300000e+00   1.0048843e+00
   5.5400000e+00   1.0085488e+00
   5.5500000e+00   1.0066058e+00
   5.5600000e+00   1.0047785e+00
   5.5700000e+00   1.0063107e+00
   5.5800000e+00   1.0065120e+00
   5.5900000e+00   1.0051919e+00
   5.6000000e+00   1.0062914e+00
   5.6100000e+00   1.0060902e+00
   5.6200000e+00   1.0061745e+00
   5.6300000e+00   1.0054195e+00
   5.6400000e+00   1.0069552e+00
   5.6500000e+00   1.0038748e+00
   5.6600000e+00   1.0065848e+00
   5.6700000e+00   1.0054012e+00
   5.6800000e+00   1.0046122e+00
   5.6900000e+00   1.0058041e+00
   5.7000000e+00   1.0063280e+00
   5.7100000e+00   1.0051901e+00
   5.7200000e+00   1.0034587e+00
   5.7300000e+00   1.0060758e+00
   5.7400000e+00   1.0059394e+00
   5.7500000e+00   1.0077939e+00
   5.7600000e+00   1.0041019e+00
   5.7700000e+00   1.0045230e+00
   5.7800000e+00   1.0057181e+00
   5.7900000e+00   1.0052506e+00
   5.8000000e+00   1.0050096e+00
   5.8100000e+00   1.0060581e+00
   5.8200000e+00   1.0062244e+00
   5.8300000e+00   1.0049989e+00
   5.8400000e+00   1.0048884e+00
   5.8500000e+00   1.0055504e+00
   5.8600000e+00   1.0046290e+00
   5.8700000e+00   1.0051295e+00
   5.8800000e+00   1.0061046e+00
   5.8900000e+00   1.0041950e+00
   5.9000000e+00   1.0058304e+00
   5.9100000e+00   1.0049166e+00
   5.9200000e+00   1.0056034e+00
   5.9300000e+00   1.0064217e+00
   5.9400000e+00   1.0058858e+00
   5.9500000e+00   1.0035259e+00
   5.9600000e+00   1.0057599e+00
   5.9700000e+00   1.0057401e+00
   5.9800000e+00   1.0078781e+00
   5.9900000e+00   1.0058688e+00
   6.0000000e+00   1.0052770e+00
   6.0100000e+00   1.0061231e+00
   6.0200000e+00   1.0041467e+00
   6.0300000e+00   1.0044752e+00
   6.0400000e+00   1.0022300e+00
   6.0500000e+00   1.0062107e+00
   6.0600000e+00   1.0057683e+00
   6.0700000e+00   1.0065356e+00
   6.0800000e+00   1.0032701e+00
   6.0900000e+00   1.0044745e+00
   6.1000000e+00   1.0043845e+00
   6.1100000e+00   1.0044653e+00
   6.1200000e+00   1.0020146e+00
   6.1300000e+00   1.0036659e+00
   6.1400000e+00   1.0015678e+00
   6.1500000e+00   1.0021897e+00
   6.1600000e+00   1.0041683e+00
   6.1700000e+00   1.0047976e+00
   6.1800000e+00   1.0032899e+00
   6.1900000e+00   1.0021591e+00
   6.2000000e+00   1.0040226e+00
   6.2100000e+00   1.0041152e+00
   6.2200000e+00   1.0013723e+00
   6.2300000e+00   9.9983013e-01
   6.2400000e+00   1.0031089e+00
   6.2500000e+00   1.0032890e+00
   6.2600000e+00   1.0010626e+00
   6.2700000e+00   1.0015494e+00
   6.2800000e+00   1.0015429e+00
   6.2900000e+00   1.0018977e+00
   6.3000000e+00   1.0037360e+00
   6.3100000e+00   1.0013554e+00
   6.3200000e+00   1.0034076e+00
   6.3300000e+00   1.0035116e+00
   6.3400000e+00   1.0026410e+00
   6.3500000e+00   1.0053211e+00
   6.3600000e+00   1.0024175e+00
   6.3700000e+00   1.0036307e+00
   6.3800000e+00   1.0025461e+00
   6.3900000e+00   1.0030437e+00
   6.4000000e+00   1.0038054e+00
   6.4100000e+00   1.0017498e+00
   6.4200000e+00   1.0020666e+00
   6.4300000e+00   1.0047057e+00
   6.4400000e+00   1.0025239e+00
   6.4500000e+00   1.0031911e+00
   6.4600000e+00   1.0045391e+00
   6.4700000e+00   1.0041836e+00
   6.4800000e+00   1.0035585e+00
   6.4900000e+00   1.0038796e+00
   6.5000000e+00   1.0021596e+00
   6.5100000e+00   1.0013848e+00
   6.5200000e+00   1.0045308e+00
   6.5300000e+00   1.0013583e+00
   6.5400000e+00   1.0027955e+00
   6.5500000e+00   1.0022425e+00
   6.5600000e+00   1.0032036e+00
   6.5700000e+00   1.0018563e+00
   6.5800000e+00   1.0007526e+00
   6.5900000e+00   9.9949152e-01
   6.6000000e+00   1.0024145e+00
   6.6100000e+00   1.0028766e+00
   6.6200000e+00   1.0023727e+00
   6.6300000e+00   1.0008974e+00
   6.6400000e+00   1.0019825e+00
   6.6500000e+00   1.0003166e+00
   6.6600000e+00   1.0002798e+00
   6.6700000e+00   1.0015592e+00
   6.6800000e+00   1.0000289e+00
   6.6900000e+00   1.0016279e+00
   6.7000000e+00   1.0014645e+00
   6.7100000e+00   1.0022135e+00
   6.7200000e+00   1.0024697e+00
   6.7300000e+00   1.0024414e+00
   6.7400000e+00   1.0034470e+00
   6.7500000e+00   1.0003596e+00
   6.7600000e+00   1.0021702e+00
   6.7700000e+00   1.0013513e+00
   6.7800000e+00   1.0023619e+00
   6.7900000e+00   1.0031647e+00
   6.8000000e+00   1.0017847e+00
   6.8100000e+00   1.0026323e+00
   6.8200000e+00   1.0009464e+00
   6.8300000e+00   1.0015979e+00
   6.8400000e+00   1.0015079e+00
   6.8500000e+00   9.9873414e-01
   6.8600000e+00   1.0006451e+00
   6.8700000e+00   1.0022855e+00
   6.8800000e+00   1.0009260e+00
   6.8900000e+00   9.9971751e-01
   6.9000000e+00   1.0005481e+00
   6.9100000e+00   1.0020522e+00
   6.9200000e+00   9.9922890e-01
   6.9300000e+00   1.0004652e+00
   6.9400000e+00   1.0013065e+00
   6.9500000e+00   1.0028680e+00
   6.9600000e+00   1.0000735e+00
   6.9700000e+00   9.9927338e-01
   6.9800000e+00   1.0022427e+00
   6.9900000e+00   1.0023395e+00
   7.0000000e+00   9.9944094e-01
   7.0100000e+00   1.0010464e+00
   7.0200000e+00   1.0034076e+00
   7.0300000e+00   1.0017964e+00
   7.0400000e+00   1.0003526e+00
   7.0500000e+00   1.0015362e+00
   7.0600000e+00   1.0007952e+00
   7.0700000e+00   1.0024914e+00
   7.0800000e+00   1.0023193e+00
   7.0900000e+00   1.0022289e+00
   7.1000000e+00   9.9893064e-01
   7.1100000e+00   1.0002175e+00
   7.1200000e+00   1.0008722e+00
   7.1300000e+00   9.9982171e-01
   7.1400000e+00   9.9826407e-01
   7.1500000e+00   1.0005152e+00
   7.1600000e+00   1.0003609e+00
   7.1700000e+00   1.0007585e+00
   7.1800000e+00   9.9848381e-01
   7.1900000e+00   9.9946496e-01
   7.2000000e+00   9.9824054e-01
   7.2100000e+00   1.0013234e+00
   7.2200000e+00   9.9928597e-01
   7.2300000e+00   1.0006181e+00
   7.2400000e+00   1.0002454e+00
   7.2500000e+00   1.0003985e+00
   7.2600000e+00   9.9821718e-01
   7.2700000e+00   9.9784899e-01
   7.2800000e+00   1.0015205e+00
   7.2900000e+00   9.9965409e-01
   7.3000000e+00   9.9885777e-01
   7.3100000e+00   1.0000667e+00
   7.3200000e+00   1.0003498e+00
   7.3300000e+00   9.9880998e-01
   7.3400000e+00   9.9970772e-01
   7.3500000e+00   9.9953652e-01
   7.3600000e+00   9.9798132e-01
   7.3700000e+00   9.9982979e-01
   7.3800000e+00   9.9816785e-01
   7.3900000e+00   9.9989830e-01
   7.4000000e+00   9.9909802e-01
   7.4100000e+00   9.9737870e-01
   7.4200000e+00   9.9819453e-01
   7.4300000e+00   9.9738534e-01
   7.4400000e+00   9.9748862e-01
   7.4500000e+00   9.9790678e-01
   7.4600000e+00   9.9991531e-01
   7.4700000e+00   9.9764778e-01
   7.4800000e+00   9.9749816e-01
   7.4900000e+00   9.9786776e-01
   7.5000000e+00   9.9984114e-01
   7.5100000e+00   9.9694388e-01
   7.5200000e+00   9.9739605e-01
   7.5300000e+00   9.9850578e-01
   7.5400000e+00   9.9666396e-01
   7.5500000e+00   9.9855842e-01
   7.5600000e+00   9.9704266e-01
   7.5700000e+00   9.9935950e-01
   7.5800000e+00   9.9416221e-01
   7.5900000e+00   9.9731302e-01
   7.6000000e+00   9.9890629e-01
   7.6100000e+00   9.9782980e-01
   7.6200000e+00   9.9694961e-01
   7.6300000e+00   9.9547742e-01
   7.6400000e+00   9.9763071e-01
   7.6500000e+00   9.9754511e-01
   7.6600000e+00   9.9637590e-01
   7.6700000e+00   9.9761952e-01
   7.6800000e+00   9.9853186e-01
   7.6900000e+00   9.9711746e-01
   7.7000000e+00   9.9820247e-01
   7.7100000e+00   9.9745452e-01
   7.7200000e+00   9.9780087e-01
   7.7300000e+00   9.9683354e-01
   7.7400000e+00   9.9796667e-01
   7.7500000e+00   9.9678822e-01
   7.7600000e+00   9.9835069e-01
   7.7700000e+00   9.9803959e-01
   7.7800000e+00   9.9679404e-01
   7.7900000e+00   9.9723352e-01
   7.8000000e+00   9.9660672e-01
   7.8100000e+00   9.9647223e-01
   7.8200000e+00   9.9639385e-01
   7.8300000e+00   9.9560060e-01
   7.8400000e+00   9.9501887e-01
   7.8500000e+00   9.9496370e-01
   7.8600000e+00   9.9601881e-01
   7.8700000e+00   9.9301745e-01
   7.8800000e+00   9.9392790e-01
   7.8900000e+00   9.9559036e-01
   7.9000000e+00   9.9526906e-01
   7.9100000e+00   9.9286701e-01
   7.9200000e+00   9.9411686e-01
   7.9300000e+00   9.9319226e-01
   7.9400000e+00   9.9377051e-01
   7.9500000e+00   9.9447122e-01
   7.9600000e+00   9.9393828e-01
   7.9700000e+00   9.9583298e-01
   7.9800000e+00   9.9227625e-01
   7.9900000e+00   9.9356658e-01
   8.0000000e+00   9.9218227e-01
   8.0100000e+00   9.9469322e-01
   8.0200000e+00   9.9398075e-01
   8.0300000e+00   9.9336054e-01
   8.0400000e+00   9.9236369e-01
   8.0500000e+00   9.9494914e-01
   8.0600000e+00   9.9556301e-01
   8.0700000e+00   9.9221943e-01
   8.0800000e+00   9.9220666e-01
   8.0900000e+00   9.9312028e-01
   8.1000000e+00   9.9341240e-01
   8.1100000e+00   9.9362666e-01
   8.1200000e+00   9.9414318e-01
   8.1300000e+00   9.9411421e-01
   8.1400000e+00   9.9250720e-01
   8.1500000e+00   9.9379725e-01
   8.1600000e+00   9.9324284e-01
   8.1700000e+00   9.9448838e-01
   8.1800000e+00   9.9524294e-01
   8.1900000e+00   9.9413818e-01
   8.2000000e+00   9.9385307e-01
   8.2100000e+00   9.9484771e-01
   8.2200000e+00   9.9340873e-01
   8.2300000e+00   9.9582717e-01
   8.2400000e+00   9.9482057e-01
   8.2500000e+00   9.9331462e-01
   8.2600000e+00   9.9390829e-01
   8.2700000e+00   9.9257697e-01
   8.2800000e+00   9.9747334e-01
   8.2900000e+00   9.9401962e-01
   8.3000000e+00   9.9584227e-01
   8.3100000e+00   9.9518436e-01
   8.3200000e+00   9.9760977e-01
   8.3300000e+00   9.9517080e-01
   8.3400000e+00   9.9467801e-01
   8.3500000e+00   9.9473741e-01
   8.3600000e+00   9.9631808e-01
   8.3700000e+00   9.9509004e-01
   8.3800000e+00   9.9462433e-01
   8.3900000e+00   9.9415083e-01
   8.4000000e+00   9.9745272e-01
   8.4100000e+00   9.9531656e-01
   8.4200000e+00   9.9438803e-01
   8.4300000e+00   9.9380075e-01
   8.4400000e+00   9.9289764e-01
   8.4500000e+00   9.9278653e-01
   8.4600000e+00   9.9342990e-01
   8.4700000e+00   9.9638147e-01
   8.4800000e+00   9.9614515e-01
   8.4900000e+00   9.9495480e-01
   8.5000000e+00   9.9353973e-01
   8.5100000e+00   9.9424023e-01
   8.5200000e+00   9.9342722e-01
   8.5300000e+00   9.9440510e-01
   8.5400000e+00   9.9521365e-01
   8.5500000e+00   9.9269573e-01
   8.5600000e+00   9.9657312e-01
   8.5700000e+00   9.9784407e-01
   8.5800000e+00   9.9574055e-01
   8.5900000e+00   9.9285967e-01
   8.6000000e+00   9.9388648e-01
   8.6100000e+00   9.9505323e-01
   8.6200000e+00   9.9405838e-01
   8.6300000e+00   9.9481040e-01
   8.6400000e+00   9.9622917e-01
   8.6500000e+00   9.9702903e-01
   8.6600000e+00   9.9628466e-01
   8.6700000e+00   9.9740673e-01
   8.6800000e+00   9.9764876e-01
   8.6900000e+00   9.9681090e-01
   8.7000000e+00   9.9649958e-01
   8.7100000e+00   9.9951222e-01
   8.7200000e+00   9.9776815e-01
   8.7300000e+00   9.9612825e-01
   8.7400000e+00   9.9702124e-01
   8.7500000e+00   9.9758186e-01
   8.7600000e+00   9.9692284e-01
   8.7700000e+00   9.9793700e-01
   8.7800000e+00   9.9704597e-01
   8.7900000e+00   9.9710117e-01
   8.8000000e+00   9.9758005e-01
   8.8100000e+00   9.9936504e-01
   8.8200000e+00   9.9601989e-01
   8.8300000e+00   9.9369202e-01
   8.8400000e+00   9.9711550e-01
   8.8500000e+00   9.9855000e-01
   8.8600000e+00   9.9689446e-01
   8.8700000e+00   9.9818613e-01
   8.8800000e+00   9.9759916e-01
   8.8900000e+00   9.9516965e-01
   8.9000000e+00   9.9600102e-01
   8.9100000e+00   9.9594763e-01
   8.9200000e+00   9.9447453e-01
   8.9300000e+00   9.9718191e-01
   8.9400000e+00   9.9627200e-01
   8.9500000e+00   9.9597748e-01
   8.9600000e+00   9.9701174e-01
   8.9700000e+00   9.9583391e-01
   8.9800000e+00   9.9591228e-01
   8.9900000e+00   9.9711690e-01
   9.0000000e+00   9.9494888e-01
   9.0100000e+00   9.9515801e-01
   9.0200000e+00   9.9656172e-01
   9.0300000e+00   9.9587178e-01
   9.0400000e+00   9.9599414e-01
   9.0500000e+00   9.9685260e-01
   9.0600000e+00   9.9643417e-01
   9.0700000e+00   9.9756814e-01
   9.0800000e+00   9.9711844e-01
   9.0900000e+00   9.9762011e-01
   9.1000000e+00   9.9802732e-01
   9.1100000e+00   9.9905413e-01
   9.1200000e+00   9.9849104e-01
   9.1300000e+00   9.9791752e-01
   9.1400000e+00   9.9754980e-01
   9.1500000e+00   9.9979999e-01
   9.1600000e+00   9.9802958e-01
   9.1700000e+00   1.0007019e+00
   9.1800000e+00   9.9832003e-01
   9.1900000e+00   1.0007050e+00
   9.2000000e+00   9.9863728e-01
   9.2100000e+00   9.9830310e-01
   9.2200000e+00   9.9889070e-01
   9.2300000e+00   9.9994769e-01
   9.2400000e+00   9.9947954e-01
   9.2500000e+00   1.0010856e+00
   9.2600000e+00   1.0013712e+00
   9.2700000e+00   9.9870804e-01
   9.2800000e+00   1.0010732e+00
   9.2900000e+00   1.0012878e+00
   9.3000000e+00   9.9950445e-01
   9.3100000e+00   1.0001096e+00
   9.3200000e+00   9.9986171e-01
   9.3300000e+00   9.9824563e-01
   9.3400000e+00   9.9956244e-01
   9.3500000e+00   9.9898149e-01
   9.3600000e+00   9.9887103e-01
   9.3700000e+00   1.0012616e+00
   9.3800000e+00   1.0010410e+00
   9.3900000e+00   1.0002969e+00
   9.4000000e+00   1.0017909e+00
   9.4100000e+00   9.9895180e-01
   9.4200000e+00   9.9955546e-01
   9.4300000e+00   1.0027439e+00
   9.4400000e+00   1.0014211e+00
   9.4500000e+00   1.0011894e+00
   9.4600000e+00   1.0012927e+00
   9.4700000e+00   1.0009091e+00
   9.4800000e+00   1.0029322e+00
   9.4900000e+00   1.0017717e+00
   9.5000000e+00   1.0017699e+00
   9.5100000e+00   1.0023485e+00
   9.5200000e+00   1.0026008e+00
   9.5300000e+00   9.9901835e-01
   9.5400000e+00   1.0031194e+00
   9.5500000e+00   1.0008748e+00
   9.5600000e+00   1.0008327e+00
   9.5700000e+00   1.0000414e+00
   9.5800000e+00   9.9872249e-01
   9.5900000e+00   1.0012989e+00
   9.6000000e+00   9.9926654e-01
   9.6100000e+00   1.0014685e+00
   9.6200000e+00   1.0021542e+00
   9.6300000e+00   1.0019787e+00
   9.6400000e+00   9.9988396e-01
   9.6500000e+00   1.0000588e+00
   9.6600000e+00   1.0013682e+00
   9.6700000e+00   1.0033884e+00
   9.6800000e+00   1.0016006e+00
   9.6900000e+00   1.0025211e+00
   9.7000000e+00   1.0037810e+00
   9.7100000e+00   1.0012617e+00
   9.7200000e+00   1.0035945e+00
   9.7300000e+00   1.0012942e+00
   9.7400000e+00   1.0021762e+00
   9.7500000e+00   1.0052797e+00
   9.7600000e+00   1.0032531e+00
   9.7700000e+00   1.0040969e+00
   9.7800000e+00   1.0041067e+00
   9.7900000e+00   1.0029784e+00
   9.8000000e+00   1.0024260e+00
   9.8100000e+00   1.0038037e+00
   9.8200000e+00   1.0035677e+00
   9.8300000e+00   1.0033391e+00
   9.8400000e+00   1.0038850e+00
   9.8500000e+00   1.0029945e+00
   9.8600000e+00   1.0040207e+00
   9.8700000e+00   1.0030240e+00
   9.8800000e+00   1.0017394e+00
   9.8900000e+00   1.0023537e+00
   9.9000000e+00   1.0022854e+00
   9.9100000e+00   1.0006260e+00
   9.9200000e+00   1.0021578e+00
   9.9300000e+00   1.0001045e+00
   9.9400000e+00   1.0010277e+00
   9.9500000e+00   1.0005070e+00
   9.9600000e+00   9.9727175e-01
   9.9700000e+00   9.9773533e-01
   9.9800000e+00   9.9964926e-01
   9.9900000e+00   9.9848132e-01
   1.0000000e+01   9.9878612e-01
   1.0010000e+01   9.9722075e-01
   1.0020000e+01   9.9515954e-01
   1.0030000e+01   9.9718210e-01
   1.0040000e+01   9.9761408e-01
   1.0050000e+01   9.9425426e-01
   1.0060000e+01   9.9656014e-01
   1.0070000e+01   9.9722942e-01
   1.0080000e+01   9.9687883e-01
   1.0090000e+01   9.9654263e-01
   1.0100000e+01   9.9679657e-01
   1.0110000e+01   9.9443821e-01
   1.0120000e+01   9.9720991e-01
   1.0130000e+01   9.9649906e-01
   1.0140000e+01   9.9549773e-01
   1.0150000e+01   9.9843888e-01
   1.0160000e+01   9.9834451e-01
   1.0170000e+01   9.9713579e-01
   1.0180000e+01   9.9801370e-01
   1.0190000e+01   9.9967010e-01
   1.0200000e+01   9.9770722e-01
   1.0210000e+01   9.9732567e-01
   1.0220000e+01   9.9896287e-01
   1.0230000e+01   1.0005058e+00
   1.0240000e+01   1.0013323e+00
   1.0250000e+01   1.0001498e+00
   1.0260000e+01   1.0015928e+00
   1.0270000e+01   1.0017202e+00
   1.0280000e+01   1.0025921e+00
   1.0290000e+01   1.0023360e+00
   1.0300000e+01   1.0019770e+00
   1.0310000e+01   1.0027529e+00
   1.0320000e+01   1.0017784e+00
   1.0330000e+01   1.0035622e+00
   1.0340000e+01   1.0037412e+00
   1.0350000e+01   1.0043079e+00
   1.0360000e+01   1.0038319e+00
   1.0370000e+01   1.0061429e+00
   1.0380000e+01   1.0050234e+00
   1.0390000e+01   1.0047668e+00
   1.0400000e+01   1.0065352e+00
   1.0410000e+01   1.0067567e+00
   1.0420000e+01   1.0069371e+00
   1.0430000e+01   1.0061708e+00
   1.0440000e+01   1.0083692e+00
   1.0450000e+01   1.0058729e+00
   1.0460000e+01   1.0060861e+00
   1.0470000e+01   1.0037496e+00
   1.0480000e+01   1.0053660e+00
   1.0490000e+01   1.0062223e+00
   1.0500000e+01   1.0053968e+00
   1.0510000e+01   1.0051387e+00
   1.0520000e+01   1.0031980e+00
   1.0530000e+01   1.0048563e+00
   1.0540000e+01   1.0037294e+00
   1.0550000e+01   1.0032172e+00
   1.0560000e+01   1.0031918e+00
   1.0570000e+01   1.0031961e+00
   1.0580000e+01   1.0032490e+00
   1.0590000e+01   1.0025024e+00
   1.0600000e+01   1.0034188e+00
   1.0610000e+01   1.0047970e+00
   1.0620000e+01   1.0031027e+00
   1.0630000e+01   1.0023395e+00
   1.0640000e+01   1.0055625e+00
   1.0650000e+01   1.0039462e+00
   1.0660000e+01   1.0032713e+00
   1.0670000e+01   1.0054697e+00
   1.0680000e+01   1.0026730e+00
   1.0690000e+01   1.0026943e+00
   1.0700000e+01   1.0045214e+00
   1.0710000e+01   1.0053947e+00
   1.0720000e+01   1.0026813e+00
   1.0730000e+01   1.0059701e+00
   1.0740000e+01   1.0034610e+00
   1.0750000e+01   1.0057338e+00
   1.0760000e+01   1.0054033e+00
   1.0770000e+01   1.0052743e+00
   1.0780000e+01   1.0056053e+00
   1.0790000e+01   1.0047789e+00
   1.0800000e+01   1.0050171e+00
   1.0810000e+01   1.0062958e+00
   1.0820000e+01   1.0062298e+00
   1.0830000e+01   1.0058238e+00
   1.0840000e+01   1.0080764e+00
   1.0850000e+01   1.0067724e+00
   1.0860000e+01   1.0074610e+00
   1.0870000e+01   1.0076855e+00
   1.0880000e+01   1.0067447e+00
   1.0890000e+01   1.0077601e+00
   1.0900000e+01   1.0092388e+00
   1.0910000e+01   1.0061470e+00
   1.0920000e+01   1.0067289e+00
   1.0930000e+01   1.0064042e+00
   1.0940000e+01   1.0062531e+00
   1.0950000e+01   1.0053883e+00
   1.0960000e+01   1.0054732e+00
   1.0970000e+01   1.0053839e+00
   1.0980000e+01   1.0075138e+00
   1.0990000e+01   1.0038035e+00
   1.1000000e+01   1.0036812e+00
   1.1010000e+01   1.0050215e+00
   1.1020000e+01   1.0064867e+00
   1.1030000e+01   1.0050338e+00
   1.1040000e+01   1.0049302e+00
   1.1050000e+01   1.0038660e+00
   1.1060000e+01   1.0052218e+00
   1.1070000e+01   1.0065597e+00
   1.1080000e+01   1.0059069e+00
   1.1090000e+01   1.0052275e+00
   1.1100000e+01   1.0049804e+00
   1.1110000e+01   1.0054292e+00
   1.1120000e+01   1.0055251e+00
   1.1130000e+01   1.0064837e+00
   1.1140000e+01   1.0071131e+00
   1.1150000e+01   1.0066549e+00
   1.1160000e+01   1.0045640e+00
   1.1170000e+01   1.0068010e+00
   1.1180000e+01   1.0059227e+00
   1.1190000e+01   1.0065890e+00
   1.1200000e+01   1.0065310e+00
   1.1210000e+01   1.0047354e+00
   1.1220000e+01   1.0033173e+00
   1.1230000e+01   1.0088970e+00
   1.1240000e+01   1.0079750e+00
   1.1250000e+01   1.0072757e+00
   1.1260000e+01   1.0079397e+00
   1.1270000e+01   1.0065744e+00
   1.1280000e+01   1.0070211e+00
   1.1290000e+01   1.0070921e+00
   1.1300000e+01   1.0067747e+00
   1.1310000e+01   1.0083134e+00
   1.1320000e+01   1.0059470e+00
   1.1330000e+01   1.0065356e+00
   1.1340000e+01   1.0078826e+00
   1.1350000e+01   1.0068708e+00
   1.1360000e+01   1.0096899e+00
   1.1370000e+01   1.0077661e+00
   1.1380000e+01   1.0067420e+00
   1.1390000e+01   1.0061233e+00
   1.1400000e+01   1.0078002e+00
   1.1410000e+01   1.0083643e+00
   1.1420000e+01   1.0112280e+00
   1.1430000e+01   1.0065728e+00
   1.1440000e+01   1.0073991e+00
   1.1450000e+01   1.0067222e+00
   1.1460000e+01   1.0070590e+00
   1.1470000e+01   1.0058346e+00
   1.1480000e+01   1.0076367e+00
   1.1490000e+01   1.0082711e+00
   1.1500000e+01   1.0100809e+00
   1.1510000e+01   1.0071268e+00
   1.1520000e+01   1.0067945e+00
   1.1530000e+01   1.0100959e+00
   1.1540000e+01   1.0076458e+00
   1.1550000e+01   1.0090133e+00
   1.1560000e+01   1.0088140e+00
   1.1570000e+01   1.0076624e+00
   1.1580000e+01   1.0078776e+00
   1.1590000e+01   1.0081223e+00
   1.1600000e+01   1.0073156e+00
   1.1610000e+01   1.0069215e+00
   1.1620000e+01   1.0086063e+00
   1.1630000e+01   1.0068224e+00
   1.1640000e+01   1.0072731e+00
   1.1650000e+01   1.0070939e+00
   1.1660000e+01   1.0057572e+00
   1.1670000e+01   1.0089669e+00
   1.1680000e+01   1.0055167e+00
   1.1690000e+01   1.0057099e+00
   1.1700000e+01   1.0070149e+00
   1.1710000e+01   1.0066411e+00
   1.1720000e+01   1.0065721e+00
   1.1730000e+01   1.0084629e+00
   1.1740000e+01   1.0072910e+00
   1.1750000e+01   1.0071889e+00
   1.1760000e+01   1.0065409e+00
   1.1770000e+01   1.0059897e+00
   1.1780000e+01   1.0063945e+00
   1.1790000e+01   1.0076131e+00
   1.1800000e+01   1.0073993e+00
   1.1810000e+01   1.0074438e+00
   1.1820000e+01   1.0095238e+00
   1.1830000e+01   1.0074115e+00
   1.1840000e+01   1.0093091e+00
   1.1850000e+01   1.0074311e+00
   1.1860000e+01   1.0057746e+00
   1.1870000e+01   1.0067426e+00
   1.1880000e+01   1.0074301e+00
   1.1890000e+01   1.0067199e+00
   1.1900000e+01   1.0074065e+00
   1.1910000e+01   1.0079612e+00
   1.1920000e+01   1.0055284e+00
   1.1930000e+01   1.0061746e+00
   1.1940000e+01   1.0092962e+00
   1.1950000e+01   1.0117042e+00
   1.1960000e+01   1.0108295e+00
   1.1970000e+01   1.0093030e+00
   1.1980000e+01   1.0086793e+00
   1.1990000e+01   1.0093193e+00
   1.2000000e+01   1.0106982e+00
   1.2010000e+01   1.0085127e+00
   1.2020000e+01   1.0109468e+00
   1.2030000e+01   1.0071583e+00
   1.2040000e+01   1.0075762e+00
   1.2050000e+01   1.0091108e+00
   1.2060000e+01   1.0081332e+00
   1.2070000e+01   1.0093884e+00
   1.2080000e+01   1.0085903e+00
   1.2090000e+01   1.0061481e+00
   1.2100000e+01   1.0073340e+00
   1.2110000e+01   1.0075027e+00
   1.2120000e+01   1.0089034e+00
   1.2130000e+01   1.0084569e+00
   1.2140000e+01   1.0058645e+00
   1.2150000e+01   1.0075997e+00
   1.2160000e+01   1.0044686e+00
   1.2170000e+01   1.0059526e+00
   1.2180000e+01   1.0054544e+00
   1.2190000e+01   1.0070234e+00
   1.2200000e+01   1.0051181e+00
   1.2210000e+01   1.0068010e+00
   1.2220000e+01   1.0038537e+00
   1.2230000e+01   1.0063025e+00
   1.2240000e+01   1.0055528e+00
   1.2250000e+01   1.0064468e+00
   1.2260000e+01   1.0032626e+00
   1.2270000e+01   1.0035349e+00
   1.2280000e+01   1.0062070e+00
   1.2290000e+01   1.0049940e+00
   1.2300000e+01   1.0057574e+00
   1.2310000e+01   1.0055602e+00
   1.2320000e+01   1.0056217e+00
   1.2330000e+01   1.0038550e+00
   1.2340000e+01   1.0030393e+00
   1.2350000e+01   1.0029440e+00
   1.2360000e+01   1.0028668e+00
   1.2370000e+01   1.0028058e+00
   1.2380000e+01   1.0019247e+00
   1.2390000e+01   1.0023056e+00
   1.2400000e+01   1.0014843e+00
   1.2410000e+01   1.0013092e+00
   1.2420000e+01   1.0016336e+00
   1.2430000e+01   1.0004489e+00
   1.2440000e+01   1.0013916e+00
   1.2450000e+01   9.9940979e-01
   1.2460000e+01   1.0010291e+00
   1.2470000e+01   1.0000271e+00
   1.2480000e+01   1.0001916e+00
   1.2490000e+01   9.9926073e-01
   1.2500000e+01   9.9810983e-01
   1.2510000e+01   9.9846057e-01
   1.2520000e+01   9.9625660e-01
   1.2530000e+01   9.9919846e-01
   1.2540000e+01   9.9849918e-01
   1.2550000e+01   9.9560337e-01
   1.2560000e+01   9.9817119e-01
   1.2570000e+01   9.9924210e-01
   1.2580000e+01   9.9922303e-01
   1.2590000e+01   9.9649106e-01
   1.2600000e+01   9.9856325e-01
   1.2610000e+01   9.9719802e-01
   1.2620000e+01   9.9777856e-01
   1.2630000e+01   9.9890079e-01
   1.2640000e+01   9.9989658e-01
   1.2650000e+01   9.9842959e-01
   1.2660000e+01   1.0013812e+00
   1.2670000e+01   1.0022066e+00
   1.2680000e+01   9.9824746e-01
   1.2690000e+01   9.9891047e-01
   1.2700000e+01   9.9985272e-01
   1.2710000e+01   1.0000382e+00
   1.2720000e+01   1.0002082e+00
   1.2730000e+01   9.9999666e-01
   1.2740000e+01   9.9974643e-01
   1.2750000e+01   9.9861181e-01
   1.2760000e+01   1.0015870e+00
   1.2770000e+01   1.0007220e+00
   1.2780000e+01   1.0014168e+00
   1.2790000e+01   1.0018560e+00
   1.2800000e+01   1.0002101e+00
   1.2810000e+01   1.0012812e+00
   1.2820000e+01   1.0018484e+00
   1.2830000e+01   1.0025925e+00
   1.2840000e+01   1.0003057e+00
   1.2850000e+01   1.0023822e+00
   1.2860000e+01   1.0028311e+00
   1.2870000e+01   1.0018361e+00
   1.2880000e+01   1.0012933e+00
   1.2890000e+01   9.9989876e-01
   1.2900000e+01   1.0004357e+00
   1.2910000e+01   9.9971724e-01
   1.2920000e+01   1.0001395e+00
   1.2930000e+01   1.0001246e+00
   1.2940000e+01   1.0019872e+00
   1.2950000e+01   9.9993770e-01
   1.2960000e+01   1.0003184e+00
   1.2970000e+01   9.9828901e-01
   1.2980000e+01   1.0003767e+00
   1.2990000e+01   9.9971457e-01
   1.3000000e+01   9.9888453e-01
   1.3010000e+01   9.9872971e-01
   1.3020000e+01   9.9989051e-01
   1.3030000e+01   9.9977572e-01
   1.3040000e+01   1.0000914e+00
   1.3050000e+01   9.9927854e-01
   1.3060000e+01   1.0008788e+00
   1.3070000e+01   9.9907621e-01
   1.3080000e+01   9.9902338e-01
   1.3090000e+01   9.9937446e-01
   1.3100000e+01   9.9857950e-01
   1.3110000e+01   9.9907822e-01
   1.3120000e+01   9.9452888e-01
   1.3130000e+01   1.0001730e+00
   1.3140000e+01   9.9666893e-01
   1.3150000e+01   9.9715830e-01
   1.3160000e+01   9.9716746e-01
   1.3170000e+01   9.9723791e-01
   1.3180000e+01   9.9580044e-01
   1.3190000e+01   9.9836320e-01
   1.3200000e+01   9.9700028e-01
   1.3210000e+01   9.9864103e-01
   1.3220000e+01   9.9969195e-01
   1.3230000e+01   9.9889352e-01
   1.3240000e+01   9.9894005e-01
   1.3250000e+01   9.9536728e-01
   1.3260000e+01   9.9799359e-01
   1.3270000e+01   9.9843616e-01
   1.3280000e+01   9.9973470e-01
   1.3290000e+01   1.0000010e+00
   1.3300000e+01   9.9954266e-01
   1.3310000e+01   9.9956349e-01
   1.3320000e+01   9.9776219e-01
   1.3330000e+01   1.0004965e+00
   1.3340000e+01   9.9620366e-01
   1.3350000e+01   9.9885163e-01
   1.3360000e+01   9.9874698e-01
   1.3370000e+01   9.9866676e-01
   1.3380000e+01   9.9829674e-01
   1.3390000e+01   9.9762823e-01
   1.3400000e+01   9.9835588e-01
   1.3410000e+01   9.9927071e-01
   1.3420000e+01   1.0004665e+00
   1.3430000e+01   9.9721155e-01
   1.3440000e+01   9.9824213e-01
   1.3450000e+01   9.9910359e-01
   1.3460000e+01   9.9881463e-01
   1.3470000e+01   9.9693575e-01
   1.3480000e+01   9.9565278e-01
   1.3490000e+01   9.9730140e-01
   1.3500000e+01   9.9591438e-01
   1.3510000e+01   9.9740227e-01
   1.3520000e+01   9.9652334e-01
   1.3530000e+01   9.9806208e-01
   1.3540000e+01   9.9646324e-01
   1.3550000e+01   9.9684934e-01
   1.3560000e+01   9.9487301e-01
   1.3570000e+01   9.9569185e-01
   1.3580000e+01   9.9618325e-01
   1.3590000e+01   9.9505605e-01
   1.3600000e+01   9.9508244e-01
   1.3610000e+01   9.9638444e-01
   1.3620000e+01   9.9490796e-01
   1.3630000e+01   9.9587364e-01
   1.3640000e+01   9.9356976e-01
   1.3650000e+01   9.9531687e-01
   1.3660000e+01   9.9497362e-01
   1.3670000e+01   9.9608510e-01
   1.3680000e+01   9.9600617e-01
   1.3690000e+01   9.9424972e-01
   1.3700000e+01   9.9573234e-01
   1.3710000e+01   9.9673926e-01
   1.3720000e+01   9.9585140e-01
   1.3730000e+01   9.9761776e-01
   1.3740000e+01   9.9556722e-01
   1.3750000e+01   9.9540727e-01
   1.3760000e+01   9.9583079e-01
   1.3770000e+01   9.9473034e-01
   1.3780000e+01   9.9562852e-01
   1.3790000e+01   9.9493484e-01
   1.3800000e+01   9.9551939e-01
   1.3810000e+01   9.9630033e-01
   1.3820000e+01   9.9611491e-01
   1.3830000e+01   9.9491640e-01
   1.3840000e+01   9.9668255e-01
   1.3850000e+01   9.9582595e-01
   1.3860000e+01   9.9411649e-01
   1.3870000e+01   9.9329427e-01
   1.3880000e+01   9.9806431e-01
   1.3890000e+01   9.9638264e-01
   1.3900000e+01   9.9542013e-01
   1.3910000e+01   9.9381144e-01
   1.3920000e+01   9.9631271e-01
   1.3930000e+01   9.9490793e-01
   1.3940000e+01   9.9521735e-01
   1.3950000e+01   9.9599370e-01
   1.3960000e+01   9.9614873e-01
   1.3970000e+01   9.9603778e-01
   1.3980000e+01   9.9586025e-01
   1.3990000e+01   9.9560395e-01
   1.4000000e+01   9.9554782e-01
   1.4010000e+01   9.9339284e-01
   1.4020000e+01   9.9446365e-01
   1.4030000e+01   9.9424409e-01
   1.4040000e+01   9.9452644e-01
   1.4050000e+01   9.9509070e-01
   1.4060000e+01   9.9340087e-01
   1.4070000e+01   9.9430896e-01
   1.4080000e+01   9.9377449e-01
   1.4090000e+01   9.9282142e-01
   1.4100000e+01   9.9525678e-01
   1.4110000e+01   9.9304316e-01
   1.4120000e+01   9.9336574e-01
   1.4130000e+01   9.9362893e-01
   1.4140000e+01   9.9267704e-01
   1.4150000e+01   9.9265909e-01
   1.4160000e+01   9.9298913e-01
   1.4170000e+01   9.9226874e-01
   1.4180000e+01   9.9122488e-01
   1.4190000e+01   9.9267250e-01
   1.4200000e+01   9.9304036e-01
   1.4210000e+01   9.9271615e-01
   1.4220000e+01   9.9251141e-01
   1.4230000e+01   9.9210395e-01
   1.4240000e+01   9.9118269e-01
   1.4250000e+01   9.9118138e-01
   1.4260000e+01   9.8925658e-01
   1.4270000e+01   9.9107631e-01
   1.4280000e+01   9.9197512e-01
   1.4290000e+01   9.9191391e-01
   1.4300000e+01   9.9003308e-01
   1.4310000e+01   9.9184623e-01
   1.4320000e+01   9.9055345e-01
   1.4330000e+01   9.9061222e-01
   1.4340000e+01   9.9064029e-01
   1.4350000e+01   9.8887993e-01
   1.4360000e+01   9.9021590e-01
   1.4370000e+01   9.9127735e-01
   1.4380000e+01   9.9211960e-01
   1.4390000e+01   9.9167037e-01
   1.4400000e+01   9.9254705e-01
   1.4410000e+01   9.9160702e-01
   1.4420000e+01   9.9155803e-01
   1.4430000e+01   9.8889950e-01
   1.4440000e+01   9.9230942e-01
   1.4450000e+01   9.9273171e-01
   1.4460000e+01   9.9151223e-01
   1.4470000e+01   9.9312845e-01
   1.4480000e+01   9.9182964e-01
   1.4490000e+01   9.9293674e-01
   1.4500000e+01   9.9219184e-01
   1.4510000e+01   9.9368399e-01
   1.4520000e+01   9.9196094e-01
   1.4530000e+01   9.9305543e-01
   1.4540000e+01   9.9216793e-01
   1.4550000e+01   9.9255650e-01
   1.4560000e+01   9.9084822e-01
   1.4570000e+01   9.9229284e-01
   1.4580000e+01   9.9427662e-01
   1.4590000e+01   9.9419414e-01
   1.4600000e+01   9.9151259e-01
   1.4610000e+01   9.9173596e-01
   1.4620000e+01   9.9326110e-01
   1.4630000e+01   9.9036705e-01
   1.4640000e+01   9.9410107e-01
   1.4650000e+01   9.9357611e-01
   1.4660000e+01   9.9160610e-01
   1.4670000e+01   9.9382802e-01
   1.4680000e+01   9.9154253e-01
   1.4690000e+01   9.9195714e-01
   1.4700000e+01   9.9002764e-01
   1.4710000e+01   9.9243763e-01
   1.4720000e+01   9.9145278e-01
   1.4730000e+01   9.9071303e-01
   1.4740000e+01   9.9129811e-01
   1.4750000e+01   9.9035031e-01
   1.4760000e+01   9.9391675e-01
   1.4770000e+01   9.8863495e-01
   1.4780000e+01   9.9278603e-01
   1.4790000e+01   9.9232063e-01
   1.4800000e+01   9.9148298e-01
   1.4810000e+01   9.9074128e-01
   1.4820000e+01   9.9162448e-01
   1.4830000e+01   9.9177128e-01
   1.4840000e+01   9.9288417e-01
   1.4850000e+01   9.9190642e-01
   1.4860000e+01   9.9122215e-01
   1.4870000e+01   9.9186829e-01
   1.4880000e+01   9.9323090e-01
   1.4890000e+01   9.9264365e-01
   1.4900000e+01   9.8982781e-01
   1.4910000e+01   9.9139896e-01
   1.4920000e+01   9.9201792e-01
   1.4930000e+01   9.9142633e-01
   1.4940000e+01   9.9273858e-01
   1.4950000e+01   9.9044752e-01
   1.4960000e+01   9.9256913e-01
   1.4970000e+01   9.9096248e-01
   1.4980000e+01   9.9296095e-01
   1.4990000e+01   9.9085383e-01
   1.5000000e+01   9.9008716e-01
   1.5010000e+01   9.9310959e-01
   1.5020000e+01   9.9217896e-01
   1.5030000e+01   9.9101968e-01
   1.5040000e+01   9.9235248e-01
   1.5050000e+01   9.9352959e-01
   1.5060000e+01   9.9215582e-01
   1.5070000e+01   9.9208866e-01
   1.5080000e+01   9.9055044e-01
   1.5090000e+01   9.9164845e-01
   1.5100000e+01   9.9113695e-01
   1.5110000e+01   9.9275822e-01
   1.5120000e+01   9.9543979e-01
   1.5130000e+01   9.9189904e-01
   1.5140000e+01   9.9365124e-01
   1.5150000e+01   9.9401927e-01
   1.5160000e+01   9.9388963e-01
   1.5170000e+01   9.9309349e-01
   1.5180000e+01   9.9484027e-01
   1.5190000e+01   9.9498616e-01
   1.5200000e+01   9.9290226e-01
   1.5210000e+01   9.9490779e-01
   1.5220000e+01   9.9308312e-01
   1.5230000e+01   9.9359307e-01
   1.5240000e+01   9.9603038e-01
   1.5250000e+01   9.9541547e-01
   1.5260000e+01   9.9441631e-01
   1.5270000e+01   9.9461372e-01
   1.5280000e+01   9.9537265e-01
   1.5290000e+01   9.9644195e-01
   1.5300000e+01   9.9605204e-01
   1.5310000e+01   9.9520421e-01
   1.5320000e+01   9.9601646e-01
   1.5330000e+01   9.9486426e-01
   1.5340000e+01   9.9437540e-01
   1.5350000e+01   9.9537215e-01
   1.5360000e+01   9.9542266e-01
   1.5370000e+01   9.9521678e-01
   1.5380000e+01   9.9476913e-01
   1.5390000e+01   9.9782615e-01
   1.5400000e+01   9.9643176e-01
   1.5410000e+01   9.9317578e-01
   1.5420000e+01   9.9643413e-01
   1.5430000e+01   9.9566298e-01
   1.5440000e+01   9.9767175e-01
   1.5450000e+01   9.9740536e-01
   1.5460000e+01   9.9530018e-01
   1.5470000e+01   9.9529196e-01
   1.5480000e+01   9.9582278e-01
   1.5490000e+01   9.9541576e-01
   1.5500000e+01   9.9797962e-01
   1.5510000e+01   9.9698083e-01
   1.5520000e+01   9.9659605e-01
   1.5530000e+01   9.9894832e-01
   1.5540000e+01   9.9764526e-01
   1.5550000e+01   1.0014760e+00
   1.5560000e+01   9.9901616e-01
   1.5570000e+01   9.9774868e-01
   1.5580000e+01   1.0003644e+00
   1.5590000e+01   9.9906895e-01
   1.5600000e+01   1.0010005e+00
   1.5610000e+01   9.9993463e-01
   1.5620000e+01   1.0000404e+00
   1.5630000e+01   9.9819671e-01
   1.5640000e+01   9.9923995e-01
   1.5650000e+01   9.9826473e-01
   1.5660000e+01   1.0003016e+00
   1.5670000e+01   9.9922706e-01
   1.5680000e+01   9.9974236e-01
   1.5690000e+01   1.0006530e+00
   1.5700000e+01   1.0013307e+00
   1.5710000e+01   9.9804156e-01
   1.5720000e+01   1.0026883e+00
   1.5730000e+01   9.9993577e-01
   1.5740000e+01   1.0002233e+00
   1.5750000e+01   9.9823614e-01
   1.5760000e+01   9.9960519e-01
   1.5770000e+01   9.9954740e-01
   1.5780000e+01   9.9995169e-01
   1.5790000e+01   1.0008303e+00
   1.5800000e+01   1.0018824e+00
   1.5810000e+01   1.0035439e+00
   1.5820000e+01   1.0008239e+00
   1.5830000e+01   1.0028921e+00
   1.5840000e+01   1.0031257e+00
   1.5850000e+01   1.0001808e+00
   1.5860000e+01   1.0007823e+00
   1.5870000e+01   1.0040186e+00
   1.5880000e+01   1.0027760e+00
   1.5890000e+01   1.0010714e+00
   1.5900000e+01   1.0017768e+00
   1.5910000e+01   1.0015415e+00
   1.5920000e+01   1.0001526e+00
   1.5930000e+01   1.0008187e+00
   1.5940000e+01   1.0011640e+00
   1.5950000e+01   1.0017568e+00
   1.5960000e+01   1.0030866e+00
   1.5970000e+01   1.0005874e+00
   1.5980000e+01   1.0022050e+00
   1.5990000e+01   1.0010278e+00
   1.6000000e+01   1.0024887e+00
   1.6010000e+01   1.0009477e+00
   1.6020000e+01   1.0007238e+00
   1.6030000e+01   1.0021257e+00
   1.6040000e+01   1.0031881e+00
   1.6050000e+01   1.0027890e+00
   1.6060000e+01   1.0036695e+00
   1.6070000e+01   1.0016226e+00
   1.6080000e+01   1.0027541e+00
   1.6090000e+01   1.0026704e+00
   1.6100000e+01   1.0012645e+00
   1.6110000e+01   1.0019332e+00
   1.6120000e+01   1.0017786e+00
   1.6130000e+01   1.0032396e+00
   1.6140000e+01   1.0017894e+00
   1.6150000e+01   1.0014544e+00
   1.6160000e+01   1.0008846e+00
   1.6170000e+01   1.0007180e+00
   1.6180000e+01   1.0005695e+00
   1.6190000e+01   1.0011228e+00
   1.6200000e+01   1.0035905e+00
   1.6210000e+01   1.0004809e+00
   1.6220000e+01   9.9982288e-01
   1.6230000e+01   9.9953979e-01
   1.6240000e+01   1.0012248e+00
   1.6250000e+01   1.0020610e+00
   1.6260000e+01   1.0001792e+00
   1.6270000e+01   1.0019756e+00
   1.6280000e+01   1.0018660e+00
   1.6290000e+01   1.0038548e+00
   1.6300000e+01   1.0032253e+00
   1.6310000e+01   9.9995842e-01
   1.6320000e+01   1.0029717e+00
   1.6330000e+01   1.0037045e+00
   1.6340000e+01   1.0007215e+00
   1.6350000e+01   1.0036189e+00
   1.6360000e+01   1.0035282e+00
   1.6370000e+01   1.0047869e+00
   1.6380000e+01   1.0028572e+00
   1.6390000e+01   1.0047463e+00
   1.6400000e+01   1.0035440e+00
   1.6410000e+01   1.0047787e+00
   1.6420000e+01   1.0058713e+00
   1.6430000e+01   1.0057275e+00
   1.6440000e+01   1.0041456e+00
   1.6450000e+01   1.0057228e+00
   1.6460000e+01   1.0073864e+00
   1.6470000e+01   1.0060906e+00
   1.6480000e+01   1.0071504e+00
   1.6490000e+01   1.0057629e+00
   1.6500000e+01   1.0082886e+00
   1.6510000e+01   1.0060148e+00
   1.6520000e+01   1.0070309e+00
   1.6530000e+01   1.0047726e+00
   1.6540000e+01   1.0060054e+00
   1.6550000e+01   1.0035849e+00
   1.6560000e+01   1.0057674e+00
   1.6570000e+01   1.0063427e+00
   1.6580000e+01   1.0031907e+00
   1.6590000e+01   1.0041671e+00
   1.6600000e+01   1.0058999e+00
   1.6610000e+01   1.0055614e+00
   1.6620000e+01   1.0060095e+00
   1.6630000e+01   1.0045304e+00
   1.6640000e+01   1.0052253e+00
   1.6650000e+01   1.0038028e+00
   1.6660000e+01   1.0046934e+00
   1.6670000e+01   1.0057607e+00
   1.6680000e+01   1.0047337e+00
   1.6690000e+01   1.0071961e+00
   1.6700000e+01   1.0050385e+00
   1.6710000e+01   1.0064245e+00
   1.6720000e+01   1.0045288e+00
   1.6730000e+01   1.0060958e+00
   1.6740000e+01   1.0066563e+00
   1.6750000e+01   1.0046909e+00
   1.6760000e+01   1.0047922e+00
   1.6770000e+01   1.0067694e+00
   1.6780000e+01   1.0054589e+00
   1.6790000e+01   1.0055360e+00
   1.6800000e+01   1.0066804e+00
   1.6810000e+01   1.0055185e+00
   1.6820000e+01   1.0068105e+00
   1.6830000e+01   1.0042969e+00
   1.6840000e+01   1.0065567e+00
   1.6850000e+01   1.0051986e+00
   1.6860000e+01   1.0049936e+00
   1.6870000e+01   1.0031446e+00
   1.6880000e+01   1.0049896e+00
   1.6890000e+01   1.0055776e+00
   1.6900000e+01   1.0061668e+00
   1.6910000e+01   1.0047732e+00
   1.6920000e+01   1.0054947e+00
   1.6930000e+01   1.0049534e+00
   1.6940000e+01   1.0042922e+00
   1.6950000e+01   1.0051261e+00
   1.6960000e+01   1.0052548e+00
   1.6970000e+01   1.0044535e+00
   1.6980000e+01   1.0042406e+00
   1.6990000e+01   1.0039993e+00
   1.7000000e+01   1.0052790e+00
   1.7010000e+01   1.0060797e+00
   1.7020000e+01   1.0046915e+00
   1.7030000e+01   1.0051671e+00
   1.7040000e+01   1.0067682e+00
   1.7050000e+01   1.0061919e+00
   1.7060000e+01   1.0057954e+00
   1.7070000e+01   1.0072718e+00
   1.7080000e+01   1.0097311e+00
   1.7090000e+01   1.0063693e+00
   1.7100000e+01   1.0074270e+00
   1.7110000e+01   1.0103227e+00
   1.7120000e+01   1.0054795e+00
   1.7130000e+01   1.0077662e+00
   1.7140000e+01   1.0076592e+00
   1.7150000e+01   1.0072997e+00
   1.7160000e+01   1.0075373e+00
   1.7170000e+01   1.0040055e+00
   1.7180000e+01   1.0062277e+00
   1.7190000e+01   1.0049442e+00
   1.7200000e+01   1.0070641e+00
   1.7210000e+01   1.0081077e+00
   1.7220000e+01   1.0067738e+00
   1.7230000e+01   1.0052304e+00
   1.7240000e+01   1.0073087e+00
   1.7250000e+01   1.0046898e+00
   1.7260000e+01   1.0091149e+00
   1.7270000e+01   1.0060317e+00
   1.7280000e+01   1.0062323e+00
   1.7290000e+01   1.0053982e+00
   1.7300000e+01   1.0077171e+00
   1.7310000e+01   1.0052400e+00
   1.7320000e+01   1.0054108e+00
   1.7330000e+01   1.0061531e+00
   1.7340000e+01   1.0065267e+00
   1.7350000e+01   1.0067446e+00
   1.7360000e+01   1.0060182e+00
   1.7370000e+01   1.0068903e+00
   1.7380000e+01   1.0070823e+00
   1.7390000e+01   1.0051874e+00
   1.7400000e+01   1.0061190e+00
   1.7410000e+01   1.0050747e+00
   1.7420000e+01   1.0059237e+00
   1.7430000e+01   1.0053635e+00
   1.7440000e+01   1.0068264e+00
   1.7450000e+01   1.0071682e+00
   1.7460000e+01   1.0056155e+00
   1.7470000e+01   1.0063268e+00
   1.7480000e+01   1.0039509e+00
   1.7490000e+01   1.0064846e+00
   1.7500000e+01   1.0053897e+00
   1.7510000e+01   1.0065017e+00
   1.7520000e+01   1.0041105e+00
   1.7530000e+01   1.0043150e+00
   1.7540000e+01   1.0040434e+00
   1.7550000e+01   1.0074983e+00
   1.7560000e+01   1.0039595e+00
   1.7570000e+01   1.0059202e+00
   1.7580000e+01   1.0029414e+00
   1.7590000e+01   1.0040846e+00
   1.7600000e+01   1.0042243e+00
   1.7610000e+01   1.0049270e+00
   1.7620000e+01   1.0048736e+00
   1.7630000e+01   1.0043004e+00
   1.7640000e+01   1.0051622e+00
   1.7650000e+01   1.0070285e+00
   1.7660000e+01   1.0031419e+00
   1.7670000e+01   1.0049730e+00
   1.7680000e+01   1.0050478e+00
   1.7690000e+01   1.0055852e+00
   1.7700000e+01   1.0040027e+00
   1.7710000e+01   1.0042318e+00
   1.7720000e+01   1.0052506e+00
   1.7730000e+01   1.0062977e+00
   1.7740000e+01   1.0053352e+00
   1.7750000e+01   1.0052216e+00
   1.7760000e+01   1.0066337e+00
   1.7770000e+01   1.0065867e+00
   1.7780000e+01   1.0078461e+00
   1.7790000e+01   1.0067505e+00
   1.7800000e+01   1.0064021e+00
   1.7810000e+01   1.0057498e+00
   1.7820000e+01   1.0066233e+00
   1.7830000e+01   1.0064044e+00
   1.7840000e+01   1.0070450e+00
   1.7850000e+01   1.0064520e+00
   1.7860000e+01   1.0059277e+00
   1.7870000e+01   1.0050163e+00
   1.7880000e+01   1.0051908e+00
   1.7890000e+01   1.0059191e+00
   1.7900000e+01   1.0076957e+00
   1.7910000e+01   1.0051766e+00
   1.7920000e+01   1.0064450e+00
   1.7930000e+01   1.0090321e+00
   1.7940000e+01   1.0080902e+00
   1.7950000e+01   1.0086522e+00
   1.7960000e+01   1.0075708e+00
   1.7970000e+01   1.0075375e+00
   1.7980000e+01   1.0100461e+00
   1.7990000e+01   1.0090872e+00
   1.8000000e+01   1.0078038e+00
   1.8010000e+01   1.0086864e+00
   1.8020000e+01   1.0091416e+00
   1.8030000e+01   1.0077964e+00
   1.8040000e+01   1.0076915e+00
   1.8050000e+01   1.0074833e+00
   1.8060000e+01   1.0080158e+00
   1.8070000e+01   1.0087575e+00
   1.8080000e+01   1.0048548e+00
   1.8090000e+01   1.0065485e+00
   1.8100000e+01   1.0075264e+00
   1.8110000e+01   1.0059902e+00
   1.8120000e+01   1.0056678e+00
   1.8130000e+01   1.0042009e+00
   1.8140000e+01   1.0058959e+00
   1.8150000e+01   1.0055784e+00
   1.8160000e+01   1.0058117e+00
   1.8170000e+01   1.0052674e+00
   1.8180000e+01   1.0052507e+00
   1.8190000e+01   1.0042581e+00
   1.8200000e+01   1.0060225e+00
   1.8210000e+01   1.0064371e+00
   1.8220000e+01   1.0026736e+00
   1.8230000e+01   1.0051816e+00
   1.8240000e+01   1.0064439e+00
   1.8250000e+01   1.0066352e+00
   1.8260000e+01   1.0056439e+00
   1.8270000e+01   1.0051783e+00
   1.8280000e+01   1.0053363e+00
   1.8290000e+01   1.0061990e+00
   1.8300000e+01   1.0045800e+00
   1.8310000e+01   1.0080370e+00
   1.8320000e+01   1.0040759e+00
   1.8330000e+01   1.0072582e+00
   1.8340000e+01   1.0067703e+00
   1.8350000e+01   1.0091756e+00
   1.8360000e+01   1.0066714e+00
   1.8370000e+01   1.0065257e+00
   1.8380000e+01   1.0074729e+00
   1.8390000e+01   1.0050693e+00
   1.8400000e+01   1.0061185e+00
   1.8410000e+01   1.0043972e+00
   1.8420000e+01   1.0043667e+00
   1.8430000e+01   1.0051728e+00
   1.8440000e+01   1.0060324e+00
   1.8450000e+01   1.0032643e+00
   1.8460000e+01   1.0061842e+00
   1.8470000e+01   1.0042777e+00
   1.8480000e+01   1.0041638e+00
   1.8490000e+01   1.0039873e+00
   1.8500000e+01   1.0053383e+00
   1.8510000e+01   1.0043998e+00
   1.8520000e+01   1.0056740e+00
   1.8530000e+01   1.0032489e+00
   1.8540000e+01   1.0046389e+00
   1.8550000e+01   1.0043070e+00
   1.8560000e+01   1.0059589e+00
   1.8570000e+01   1.0048717e+00
   1.8580000e+01   1.0042993e+00
   1.8590000e+01   1.0066220e+00
   1.8600000e+01   1.0056313e+00
   1.8610000e+01   1.0041270e+00
   1.8620000e+01   1.0057834e+00
   1.8630000e+01   1.0060224e+00
   1.8640000e+01   1.0073667e+00
   1.8650000e+01   1.0054960e+00
   1.8660000e+01   1.0074271e+00
   1.8670000e+01   1.0051606e+00
   1.8680000e+01   1.0077514e+00
   1.8690000e+01   1.0058245e+00
   1.8700000e+01   1.0068477e+00
   1.8710000e+01   1.0058133e+00
   1.8720000e+01   1.0067472e+00
   1.8730000e+01   1.0064745e+00
   1.8740000e+01   1.0061530e+00
   1.8750000e+01   1.0050299e+00
   1.8760000e+01   1.0073591e+00
   1.8770000e+01   1.0068579e+00
   1.8780000e+01   1.0059096e+00
   1.8790000e+01   1.0075569e+00
   1.8800000e+01   1.0061009e+00
   1.8810000e+01   1.0063606e+00
   1.8820000e+01   1.0070225e+00
   1.8830000e+01   1.0053120e+00
   1.8840000e+01   1.0059329e+00
   1.8850000e+01   1.0045756e+00
   1.8860000e+01   1.0067113e+00
   1.8870000e+01   1.0051653e+00
   1.8880000e+01   1.0051220e+00
   1.8890000e+01   1.0041154e+00
   1.8900000e+01   1.0061055e+00
   1.8910000e+01   1.0038419e+00
   1.8920000e+01   1.0039827e+00
   1.8930000e+01   1.0016856e+00
   1.8940000e+01   1.0011168e+00
   1.8950000e+01   1.0051494e+00
   1.8960000e+01   1.0006859e+00
   1.8970000e+01   1.0046912e+00
   1.8980000e+01   1.0023594e+00
   1.8990000e+01   1.0045301e+00
   1.9000000e+01   1.0014593e+00
   1.9010000e+01   1.0019071e+00
   1.9020000e+01   1.0018520e+00
   1.9030000e+01   1.0015519e+00
   1.9040000e+01   1.0021094e+00
   1.9050000e+01   1.0015215e+00
   1.9060000e+01   1.0005532e+00
   1.9070000e+01   1.0030477e+00
   1.9080000e+01   9.9991425e-01
   1.9090000e+01   9.9940364e-01
   1.9100000e+01   1.0009640e+00
   1.9110000e+01   1.0013451e+00
   1.9120000e+01   1.0004983e+00
   1.9130000e+01   1.0012749e+00
   1.9140000e+01   1.0018414e+00
   1.9150000e+01   1.0013730e+00
   1.9160000e+01   9.9914571e-01
   1.9170000e+01   1.0007578e+00
   1.9180000e+01   1.0003506e+00
   1.9190000e+01   9.9973798e-01
   1.9200000e+01   1.0007858e+00
   1.9210000e+01   9.9891207e-01
   1.9220000e+01   1.0016362e+00
   1.9230000e+01   9.9680246e-01
   1.9240000e+01   9.9960739e-01
   1.9250000e+01   9.9874006e-01
   1.9260000e+01   9.9900556e-01
   1.9270000e+01   9.9960449e-01
   1.9280000e+01   9.9935289e-01
   1.9290000e+01   9.9855087e-01
   1.9300000e+01   9.9927841e-01
   1.9310000e+01   9.9991892e-01
   1.9320000e+01   9.9977156e-01
   1.9330000e+01   9.9902180e-01
   1.9340000e+01   9.9844373e-01
   1.9350000e+01   1.0002640e+00
   1.9360000e+01   9.9747945e-01
   1.9370000e+01   1.0014636e+00
   1.9380000e+01   9.9861730e-01
   1.9390000e+01   1.0004352e+00
   1.9400000e+01   9.9985862e-01
   1.9410000e+01   1.0010683e+00
   1.9420000e+01   9.9953165e-01
   1.9430000e+01   9.9966095e-01
   1.9440000e+01   9.9864716e-01
   1.9450000e+01   9.9911107e-01
   1.9460000e+01   1.0002744e+00
   1.9470000e+01   9.9812657e-01
   1.9480000e+01   9.9822796e-01
   1.9490000e+01   9.9812137e-01
   1.9500000e+01   9.9838295e-01
   1.9510000e+01   9.9845295e-01
   1.9520000e+01   9.9634163e-01
   1.9530000e+01   9.9849170e-01
   1.9540000e+01   9.9812206e-01
   1.9550000e+01   9.9799698e-01
   1.9560000e+01   9.9809863e-01
   1.9570000e+01   9.9815326e-01
   1.9580000e+01   9.9703566e-01
   1.9590000e+01   9.9766059e-01
   1.9600000e+01   9.9739747e-01
   1.9610000e+01   9.9822031e-01
   1.9620000e+01   9.9777951e-01
   1.9630000e+01   9.9630810e-01
   1.9640000e+01   9.9633792e-01
   1.9650000e+01   9.9613326e-01
   1.9660000e+01   9.9393770e-01
   1.9670000e+01   9.9670690e-01
   1.9680000e+01   9.9591493e-01
   1.9690000e+01   9.9609524e-01
   1.9700000e+01   9.9586307e-01
   1.9710000e+01   9.9707772e-01
   1.9720000e+01   9.9568837e-01
   1.9730000e+01   9.9523284e-01
   1.9740000e+01   9.9542018e-01
   1.9750000e+01   9.9476220e-01
   1.9760000e+01   9.9449168e-01
   1.9770000e+01   9.9584828e-01
   1.9780000e+01   9.9381671e-01
   1.9790000e+01   9.9182654e-01
   1.9800000e+01   9.9357462e-01
   1.9810000e+01   9.9475796e-01
   1.9820000e+01   9.9311005e-01
   1.9830000e+01   9.9461806e-01
   1.9840000e+01   9.9421587e-01
   1.9850000e+01   9.9393268e-01
   1.9860000e+01   9.9394971e-01
   1.9870000e+01   9.9254867e-01
   1.9880000e+01   9.9309338e-01
   1.9890000e+01   9.9276772e-01
   1.9900000e+01   9.9437552e-01
   1.9910000e+01   9.9374461e-01
   1.9920000e+01   9.9341727e-01
   1.9930000e+01   9.9388748e-01
   1.9940000e+01   9.9259095e-01
   1.9950000e+01   9.9565307e-01
   1.9960000e+01   9.9493136e-01
   1.9970000e+01   9.9134461e-01
   1.9980000e+01   9.9383416e-01
   1.9990000e+01   9.9543926e-01
   2.0000000e+01   9.9366542e-01
   2.0010000e+01   9.9270537e-01
   2.0020000e+01   9.9408633e-01
   2.0030000e+01   9.9385504e-01
   2.0040000e+01   9.9366960e-01
   2.0050000e+01   9.9338184e-01
   2.0060000e+01   9.9475987e-01
   2.0070000e+01   9.9522226e-01
   2.0080000e+01   9.9516451e-01
   2.0090000e+01   9.9251610e-01
   2.0100000e+01   9.9530015e-01
   2.0110000e+01   9.9367133e-01
   2.0120000e+01   9.9486514e-01
   2.0130000e+01   9.9604700e-01
   2.0140000e+01   9.9549372e-01
   2.0150000e+01   9.9523413e-01
   2.0160000e+01   9.9515572e-01
   2.0170000e+01   9.9461685e-01
   2.0180000e+01   9.9570532e-01
   2.0190000e+01   9.9349099e-01
   2.0200000e+01   9.9375697e-01
   2.0210000e+01   9.9441931e-01
   2.0220000e+01   9.9564445e-01
   2.0230000e+01   9.9503011e-01
   2.0240000e+01   9.9358818e-01
   2.0250000e+01   9.9541025e-01
   2.0260000e+01   9.9344937e-01
   2.0270000e+01   9.9462767e-01
   2.0280000e+01   9.9374093e-01
   2.0290000e+01   9.9442460e-01
   2.0300000e+01   9.9280596e-01
   2.0310000e+01   9.9372522e-01
   2.0320000e+01   9.9412702e-01
   2.0330000e+01   9.9285027e-01
   2.0340000e+01   9.9154587e-01
   2.0350000e+01   9.9256922e-01
   2.0360000e+01   9.9352587e-01
   2.0370000e+01   9.9204649e-01
   2.0380000e+01   9.9302448e-01
   2.0390000e+01   9.9254747e-01
   2.0400000e+01   9.9254413e-01
   2.0410000e+01   9.9056046e-01
   2.0420000e+01   9.9260104e-01
   2.0430000e+01   9.9320801e-01
   2.0440000e+01   9.9294561e-01
   2.0450000e+01   9.9356558e-01
   2.0460000e+01   9.9233564e-01
   2.0470000e+01   9.9245018e-01
   2.0480000e+01   9.9578508e-01
   2.0490000e+01   9.9333523e-01
   2.0500000e+01   9.9141146e-01
   2.0510000e+01   9.9158612e-01
   2.0520000e+01   9.9234208e-01
   2.0530000e+01   9.9367306e-01
   2.0540000e+01   9.9307672e-01
   2.0550000e+01   9.9530181e-01
   2.0560000e+01   9.9376377e-01
   2.0570000e+01   9.9294707e-01
   2.0580000e+01   9.9431090e-01
   2.0590000e+01   9.9410402e-01
   2.0600000e+01   9.9438511e-01
   2.0610000e+01   9.9298058e-01
   2.0620000e+01   9.9307762e-01
   2.0630000e+01   9.9316199e-01
   2.0640000e+01   9.9220469e-01
   2.0650000e+01   9.9300577e-01
   2.0660000e+01   9.9172757e-01
   2.0670000e+01   9.9393580e-01
   2.0680000e+01   9.9296388e-01
   2.0690000e+01   9.9255969e-01
   2.0700000e+01   9.9180303e-01
   2.0710000e+01   9.9092241e-01
   2.0720000e+01   9.9374497e-01
   2.0730000e+01   9.9387860e-01
   2.0740000e+01   9.9057279e-01
   2.0750000e+01   9.9390839e-01
   2.0760000e+01   9.9234670e-01
   2.0770000e+01   9.9327718e-01
   2.0780000e+01   9.9462421e-01
   2.0790000e+01   9.9219813e-01
   2.0800000e+01   9.9206235e-01
   2.0810000e+01   9.9238024e-01
   2.0820000e+01   9.9005683e-01
   2.0830000e+01   9.9223181e-01
   2.0840000e+01   9.9243563e-01
   2.0850000e+01   9.9152432e-01
   2.0860000e+01   9.9243974e-01
   2.0870000e+01   9.9117563e-01
   2.0880000e+01   9.9446583e-01
   2.0890000e+01   9.9154098e-01
   2.0900000e+01   9.9206119e-01
   2.0910000e+01   9.9206108e-01
   2.0920000e+01   9.9134526e-01
   2.0930000e+01   9.9287331e-01
   2.0940000e+01   9.9270290e-01
   2.0950000e+01   9.9019718e-01
   2.0960000e+01   9.9135544e-01
   2.0970000e+01   9.9553982e-01
   2.0980000e+01   9.9091161e-01
   2.0990000e+01   9.9242251e-01
   2.1000000e+01   9.9293713e-01
   2.1010000e+01   9.9255367e-01
   2.1020000e+01   9.9180841e-01
   2.1030000e+01   9.9260315e-01
   2.1040000e+01   9.9091662e-01
   2.1050000e+01   9.9112322e-01
   2.1060000e+01   9.9368984e-01
   2.1070000e+01   9.9160015e-01
   2.1080000e+01   9.9240447e-01
   2.1090000e+01   9.9165192e-01
   2.1100000e+01   9.9436980e-01
   2.1110000e+01   9.9231787e-01
   2.1120000e+01   9.9268257e-01
   2.1130000e+01   9.9388347e-01
   2.1140000e+01   9.9352731e-01
   2.1150000e+01   9.9409860e-01
   2.1160000e+01   9.9673534e-01
   2.1170000e+01   9.9498368e-01
   2.1180000e+01   9.9681195e-01
   2.1190000e+01   9.9571074e-01
   2.1200000e+01   9.9654967e-01
   2.1210000e+01   9.9619528e-01
   2.1220000e+01   9.9614409e-01
   2.1230000e+01   9.9426856e-01
   2.1240000e+01   9.9768239e-01
   2.1250000e+01   9.9502698e-01
   2.1260000e+01   9.9647265e-01
   2.1270000e+01   9.9705747e-01
   2.1280000e+01   9.9716844e-01
   2.1290000e+01   9.9662225e-01
   2.1300000e+01   9.9586761e-01
   2.1310000e+01   9.9458331e-01
   2.1320000e+01   9.9675476e-01
   2.1330000e+01   9.9491696e-01
   2.1340000e+01   9.9498282e-01
   2.1350000e+01   9.9345087e-01
   2.1360000e+01   9.9521161e-01
   2.1370000e+01   9.9455165e-01
   2.1380000e+01   9.9469546e-01
   2.1390000e+01   9.9656438e-01
   2.1400000e+01   9.9466879e-01
   2.1410000e+01   9.9670019e-01
   2.1420000e+01   9.9418885e-01
   2.1430000e+01   9.9588112e-01
   2.1440000e+01   9.9091082e-01
   2.1450000e+01   9.9602023e-01
   2.1460000e+01   9.9247164e-01
   2.1470000e+01   9.9503396e-01
   2.1480000e+01   9.9536780e-01
   2.1490000e+01   9.9427277e-01
   2.1500000e+01   9.9585425e-01
   2.1510000e+01   9.9674297e-01
   2.1520000e+01   9.9472063e-01
   2.1530000e+01   9.9743474e-01
   2.1540000e+01   9.9608843e-01
   2.1550000e+01   9.9386726e-01
   2.1560000e+01   9.9742798e-01
   2.1570000e+01   9.9801485e-01
   2.1580000e+01   9.9551916e-01
   2.1590000e+01   9.9678690e-01
   2.1600000e+01   9.9702199e-01
   2.1610000e+01   9.9809531e-01
   2.1620000e+01   9.9634641e-01
   2.1630000e+01   9.9608829e-01
   2.1640000e+01   9.9728547e-01
   2.1650000e+01   9.9844864e-01
   2.1660000e+01   9.9645400e-01
   2.1670000e+01   9.9701356e-01
   2.1680000e+01   9.9653389e-01
   2.1690000e+01   9.9431481e-01
   2.1700000e+01   9.9612072e-01
   2.1710000e+01   9.9585175e-01
   2.1720000e+01   9.9675487e-01
   2.1730000e+01   9.9647430e-01
   2.1740000e+01   9.9432290e-01
   2.1750000e+01   9.9649146e-01
   2.1760000e+01   9.9647837e-01
   2.1770000e+01   9.9623117e-01
   2.1780000e+01   9.9801869e-01
   2.1790000e+01   9.9704185e-01
   2.1800000e+01   9.9675404e-01
   2.1810000e+01   9.9652420e-01
   2.1820000e+01   9.9791142e-01
   2.1830000e+01   9.9560719e-01
   2.1840000e+01   9.9739083e-01
   2.1850000e+01   9.9798176e-01
   2.1860000e+01   9.9745518e-01
   2.1870000e+01   9.9814391e-01
   2.1880000e+01   9.9808615e-01
   2.1890000e+01   9.9718163e-01
   2.1900000e+01   9.9702577e-01
   2.1910000e+01   9.9650482e-01
   2.1920000e+01   9.9702748e-01
   2.1930000e+01   9.9760110e-01
   2.1940000e+01   9.9836307e-01
   2.1950000e+01   9.9933763e-01
   2.1960000e+01   1.0007656e+00
   2.1970000e+01   1.0005288e+00
   2.1980000e+01   1.0002153e+00
   2.1990000e+01   9.9931474e-01
   2.2000000e+01   9.9876075e-01
   2.2010000e+01   9.9988301e-01
   2.2020000e+01   1.0011846e+00
   2.2030000e+01   1.0001787e+00
   2.2040000e+01   9.9906644e-01
   2.2050000e+01   9.9974165e-01
   2.2060000e+01   9.9911931e-01
   2.2070000e+01   9.9967096e-01
   2.2080000e+01   9.9836029e-01
   2.2090000e+01   1.0001859e+00
   2.2100000e+01   1.0000858e+00
   2.2110000e+01   1.0009239e+00
   2.2120000e+01   9.9880494e-01
   2.2130000e+01   9.9987969e-01
   2.2140000e+01   9.9820203e-01
   2.2150000e+01   9.9999764e-01
   2.2160000e+01   1.0004701e+00
   2.2170000e+01   1.0008136e+00
   2.2180000e+01   9.9931956e-01
   2.2190000e+01   9.9979938e-01
   2.2200000e+01   9.9994118e-01
   2.2210000e+01   9.9886134e-01
   2.2220000e+01   9.9994380e-01
   2.2230000e+01   9.9788319e-01
   2.2240000e+01   1.0028358e+00
   2.2250000e+01   1.0001661e+00
   2.2260000e+01   9.9944467e-01
   2.2270000e+01   9.9849390e-01
   2.2280000e+01   9.9871715e-01
   2.2290000e+01   9.9974393e-01
   2.2300000e+01   9.9886483e-01
   2.2310000e+01   1.0000840e+00
   2.2320000e+01   9.9781144e-01
   2.2330000e+01   9.9760991e-01
   2.2340000e+01   9.9873599e-01
   2.2350000e+01   9.9901020e-01
   2.2360000e+01   9.9971424e-01
   2.2370000e+01   1.0010668e+00
   2.2380000e+01   9.9908588e-01
   2.2390000e+01   9.9866257e-01
   2.2400000e+01   1.0003977e+00
   2.2410000e+01   9.9881859e-01
   2.2420000e+01   1.0007962e+00
   2.2430000e+01   1.0011098e+00
   2.2440000e+01   1.0012731e+00
   2.2450000e+01   1.0019171e+00
   2.2460000e+01   1.0015561e+00
   2.2470000e+01   1.0008966e+00
   2.2480000e+01   1.0005273e+00
   2.2490000e+01   1.0010434e+00
   2.2500000e+01   1.0006779e+00
   2.2510000e+01   1.0023175e+00
   2.2520000e+01   1.0005734e+00
   2.2530000e+01   1.0032927e+00
   2.2540000e+01   1.0030275e+00
   2.2550000e+01   1.0044073e+00
   2.2560000e+01   1.0055775e+00
   2.2570000e+01   1.0025337e+00
   2.2580000e+01   1.0024970e+00
   2.2590000e+01   1.0045699e+00
   2.2600000e+01   1.0021381e+00
   2.2610000e+01   1.0027849e+00
   2.2620000e+01   1.0026274e+00
   2.2630000e+01   1.0007537e+00
   2.2640000e+01   1.0022738e+00
   2.2650000e+01   1.0042323e+00
   2.2660000e+01   1.0022572e+00
   2.2670000e+01   1.0009892e+00
   2.2680000e+01   1.0032420e+00
   2.2690000e+01   1.0010381e+00
   2.2700000e+01   1.0013885e+00
   2.2710000e+01   1.0036300e+00
   2.2720000e+01   1.0012532e+00
   2.2730000e+01   1.0028636e+00
   2.2740000e+01   1.0014152e+00
   2.2750000e+01   1.0024796e+00
   2.2760000e+01   1.0016798e+00
   2.2770000e+01   1.0045792e+00
   2.2780000e+01   1.0026252e+00
   2.2790000e+01   1.0047755e+00
   2.2800000e+01   1.0025789e+00
   2.2810000e+01   1.0029326e+00
   2.2820000e+01   1.0036423e+00
   2.2830000e+01   1.0028933e+00
   2.2840000e+01   1.0054401e+00
   2.2850000e+01   1.0054985e+00
   2.2860000e+01   1.0062423e+00
   2.2870000e+01   1.0038777e+00
   2.2880000e+01   1.0041944e+00
   2.2890000e+01   1.0045793e+00
   2.2900000e+01   1.0067260e+00
   2.2910000e+01   1.0060285e+00
   2.2920000e+01   1.0049779e+00
   2.2930000e+01   1.0048516e+00
   2.2940000e+01   1.0055569e+00
   2.2950000e+01   1.0072590e+00
   2.2960000e+01   1.0063948e+00
   2.2970000e+01   1.0048995e+00
   2.2980000e+01   1.0067326e+00
   2.2990000e+01   1.0082328e+00
   2.3000000e+01   1.0057997e+00
   2.3010000e+01   1.0061419e+00
   2.3020000e+01   1.0079844e+00
   2.3030000e+01   1.0069279e+00
   2.3040000e+01   1.0042529e+00
   2.3050000e+01   1.0077477e+00
   2.3060000e+01   1.0063011e+00
   2.3070000e+01   1.0072507e+00
   2.3080000e+01   1.0061252e+00
   2.3090000e+01   1.0046803e+00
   2.3100000e+01   1.0076774e+00
   2.3110000e+01   1.0073604e+00
   2.3120000e+01   1.0073169e+00
   2.3130000e+01   1.0076604e+00
   2.3140000e+01   1.0076199e+00
   2.3150000e+01   1.0049615e+00
   2.3160000e+01   1.0053977e+00
   2.3170000e+01   1.0068008e+00
   2.3180000e+01   1.0062991e+00
   2.3190000e+01   1.0063575e+00
   2.3200000e+01   1.0091606e+00
   2.3210000e+01   1.0074575e+00
   2.3220000e+01   1.0055071e+00
   2.3230000e+01   1.0087782e+00
   2.3240000e+01   1.0080314e+00
   2.3250000e+01   1.0074747e+00
   2.3260000e+01   1.0085892e+00
   2.3270000e+01   1.0063571e+00
   2.3280000e+01   1.0062781e+00
   2.3290000e+01   1.0079110e+00
   2.3300000e+01   1.0063784e+00
   2.3310000e+01   1.0077189e+00
   2.3320000e+01   1.0064384e+00
   2.3330000e+01   1.0082773e+00
   2.3340000e+01   1.0080731e+00
   2.3350000e+01   1.0078144e+00
   2.3360000e+01   1.0065295e+00
   2.3370000e+01   1.0075119e+00
   2.3380000e+01   1.0069039e+00
   2.3390000e+01   1.0074916e+00
   2.3400000e+01   1.0063230e+00
   2.3410000e+01   1.0065590e+00
   2.3420000e+01   1.0084744e+00
   2.3430000e+01   1.0073161e+00
   2.3440000e+01   1.0060126e+00
   2.3450000e+01   1.0054470e+00
   2.3460000e+01   1.0075886e+00
   2.3470000e+01   1.0032644e+00
   2.3480000e+01   1.0053113e+00
   2.3490000e+01   1.0051849e+00
   2.3500000e+01   1.0049550e+00
   2.3510000e+01   1.0060355e+00
   2.3520000e+01   1.0065109e+00
   2.3530000e+01   1.0066543e+00
   2.3540000e+01   1.0065203e+00
   2.3550000e+01   1.0029825e+00
   2.3560000e+01   1.0063452e+00
   2.3570000e+01   1.0046814e+00
   2.3580000e+01   1.0038225e+00
   2.3590000e+01   1.0023650e+00
   2.3600000e+01   1.0039463e+00
   2.3610000e+01   1.0063775e+00
   2.3620000e+01   1.0038268e+00
   2.3630000e+01   1.0068286e+00
   2.3640000e+01   1.0039908e+00
   2.3650000e+01   1.0028086e+00
   2.3660000e+01   1.0053748e+00
   2.3670000e+01   1.0051948e+00
   2.3680000e+01   1.0037222e+00
   2.3690000e+01   1.0056037e+00
   2.3700000e+01   1.0054908e+00
   2.3710000e+01   1.0042148e+00
   2.3720000e+01   1.0044612e+00
   2.3730000e+01   1.0048036e+00
   2.3740000e+01   1.0042714e+00
   2.3750000e+01   1.0048526e+00
   2.3760000e+01   1.0067230e+00
   2.3770000e+01   1.0053984e+00
   2.3780000e+01   1.0052662e+00
   2.3790000e+01   1.0056949e+00
   2.3800000e+01   1.0045272e+00
   2.3810000e+01   1.0054138e+00
   2.3820000e+01   1.0047184e+00
   2.3830000e+01   1.0058850e+00
   2.3840000e+01   1.0033232e+00
   2.3850000e+01   1.0069385e+00
   2.3860000e+01   1.0083179e+00
   2.3870000e+01   1.0058694e+00
   2.3880000e+01   1.0076873e+00
   2.3890000e+01   1.0057724e+00
   2.3900000e+01   1.0067401e+00
   2.3910000e+01   1.0075130e+00
   2.3920000e+01   1.0076644e+00
   2.3930000e+01   1.0056285e+00
   2.3940000e+01   1.0063224e+00
   2.3950000e+01   1.0065138e+00
   2.3960000e+01   1.0057746e+00
   2.3970000e+01   1.0053323e+00
   2.3980000e+01   1.0044689e+00
   2.3990000e+01   1.0035877e+00
   2.4000000e+01   1.0055817e+00
   2.4010000e+01   1.0033334e+00
   2.4020000e+01   1.0057245e+00
   2.4030000e+01   1.0041426e+00
   2.4040000e+01   1.0056335e+00
   2.4050000e+01   1.0053355e+00
   2.4060000e+01   1.0051956e+00
   2.4070000e+01   1.0040966e+00
   2.4080000e+01   1.0048767e+00
   2.4090000e+01   1.0064776e+00
   2.4100000e+01   1.0052107e+00
   2.4110000e+01   1.0053396e+00
   2.4120000e+01   1.0057311e+00
   2.4130000e+01   1.0058792e+00
   2.4140000e+01   1.0045730e+00
   2.4150000e+01   1.0040152e+00
   2.4160000e+01   1.0055226e+00
   2.4170000e+01   1.0070893e+00
   2.4180000e+01   1.0066761e+00
   2.4190000e+01   1.0098568e+00
   2.4200000e+01   1.0060030e+00
   2.4210000e+01   1.0048159e+00
   2.4220000e+01   1.0085154e+00
   2.4230000e+01   1.0066104e+00
   2.4240000e+01   1.0065151e+00
   2.4250000e+01   1.0054117e+00
   2.4260000e+01   1.0059393e+00
   2.4270000e+01   1.0047112e+00
   2.4280000e+01   1.0070167e+00
   2.4290000e+01   1.0061715e+00
   2.4300000e+01   1.0054578e+00
   2.4310000e+01   1.0086311e+00
   2.4320000e+01   1.0064070e+00
   2.4330000e+01   1.0053724e+00
   2.4340000e+01   1.0043402e+00
   2.4350000e+01   1.0052918e+00
   2.4360000e+01   1.0064906e+00
   2.4370000e+01   1.0063026e+00
   2.4380000e+01   1.0044144e+00
   2.4390000e+01   1.0062969e+00
   2.4400000e+01   1.0074166e+00
   2.4410000e+01   1.0064381e+00
   2.4420000e+01   1.0041414e+00
   2.4430000e+01   1.0061924e+00
   2.4440000e+01   1.0024156e+00
   2.4450000e+01   1.0056154e+00
   2.4460000e+01   1.0042409e+00
   2.4470000e+01   1.0039295e+00
   2.4480000e+01   1.0052968e+00
   2.4490000e+01   1.0055824e+00
   2.4500000e+01   1.0057277e+00
   2.4510000e+01   1.0030248e+00
   2.4520000e+01   1.0043185e+00
   2.4530000e+01   1.0052526e+00
   2.4540000e+01   1.0043808e+00
   2.4550000e+01   1.0067987e+00
   2.4560000e+01   1.0062964e+00
   2.4570000e+01   1.0043670e+00
   2.4580000e+01   1.0040973e+00
   2.4590000e+01   1.0011198e+00
   2.4600000e+01   1.0043332e+00
   2.4610000e+01   1.0050692e+00
   2.4620000e+01   1.0034124e+00
   2.4630000e+01   1.0017525e+00
   2.4640000e+01   1.0045137e+00
   2.4650000e+01   1.0017063e+00
   2.4660000e+01   1.0039582e+00
   2.4670000e+01   1.0040046e+00
   2.4680000e+01   1.0052389e+00
   2.4690000e+01   1.0035588e+00
   2.4700000e+01   1.0051888e+00
   2.4710000e+01   1.0029234e+00
   2.4720000e+01   1.0026076e+00
   2.4730000e+01   1.0048710e+00
   2.4740000e+01   1.0050462e+00
   2.4750000e+01   1.0030766e+00
   2.4760000e+01   1.0043732e+00
   2.4770000e+01   1.0032051e+00
   2.4780000e+01   1.0034875e+00
   2.4790000e+01   1.0055516e+00
   2.4800000e+01   1.0038033e+00
   2.4810000e+01   1.0043357e+00
   2.4820000e+01   1.0043797e+00
   2.4830000e+01   1.0034503e+00
   2.4840000e+01   1.0038095e+00
   2.4850000e+01   1.0034707e+00
   2.4860000e+01   1.0059743e+00
   2.4870000e+01   1.0048155e+00
   2.4880000e+01   1.0031043e+00
   2.4890000e+01   1.0031139e+00
   2.4900000e+01   1.0036728e+00
   2.4910000e+01   1.0032012e+00
   2.4920000e+01   1.0037693e+00
   2.4930000e+01   1.0048976e+00
   2.4940000e+01   1.0015923e+00
   2.4950000e+01   1.0038845e+00
   2.4960000e+01   1.0019358e+00
   2.4970000e+01   1.0056992e+00
   2.4980000e+01   1.0021948e+00
   2.4990000e+01   1.0020452e+00
   2.5000000e+01   1.0006849e+00
   2.5010000e+01   1.0022453e+00
   2.5020000e+01   1.0020093e+00
   2.5030000e+01   1.0023825e+00
   2.5040000e+01   1.0005187e+00
   2.5050000e+01   1.0019319e+00
   2.5060000e+01   1.0018727e+00
   2.5070000e+01   1.0030209e+00
   2.5080000e+01   1.0010023e+00
   2.5090000e+01   1.0010534e+00
   2.5100000e+01   1.0003767e+00
   2.5110000e+01   1.0021619e+00
   2.5120000e+01   1.0002408e+00
   2.5130000e+01   1.0019370e+00
   2.5140000e+01   1.0025793e+00
   2.5150000e+01   1.0000543e+00
   2.5160000e+01   1.0002843e+00
   2.5170000e+01   1.0001778e+00
   2.5180000e+01   1.0019183e+00
   2.5190000e+01   1.0017972e+00
   2.5200000e+01   1.0017712e+00
   2.5210000e+01   1.0014988e+00
   2.5220000e+01   9.9905461e-01
   2.5230000e+01   1.0009941e+00
   2.5240000e+01   9.9914421e-01
   2.5250000e+01   1.0002056e+00
   2.5260000e+01   9.9990549e-01
   2.5270000e+01   9.9966389e-01
   2.5280000e+01   1.0001909e+00
   2.5290000e+01   9.9872374e-01
   2.5300000e+01   9.9887472e-01
   2.5310000e+01   9.9766119e-01
   2.5320000e+01   9.9781306e-01
   2.5330000e+01   1.0003253e+00
   2.5340000e+01   9.9962709e-01
   2.5350000e+01   9.9965597e-01
   2.5360000e+01   9.9746816e-01
   2.5370000e+01   1.0000842e+00
   2.5380000e+01   1.0002605e+00
   2.5390000e+01   9.9938263e-01
   2.5400000e+01   9.9847150e-01
   2.5410000e+01   9.9994426e-01
   2.5420000e+01   9.9972169e-01
   2.5430000e+01   9.9946624e-01
   2.5440000e+01   9.9713464e-01
   2.5450000e+01   9.9991592e-01
   2.5460000e+01   9.9851420e-01
   2.5470000e+01   1.0003371e+00
   2.5480000e+01   9.9715235e-01
   2.5490000e+01   1.0003783e+00
   2.5500000e+01   9.9918173e-01
   2.5510000e+01   9.9708994e-01
   2.5520000e+01   9.9920928e-01
   2.5530000e+01   9.9975965e-01
   2.5540000e+01   9.9798865e-01
   2.5550000e+01   9.9922488e-01
   2.5560000e+01   9.9974267e-01
   2.5570000e+01   9.9740189e-01
   2.5580000e+01   9.9953043e-01
   2.5590000e+01   9.9776814e-01
   2.5600000e+01   9.9875417e-01
   2.5610000e+01   9.9799512e-01
   2.5620000e+01   9.9961930e-01
   2.5630000e+01   9.9788481e-01
   2.5640000e+01   9.9806774e-01
   2.5650000e+01   9.9735408e-01
   2.5660000e+01   9.9896154e-01
   2.5670000e+01   9.9778459e-01
   2.5680000e+01   9.9809602e-01
   2.5690000e+01   9.9754606e-01
   2.5700000e+01   9.9777546e-01
   2.5710000e+01   9.9929618e-01
   2.5720000e+01   1.0005761e+00
   2.5730000e+01   9.9791696e-01
   2.5740000e+01   9.9952807e-01
   2.5750000e+01   9.9686501e-01
   2.5760000e+01   9.9692661e-01
   2.5770000e+01   9.9615116e-01
   2.5780000e+01   9.9923111e-01
   2.5790000e+01   9.9669347e-01
   2.5800000e+01   9.9861316e-01
   2.5810000e+01   9.9745114e-01
   2.5820000e+01   9.9987692e-01
   2.5830000e+01   9.9710496e-01
   2.5840000e+01   9.9681032e-01
   2.5850000e+01   1.0002345e+00
   2.5860000e+01   9.9676327e-01
   2.5870000e+01   9.9995740e-01
   2.5880000e+01   9.9942864e-01
   2.5890000e+01   9.9574222e-01
   2.5900000e+01   9.9829316e-01
   2.5910000e+01   9.9830131e-01
   2.5920000e+01   9.9693022e-01
   2.5930000e+01   9.9586916e-01
   2.5940000e+01   9.9876433e-01
   2.5950000e+01   9.9837626e-01
   2.5960000e+01   9.9741103e-01
   2.5970000e+01   9.9547283e-01
   2.5980000e+01   9.9581556e-01
   2.5990000e+01   9.9586199e-01
   2.6000000e+01   9.9683681e-01
   2.6010000e+01   9.9709885e-01
   2.6020000e+01   9.9851612e-01
   2.6030000e+01   9.9965902e-01
   2.6040000e+01   9.9699452e-01
   2.6050000e+01   9.9815167e-01
   2.6060000e+01   9.9897328e-01
   2.6070000e+01   9.9817434e-01
   2.6080000e+01   9.9833947e-01
   2.6090000e+01   9.9721365e-01
   2.6100000e+01   9.9731861e-01
   2.6110000e+01   9.9779129e-01
   2.6120000e+01   9.9839820e-01
   2.6130000e+01   9.9874666e-01
   2.6140000e+01   9.9715408e-01
   2.6150000e+01   9.9977078e-01
   2.6160000e+01   9.9766602e-01
   2.6170000e+01   9.9869626e-01
   2.6180000e+01   9.9690871e-01
   2.6190000e+01   9.9673543e-01
   2.6200000e+01   9.9860466e-01
   2.6210000e+01   9.9936027e-01
   2.6220000e+01   9.9638785e-01
   2.6230000e+01   9.9614202e-01
   2.6240000e+01   9.9570531e-01
   2.6250000e+01   9.9834064e-01
   2.6260000e+01   9.9896345e-01
   2.6270000e+01   9.9597287e-01
   2.6280000e+01   9.9816752e-01
   2.6290000e+01   9.9772572e-01
   2.6300000e+01   9.9706537e-01
   2.6310000e+01   9.9668088e-01
   2.6320000e+01   9.9658823e-01
   2.6330000e+01   9.9756044e-01
   2.6340000e+01   9.9600588e-01
   2.6350000e+01   9.9557132e-01
   2.6360000e+01   9.9666073e-01
   2.6370000e+01   9.9605100e-01
   2.6380000e+01   9.9495803e-01
   2.6390000e+01   9.9407344e-01
   2.6400000e+01   9.9605123e-01
   2.6410000e+01   9.9483415e-01
   2.6420000e+01   9.9420664e-01
   2.6430000e+01   9.9634528e-01
   2.6440000e+01   9.9351295e-01
   2.6450000e+01   9.9764466e-01
   2.6460000e+01   9.9482433e-01
   2.6470000e+01   9.9462941e-01
   2.6480000e+01   9.9744568e-01
   2.6490000e+01   9.9460725e-01
   2.6500000e+01   9.9574550e-01
   2.6510000e+01   9.9558422e-01
   2.6520000e+01   9.9660328e-01
   2.6530000e+01   9.9532699e-01
   2.6540000e+01   9.9928276e-01
   2.6550000e+01   9.9743092e-01
   2.6560000e+01   9.9837205e-01
   2.6570000e+01   9.9643046e-01
   2.6580000e+01   9.9439980e-01
   2.6590000e+01   9.9709169e-01
   2.6600000e+01   9.9735492e-01
   2.6610000e+01   9.9727215e-01
   2.6620000e+01   9.9589576e-01
   2.6630000e+01   9.9789007e-01
   2.6640000e+01   9.9790488e-01
   2.6650000e+01   9.9833303e-01
   2.6660000e+01   9.9776314e-01
   2.6670000e+01   9.9960877e-01
   2.6680000e+01   9.9944121e-01
   2.6690000e+01   9.9766152e-01
   2.6700000e+01   9.9806706e-01
   2.6710000e+01   1.0003424e+00
   2.6720000e+01   9.9903243e-01
   2.6730000e+01   9.9753273e-01
   2.6740000e+01   9.9990973e-01
   2.6750000e+01   9.9734877e-01
   2.6760000e+01   9.9910609e-01
   2.6770000e+01   9.9750093e-01
   2.6780000e+01   9.9812777e-01
   2.6790000e+01   9.9810773e-01
   2.6800000e+01   9.9832185e-01
   2.6810000e+01   9.9677464e-01
   2.6820000e+01   9.9646097e-01
   2.6830000e+01   9.9634795e-01
   2.6840000e+01   9.9879860e-01
   2.6850000e+01   9.9790263e-01
   2.6860000e+01   9.9939219e-01
   2.6870000e+01   9.9813685e-01
   2.6880000e+01   9.9850095e-01
   2.6890000e+01   9.9743410e-01
   2.6900000e+01   9.9855141e-01
   2.6910000e+01   9.9697055e-01
   2.6920000e+01   9.9733248e-01
   2.6930000e+01   9.9798362e-01
   2.6940000e+01   9.9851270e-01
   2.6950000e+01   9.9625382e-01
   2.6960000e+01   9.9660480e-01
   2.6970000e+01   9.9821013e-01
   2.6980000e+01   9.9877306e-01
   2.6990000e+01   9.9979046e-01
   2.7000000e+01   9.9790345e-01
   2.7010000e+01   9.9793752e-01
   2.7020000e+01   9.9826668e-01
   2.7030000e+01   9.9762338e-01
   2.7040000e+01   9.9682752e-01
   2.7050000e+01   9.9817349e-01
   2.7060000e+01   9.9803476e-01
   2.7070000e+01   9.9922033e-01
   2.7080000e+01   1.0008767e+00
   2.7090000e+01   9.9833061e-01
   2.7100000e+01   9.9749412e-01
   2.7110000e+01   1.0001114e+00
   2.7120000e+01   9.9845743e-01
   2.7130000e+01   9.9732237e-01
   2.7140000e+01   9.9878280e-01
   2.7150000e+01   9.9929731e-01
   2.7160000e+01   9.9744841e-01
   2.7170000e+01   9.9777304e-01
   2.7180000e+01   9.9775414e-01
   2.7190000e+01   9.9836064e-01
   2.7200000e+01   9.9835328e-01
   2.7210000e+01   9.9714997e-01
   2.7220000e+01   9.9656316e-01
   2.7230000e+01   9.9755208e-01
   2.7240000e+01   9.9836938e-01
   2.7250000e+01   9.9842352e-01
   2.7260000e+01   9.9777152e-01
   2.7270000e+01   9.9849857e-01
   2.7280000e+01   9.9683730e-01
   2.7290000e+01   9.9888336e-01
   2.7300000e+01   9.9683186e-01
   2.7310000e+01   9.9708711e-01
   2.7320000e+01   9.9955877e-01
   2.7330000e+01   9.9741563e-01
   2.7340000e+01   9.9841033e-01
   2.7350000e+01   9.9757619e-01
   2.7360000e+01   9.9697558e-01
   2.7370000e+01   9.9749169e-01
   2.7380000e+01   9.9501578e-01
   2.7390000e+01   9.9803439e-01
   2.7400000e+01   9.9694894e-01
   2.7410000e+01   9.9709257e-01
   2.7420000e+01   9.9768462e-01
   2.7430000e+01   9.9797821e-01
   2.7440000e+01   9.9865471e-01
   2.7450000e+01   9.9884734e-01
   2.7460000e+01   9.9846997e-01
   2.7470000e+01   9.9933192e-01
   2.7480000e+01   9.9887084e-01
   2.7490000e+01   9.9992002e-01
   2.7500000e+01   9.9652411e-01
   2.7510000e+01   1.0002164e+00
   2.7520000e+01   9.9961052e-01
   2.7530000e+01   1.0002908e+00
   2.7540000e+01   9.9775605e-01
   2.7550000e+01   1.0024246e+00
   2.7560000e+01   9.9899595e-01
   2.7570000e+01   9.9745401e-01
   2.7580000e+01   9.9610786e-01
   2.7590000e+01   9.9742835e-01
   2.7600000e+01   9.9888174e-01
   2.7610000e+01   9.9874063e-01
   2.7620000e+01   1.0003654e+00
   2.7630000e+01   1.0007582e+00
   2.7640000e+01   9.9877515e-01
   2.7650000e+01   9.9806826e-01
   2.7660000e+01   9.9886335e-01
   2.7670000e+01   1.0000675e+00
   2.7680000e+01   9.9852322e-01
   2.7690000e+01   1.0001776e+00
   2.7700000e+01   1.0000932e+00
   2.7710000e+01   9.9768794e-01
   2.7720000e+01   9.9735903e-01
   2.7730000e+01   9.9781552e-01
   2.7740000e+01   9.9651299e-01
   2.7750000e+01   9.9835564e-01
   2.7760000e+01   1.0009175e+00
   2.7770000e+01   1.0004021e+00
   2.7780000e+01   9.9867098e-01
   2.7790000e+01   9.9898518e-01
   2.7800000e+01   9.9768721e-01
   2.7810000e+01   9.9691489e-01
   2.7820000e+01   9.9852718e-01
   2.7830000e+01   9.9870358e-01
   2.7840000e+01   9.9633539e-01
   2.7850000e+01   9.9787733e-01
   2.7860000e+01   9.9946796e-01
   2.7870000e+01   9.9678918e-01
   2.7880000e+01   9.9700272e-01
   2.7890000e+01   9.9938529e-01
   2.7900000e+01   9.9881941e-01
   2.7910000e+01   1.0009135e+00
   2.7920000e+01   9.9710244e-01
   2.7930000e+01   9.9888176e-01
   2.7940000e+01   1.0005887e+00
   2.7950000e+01   1.0000672e+00
   2.7960000e+01   9.9959572e-01
   2.7970000e+01   9.9872414e-01
   2.7980000e+01   9.9798477e-01
   2.7990000e+01   9.9831370e-01
   2.8000000e+01   1.0007627e+00
   2.8010000e+01   9.9996672e-01
   2.8020000e+01   9.9963261e-01
   2.8030000e+01   9.9898059e-01
   2.8040000e+01   1.0004481e+00
   2.8050000e+01   9.9970046e-01
   2.8060000e+01   1.0011888e+00
   2.8070000e+01   1.0008716e+00
   2.8080000e+01   1.0021749e+00
   2.8090000e+01   1.0027337e+00
   2.8100000e+01   1.0020345e+00
   2.8110000e+01   1.0009185e+00
   2.8120000e+01   1.0019773e+00
   2.8130000e+01   9.9994399e-01
   2.8140000e+01   1.0024010e+00
   2.8150000e+01   9.9941307e-01
   2.8160000e+01   1.0018344e+00
   2.8170000e+01   1.0028706e+00
   2.8180000e+01   1.0015343e+00
   2.8190000e+01   1.0023397e+00
   2.8200000e+01   1.0013068e+00
   2.8210000e+01   1.0011207e+00
   2.8220000e+01   1.0007825e+00
   2.8230000e+01   1.0015951e+00
   2.8240000e+01   1.0025117e+00
   2.8250000e+01   9.9992845e-01
   2.8260000e+01   1.0003519e+00
   2.8270000e+01   1.0017134e+00
   2.8280000e+01   1.0022705e+00
   2.8290000e+01   1.0006615e+00
   2.8300000e+01   1.0026195e+00
   2.8310000e+01   9.9989001e-01
   2.8320000e+01   1.0006572e+00
   2.8330000e+01   1.0014942e+00
   2.8340000e+01   1.0007729e+00
   2.8350000e+01   1.0037938e+00
   2.8360000e+01   9.9910221e-01
   2.8370000e+01   1.0018362e+00
   2.8380000e+01   1.0022029e+00
   2.8390000e+01   1.0022725e+00
   2.8400000e+01   1.0009776e+00
   2.8410000e+01   9.9958357e-01
   2.8420000e+01   1.0007874e+00
   2.8430000e+01   1.0028409e+00
   2.8440000e+01   9.9896796e-01
   2.8450000e+01   1.0005688e+00
   2.8460000e+01   1.0003480e+00
   2.8470000e+01   1.0001119e+00
   2.8480000e+01   1.0012374e+00
   2.8490000e+01   1.0022515e+00
   2.8500000e+01   1.0008262e+00
   2.8510000e+01   1.0006354e+00
   2.8520000e+01   1.0008942e+00
   2.8530000e+01   9.9937449e-01
   2.8540000e+01   9.9863383e-01
   2.8550000e+01   1.0014995e+00
   2.8560000e+01   1.0003615e+00
   2.8570000e+01   1.0019387e+00
   2.8580000e+01   1.0002817e+00
   2.8590000e+01   1.0013294e+00
   2.8600000e+01   9.9966965e-01
   2.8610000e+01   1.0032185e+00
   2.8620000e+01   1.0015202e+00
   2.8630000e+01   1.0005118e+00
   2.8640000e+01   1.0015380e+00
   2.8650000e+01   1.0016840e+00
   2.8660000e+01   1.0009984e+00
   2.8670000e+01   1.0037544e+00
   2.8680000e+01   1.0012260e+00
   2.8690000e+01   1.0031931e+00
   2.8700000e+01   1.0002418e+00
   2.8710000e+01   1.0039712e+00
   2.8720000e+01   1.0035583e+00
   2.8730000e+01   1.0017529e+00
   2.8740000e+01   1.0029790e+00
   2.8750000e+01   9.9917864e-01
   2.8760000e+01   1.0025056e+00
   2.8770000e+01   1.0036435e+00
   2.8780000e+01   1.0032417e+00
   2.8790000e+01   1.0026576e+00
   2.8800000e+01   1.0030054e+00
   2.8810000e+01   1.0017000e+00
   2.8820000e+01   1.0021151e+00
   2.8830000e+01   1.0006087e+00
   2.8840000e+01   1.0023445e+00
   2.8850000e+01   1.0010755e+00
   2.8860000e+01   1.0008579e+00
   2.8870000e+01   1.0021580e+00
   2.8880000e+01   1.0017794e+00
   2.8890000e+01   1.0024844e+00
   2.8900000e+01   1.0016319e+00
   2.8910000e+01   9.9912747e-01
   2.8920000e+01   1.0020991e+00
   2.8930000e+01   1.0009203e+00
   2.8940000e+01   9.9974475e-01
   2.8950000e+01   1.0003021e+00
   2.8960000e+01   1.0022544e+00
   2.8970000e+01   1.0009608e+00
   2.8980000e+01   1.0012973e+00
   2.8990000e+01   1.0023026e+00
   2.9000000e+01   1.0018245e+00
   2.9010000e+01   1.0022634e+00
   2.9020000e+01   1.0014746e+00
   2.9030000e+01   1.0047906e+00
   2.9040000e+01   1.0024094e+00
   2.9050000e+01   1.0018080e+00
   2.9060000e+01   1.0029072e+00
   2.9070000e+01   1.0029926e+00
   2.9080000e+01   1.0013922e+00
   2.9090000e+01   1.0036804e+00
   2.9100000e+01   1.0040875e+00
   2.9110000e+01   1.0030522e+00
   2.9120000e+01   1.0015883e+00
   2.9130000e+01   1.0034127e+00
   2.9140000e+01   1.0022589e+00
   2.9150000e+01   1.0014142e+00
   2.9160000e+01   1.0003172e+00
   2.9170000e+01   1.0021596e+00
   2.9180000e+01   1.0041326e+00
   2.9190000e+01   1.0028688e+00
   2.9200000e+01   1.0050960e+00
   2.9210000e+01   1.0031853e+00
   2.9220000e+01   1.0021347e+00
   2.9230000e+01   1.0015082e+00
   2.9240000e+01   1.0015906e+00
   2.9250000e+01   1.0038253e+00
   2.9260000e+01   1.0023593e+00
   2.9270000e+01   1.0011462e+00
   2.9280000e+01   1.0041134e+00
   2.9290000e+01   1.0009836e+00
   2.9300000e+01   1.0005028e+00
   2.9310000e+01   1.0019428e+00
   2.9320000e+01   1.0024312e+00
   2.9330000e+01   1.0020296e+00
   2.9340000e+01   1.0008827e+00
   2.9350000e+01   1.0036965e+00
   2.9360000e+01   1.0025601e+00
   2.9370000e+01   1.0019764e+00
   2.9380000e+01   1.0014849e+00
   2.9390000e+01   1.0006896e+00
   2.9400000e+01   1.0007463e+00
   2.9410000e+01   1.0023065e+00
   2.9420000e+01   1.0011707e+00
   2.9430000e+01   1.0006579e+00
   2.9440000e+01   1.0006091e+00
   2.9450000e+01   1.0011869e+00
   2.9460000e+01   1.0008260e+00
   2.9470000e+01   1.0008050e+00
   2.9480000e+01   1.0022155e+00
   2.9490000e+01   1.0019760e+00
   2.9500000e+01   1.0033384e+00
   2.9510000e+01   1.0032591e+00
   2.9520000e+01   1.0041451e+00
   2.9530000e+01   1.0023194e+00
   2.9540000e+01   1.0017833e+00
   2.9550000e+01   1.0023205e+00
   2.9560000e+01   1.0015836e+00
   2.9570000e+01   1.0020989e+00
   2.9580000e+01   1.0029743e+00
   2.9590000e+01   1.0030856e+00
   2.9600000e+01   1.0009427e+00
   2.9610000e+01   1.0024725e+00
   2.9620000e+01   1.0038955e+00
   2.9630000e+01   1.0030869e+00
   2.9640000e+01   1.0017779e+00
   2.9650000e+01   1.0026819e+00
   2.9660000e+01   1.0005683e+00
   2.9670000e+01   1.0029980e+00
   2.9680000e+01   1.0016599e+00
   2.9690000e+01   1.0030663e+00
   2.9700000e+01   1.0009908e+00
   2.9710000e+01   1.0037572e+00
   2.9720000e+01   1.0043767e+00
   2.9730000e+01   1.0022895e+00
   2.9740000e+01   1.0027836e+00
   2.9750000e+01   1.0031910e+00
   2.9760000e+01   1.0043801e+00
   2.9770000e+01   1.0010474e+00
   2.9780000e+01   1.0003599e+00
   2.9790000e+01   1.0027060e+00
   2.9800000e+01   1.0021532e+00
   2.9810000e+01   1.0029482e+00
   2.9820000e+01   1.0015683e+00
   2.9830000e+01   1.0004468e+00
   2.9840000e+01   1.0005256e+00
   2.9850000e+01   9.9949623e-01
   2.9860000e+01   1.0025333e+00
   2.9870000e+01   9.9971712e-01
   2.9880000e+01   1.0002848e+00
   2.9890000e+01   1.0025119e+00
   2.9900000e+01   1.0001953e+00
   2.9910000e+01   1.0024167e+00
   2.9920000e+01   1.0023579e+00
   2.9930000e+01   1.0025061e+00
   2.9940000e+01   1.0029351e+00
   2.9950000e+01   1.0016317e+00
   2.9960000e+01   1.0013371e+00
   2.9970000e+01   1.0015618e+00
   2.9980000e+01   1.0030869e+00
   2.9990000e+01   1.0016159e+00
   3.0000000e+01   1.0034490e+00
