   0.0000000e+00   6.2471121e-04
   1.0000000e-02  -1.9651785e-03
   2.0000000e-02  -2.8284703e-03
   3.0000000e-02  -4.0784006e-03
   4.0000000e-02  -4.2775835e-03
   5.0000000e-02  -1.0477804e-02
   6.0000000e-02  -1.3656632e-02
   7.0000000e-02  -1.7633314e-02
   8.0000000e-02  -2.1903203e-02
   9.0000000e-02  -2.4600103e-02
   1.0000000e-01  -2.8710590e-02
   1.1000000e-01  -3.3066562e-02
   1.2000000e-01  -3.9393794e-02
   1.3000000e-01  -4.1245748e-02
   1.4000000e-01  -4.5548364e-02
   1.5000000e-01  -5.0449242e-02
   1.6000000e-01  -5.3584578e-02
   1.7000000e-01  -5.6516090e-02
   1.8000000e-01  -6.1043241e-02
   1.9000000e-01  -6.3004805e-02
   2.0000000e-01  -6.9256210e-02
   2.1000000e-01  -7.1498682e-02
   2.2000000e-01  -7.6083875e-02
   2.3000000e-01  -7.6789089e-02
   2.4000000e-01  -8.1688414e-02
   2.5000000e-01  -8.4655623e-02
   2.6000000e-01  -8.7045849e-02
   2.7000000e-01  -9.0989044e-02
   2.8000000e-01  -9.2802921e-02
   2.9000000e-01  -9.7154852e-02
   3.0000000e-01  -9.7512546e-02
   3.1000000e-01  -1.0191922e-01
   3.2000000e-01  -1.0101804e-01
   3.3000000e-01  -1.0507162e-01
   3.4000000e-01  -1.0486136e-01
   3.5000000e-01  -1.0649845e-01
   3.6000000e-01  -1.1133294e-01
   3.7000000e-01  -1.1256116e-01
   3.8000000e-01  -1.1550186e-01
   3.9000000e-01  -1.1628588e-01
   4.0000000e-01  -1.1797763e-01
   4.1000000e-01  -1.1795187e-01
   4.2000000e-01  -1.1937747e-01
   4.3000000e-01  -1.2216588e-01
   4.4000000e-01  -1.2281990e-01
   4.5000000e-01  -1.2458523e-01
   4.6000000e-01  -1.2515124e-01
   4.7000000e-01  -1.2624579e-01
   4.8000000e-01  -1.2683880e-01
   4.9000000e-01  -1.2990305e-01
   5.0000000e-01  -1.3057587e-01
   5.1000000e-01  -1.3109766e-01
   5.2000000e-01  -1.2996008e-01
   5.3000000e-01  -1.3199888e-01
   5.4000000e-01  -1.3188159e-01
   5.5000000e-01  -1.3168850e-01
   5.6000000e-01  -1.3303913e-01
   5.7000000e-01  -1.3573345e-01
   5.8000000e-01  -1.3345975e-01
   5.9000000e-01  -1.3501591e-01
   6.0000000e-01  -1.3377325e-01
   6.1000000e-01  -1.3343067e-01
   6.2000000e-01  -1.3307738e-01
   6.3000000e-01  -1.3483903e-01
   6.4000000e-01  -1.3502941e-01
   6.5000000e-01  -1.3308165e-01
   6.6000000e-01  -1.3385140e-01
   6.7000000e-01  -1.3445375e-01
   6.8000000e-01  -1.3547682e-01
   6.9000000e-01  -1.3509235e-01
   7.0000000e-01  -1.3474176e-01
   7.1000000e-01  -1.3405960e-01
   7.2000000e-01  -1.3525217e-01
   7.3000000e-01  -1.3255443e-01
   7.4000000e-01  -1.3123888e-01
   7.5000000e-01  -1.3385184e-01
   7.6000000e-01  -1.3359588e-01
   7.7000000e-01  -1.3174054e-01
   7.8000000e-01  -1.3239352e-01
   7.9000000e-01  -1.3063315e-01
   8.0000000e-01  -1.2827026e-01
   8.1000000e-01  -1.2960066e-01
   8.2000000e-01  -1.2912470e-01
   8.3000000e-01  -1.2904627e-01
   8.4000000e-01  -1.2846856e-01
   8.5000000e-01  -1.2611976e-01
   8.6000000e-01  -1.2669420e-01
   8.7000000e-01  -1.2440673e-01
   8.8000000e-01  -1.2533242e-01
   8.9000000e-01  -1.2479205e-01
   9.0000000e-01  -1.2358451e-01
   9.1000000e-01  -1.2483161e-01
   9.2000000e-01  -1.2215743e-01
   9.3000000e-01  -1.1912632e-01
   9.4000000e-01  -1.1990735e-01
   9.5000000e-01  -1.1776644e-01
   9.6000000e-01  -1.1967050e-01
   9.7000000e-01  -1.1778810e-01
   9.8000000e-01  -1.1713403e-01
   9.9000000e-01  -1.1544634e-01
   1.0000000e+00  -1.1414019e-01
   1.0100000e+00  -1.1308746e-01
   1.0200000e+00  -1.1183472e-01
   1.0300000e+00  -1.1278206e-01
   1.0400000e+00  -1.1348142e-01
   1.0500000e+00  -1.1164312e-01
   1.0600000e+00  -1.0892069e-01
   1.0700000e+00  -1.0977821e-01
   1.0800000e+00  -1.0868056e-01
   1.0900000e+00  -1.0618448e-01
   1.1000000e+00  -1.0708084e-01
   1.1100000e+00  -1.0591078e-01
   1.1200000e+00  -1.0358855e-01
   1.1300000e+00  -1.0362367e-01
   1.1400000e+00  -1.0072608e-01
   1.1500000e+00  -1.0195721e-01
   1.1600000e+00  -1.0019793e-01
   1.1700000e+00  -9.9917661e-02
   1.1800000e+00  -9.6827323e-02
   1.1900000e+00  -9.6334941e-02
   1.2000000e+00  -9.8347747e-02
   1.2100000e+00  -9.4176889e-02
   1.2200000e+00  -9.1657414e-02
   1.2300000e+00  -9.1710630e-02
   1.2400000e+00  -9.0169446e-02
   1.2500000e+00  -9.1541440e-02
   1.2600000e+00  -9.0233224e-02
   1.2700000e+00  -8.8061526e-02
   1.2800000e+00  -8.8791197e-02
   1.2900000e+00  -8.8984396e-02
   1.3000000e+00  -8.5221327e-02
   1.3100000e+00  -8.4336831e-02
   1.3200000e+00  -8.2357613e-02
   1.3300000e+00  -8.0882335e-02
   1.3400000e+00  -8.2507860e-02
   1.3500000e+00  -7.9315939e-02
   1.3600000e+00  -7.7546794e-02
   1.3700000e+00  -7.6886627e-02
   1.3800000e+00  -7.5847169e-02
   1.3900000e+00  -7.6004750e-02
   1.4000000e+00  -7.8105906e-02
   1.4100000e+00  -7.5882409e-02
   1.4200000e+00  -7.1611661e-02
   1.4300000e+00  -7.0250431e-02
   1.4400000e+00  -7.3000777e-02
   1.4500000e+00  -7.0839923e-02
   1.4600000e+00  -7.0396235e-02
   1.4700000e+00  -6.8733163e-02
   1.4800000e+00  -6.6688668e-02
   1.4900000e+00  -6.7286522e-02
   1.5000000e+00  -6.8388854e-02
   1.5100000e+00  -6.5659492e-02
   1.5200000e+00  -6.5919721e-02
   1.5300000e+00  -6.2214294e-02
   1.5400000e+00  -6.2981216e-02
   1.5500000e+00  -6.3321868e-02
   1.5600000e+00  -6.0779632e-02
   1.5700000e+00  -6.0803685e-02
   1.5800000e+00  -5.9765254e-02
   1.5900000e+00  -5.7619615e-02
   1.6000000e+00  -5.5831714e-02
   1.6100000e+00  -5.8048787e-02
   1.6200000e+00  -5.5417144e-02
   1.6300000e+00  -5.4842576e-02
   1.6400000e+00  -5.3179673e-02
   1.6500000e+00  -5.2013344e-02
   1.6600000e+00  -5.0651059e-02
   1.6700000e+00  -5.2367969e-02
   1.6800000e+00  -5.3253462e-02
   1.6900000e+00  -4.8321262e-02
   1.7000000e+00  -4.8113355e-02
   1.7100000e+00  -4.8742579e-02
   1.7200000e+00  -4.9067673e-02
   1.7300000e+00  -4.6178424e-02
   1.7400000e+00  -4.7284075e-02
   1.7500000e+00  -4.7319511e-02
   1.7600000e+00  -4.3715100e-02
   1.7700000e+00  -4.4164461e-02
   1.7800000e+00  -4.5330021e-02
   1.7900000e+00  -4.1459453e-02
   1.8000000e+00  -4.1628632e-02
   1.8100000e+00  -4.1408400e-02
   1.8200000e+00  -3.9640244e-02
   1.8300000e+00  -4.1288368e-02
   1.8400000e+00  -3.9381675e-02
   1.8500000e+00  -3.9474607e-02
   1.8600000e+00  -3.7077388e-02
   1.8700000e+00  -3.7512805e-02
   1.8800000e+00  -3.6612128e-02
   1.8900000e+00  -3.6570714e-02
   1.9000000e+00  -3.5132345e-02
   1.9100000e+00  -3.3807977e-02
   1.9200000e+00  -3.3885839e-02
   1.9300000e+00  -3.1839142e-02
   1.9400000e+00  -3.2023480e-02
   1.9500000e+00  -3.1173115e-02
   1.9600000e+00  -3.1563735e-02
   1.9700000e+00  -3.1237301e-02
   1.9800000e+00  -3.1519233e-02
   1.9900000e+00  -3.1696682e-02
   2.0000000e+00  -2.8629113e-02
   2.0100000e+00  -2.9568935e-02
   2.0200000e+00  -2.6108806e-02
   2.0300000e+00  -2.8109701e-02
   2.0400000e+00  -2.7868832e-02
   2.0500000e+00  -2.5454090e-02
   2.0600000e+00  -2.6649394e-02
   2.0700000e+00  -2.5725443e-02
   2.0800000e+00  -2.5481195e-02
   2.0900000e+00  -2.6147185e-02
   2.1000000e+00  -2.3983597e-02
   2.1100000e+00  -2.3539198e-02
   2.1200000e+00  -2.0854594e-02
   2.1300000e+00  -2.4123910e-02
   2.1400000e+00  -2.1121584e-02
   2.1500000e+00  -2.1645603e-02
   2.1600000e+00  -1.9813243e-02
   2.1700000e+00  -1.9813376e-02
   2.1800000e+00  -2.0637620e-02
   2.1900000e+00  -1.8768539e-02
   2.2000000e+00  -1.6548534e-02
   2.2100000e+00  -1.5912034e-02
   2.2200000e+00  -1.6507864e-02
   2.2300000e+00  -1.6017781e-02
   2.2400000e+00  -1.7089918e-02
   2.2500000e+00  -1.6789628e-02
   2.2600000e+00  -1.6226028e-02
   2.2700000e+00  -1.4254128e-02
   2.2800000e+00  -1.6696797e-02
   2.2900000e+00  -1.5710210e-02
   2.3000000e+00  -1.4354261e-02
   2.3100000e+00  -1.4579256e-02
   2.3200000e+00  -1.4743760e-02
   2.3300000e+00  -1.2276562e-02
   2.3400000e+00  -1.1768675e-02
   2.3500000e+00  -1.3736114e-02
   2.3600000e+00  -1.2389954e-02
   2.3700000e+00  -1.2072901e-02
   2.3800000e+00  -1.2276477e-02
   2.3900000e+00  -1.1069764e-02
   2.4000000e+00  -1.0572229e-02
   2.4100000e+00  -9.3514752e-03
   2.4200000e+00  -1.1807117e-02
   2.4300000e+00  -1.0058077e-02
   2.4400000e+00  -9.5607543e-03
   2.4500000e+00  -8.8749299e-03
   2.4600000e+00  -7.9218620e-03
   2.4700000e+00  -1.1280128e-02
   2.4800000e+00  -7.4591951e-03
   2.4900000e+00  -5.8049182e-03
   2.5000000e+00  -1.0095097e-02
   2.5100000e+00  -7.0707212e-03
   2.5200000e+00  -7.0129550e-03
   2.5300000e+00  -6.2876721e-03
   2.5400000e+00  -6.0890670e-03
   2.5500000e+00  -6.1754941e-03
   2.5600000e+00  -7.5484318e-03
   2.5700000e+00  -5.2005376e-03
   2.5800000e+00  -5.7971676e-03
   2.5900000e+00  -4.9159385e-03
   2.6000000e+00  -2.9357472e-03
   2.6100000e+00  -4.6139035e-03
   2.6200000e+00  -4.9345644e-03
   2.6300000e+00  -3.4828238e-03
   2.6400000e+00  -3.6824490e-03
   2.6500000e+00  -4.2178493e-03
   2.6600000e+00  -3.9828365e-03
   2.6700000e+00  -3.7362827e-03
   2.6800000e+00  -4.0796416e-03
   2.6900000e+00  -3.2871909e-04
   2.7000000e+00  -1.2936082e-03
   2.7100000e+00  -7.1052390e-04
   2.7200000e+00   1.1207126e-04
   2.7300000e+00   1.6621055e-04
   2.7400000e+00  -1.4318331e-03
   2.7500000e+00  -1.2058210e-03
   2.7600000e+00  -1.3962862e-03
   2.7700000e+00  -1.2695288e-03
   2.7800000e+00  -1.3482016e-03
   2.7900000e+00  -2.2269633e-04
   2.8000000e+00   3.8856888e-04
   2.8100000e+00   1.1191631e-04
   2.8200000e+00   1.9296625e-03
   2.8300000e+00   1.4233142e-03
   2.8400000e+00  -1.1872817e-03
   2.8500000e+00  -9.6621300e-05
   2.8600000e+00   3.0060650e-03
   2.8700000e+00   2.9925107e-03
   2.8800000e+00   1.5500273e-03
   2.8900000e+00   2.3324241e-03
   2.9000000e+00   2.9339061e-03
   2.9100000e+00   1.3689090e-03
   2.9200000e+00   4.3425353e-03
   2.9300000e+00   3.7663032e-03
   2.9400000e+00   2.1994344e-03
   2.9500000e+00   3.8234988e-03
   2.9600000e+00   3.4934714e-03
   2.9700000e+00   4.3162766e-03
   2.9800000e+00   2.8653627e-03
   2.9900000e+00   5.8429881e-03
   3.0000000e+00   5.4333780e-03
   3.0100000e+00   2.9417976e-03
   3.0200000e+00   5.3380139e-03
   3.0300000e+00   4.1441839e-03
   3.0400000e+00   6.6864067e-03
   3.0500000e+00   4.9064603e-03
   3.0600000e+00   5.7275295e-03
   3.0700000e+00   5.9088069e-03
   3.0800000e+00   2.2418243e-03
   3.0900000e+00   6.5372059e-03
   3.1000000e+00   7.9326693e-03
   3.1100000e+00   7.3308915e-03
   3.1200000e+00   5.3626633e-03
   3.1300000e+00   7.5824075e-03
   3.1400000e+00   4.1634858e-03
   3.1500000e+00   5.0739680e-03
   3.1600000e+00   7.5362212e-03
   3.1700000e+00   5.7287765e-03
   3.1800000e+00   7.4036330e-03
   3.1900000e+00   6.8869829e-03
   3.2000000e+00   7.6914152e-03
   3.2100000e+00   7.8364143e-03
   3.2200000e+00   6.4663323e-03
   3.2300000e+00   7.9015725e-03
   3.2400000e+00   1.0047791e-02
   3.2500000e+00   9.3852208e-03
   3.2600000e+00   8.7888516e-03
   3.2700000e+00   1.0617686e-02
   3.2800000e+00   1.0883258e-02
   3.2900000e+00   8.7907872e-03
   3.3000000e+00   8.3652654e-03
   3.3100000e+00   1.0599972e-02
   3.3200000e+00   1.0822452e-02
   3.3300000e+00   1.1456211e-02
   3.3400000e+00   1.0343325e-02
   3.3500000e+00   1.0269747e-02
   3.3600000e+00   1.0263845e-02
   3.3700000e+00   1.0993029e-02
   3.3800000e+00   1.2144908e-02
   3.3900000e+00   1.1523372e-02
   3.4000000e+00   1.2459288e-02
   3.4100000e+00   1.2255191e-02
   3.4200000e+00   1.0998209e-02
   3.4300000e+00   1.2272531e-02
   3.4400000e+00   1.2130071e-02
   3.4500000e+00   1.1433037e-02
   3.4600000e+00   1.0849756e-02
   3.4700000e+00   1.1332635e-02
   3.4800000e+00   1.2815031e-02
   3.4900000e+00   1.1147945e-02
   3.5000000e+00   1.2720880e-02
   3.5100000e+00   1.2950665e-02
   3.5200000e+00   1.3517875e-02
   3.5300000e+00   1.1532060e-02
   3.5400000e+00   1.4369318e-02
   3.5500000e+00   1.3253299e-02
   3.5600000e+00   1.2448775e-02
   3.5700000e+00   1.3828214e-02
   3.5800000e+00   1.4794275e-02
   3.5900000e+00   1.3870784e-02
   3.6000000e+00   1.5537059e-02
   3.6100000e+00   1.4489915e-02
   3.6200000e+00   1.4646522e-02
   3.6300000e+00   1.4689663e-02
   3.6400000e+00   1.2966865e-02
   3.6500000e+00   1.5146542e-02
   3.6600000e+00   1.7000248e-02
   3.6700000e+00   1.8598076e-02
   3.6800000e+00   1.6302527e-02
   3.6900000e+00   1.6543024e-02
   3.7000000e+00   1.7925505e-02
   3.7100000e+00   1.5400378e-02
   3.7200000e+00   1.5271803e-02
   3.7300000e+00   1.7254743e-02
   3.7400000e+00   1.7522995e-02
   3.7500000e+00   1.8133503e-02
   3.7600000e+00   1.6638593e-02
   3.7700000e+00   1.6469525e-02
   3.7800000e+00   1.5632946e-02
   3.7900000e+00   1.7765076e-02
   3.8000000e+00   1.8699141e-02
   3.8100000e+00   1.8355208e-02
   3.8200000e+00   1.8715565e-02
   3.8300000e+00   1.6504952e-02
   3.8400000e+00   2.0292468e-02
   3.8500000e+00   1.7667836e-02
   3.8600000e+00   1.9257311e-02
   3.8700000e+00   1.9945308e-02
   3.8800000e+00   2.3155150e-02
   3.8900000e+00   1.8423481e-02
   3.9000000e+00   2.2577837e-02
   3.9100000e+00   2.0393821e-02
   3.9200000e+00   1.9333757e-02
   3.9300000e+00   2.0755421e-02
   3.9400000e+00   2.3256141e-02
   3.9500000e+00   2.3051299e-02
   3.9600000e+00   2.0662420e-02
   3.9700000e+00   2.1734194e-02
   3.9800000e+00   2.1224463e-02
   3.9900000e+00   1.9404303e-02
   4.0000000e+00   2.2427005e-02
   4.0100000e+00   2.1593519e-02
   4.0200000e+00   2.1108307e-02
   4.0300000e+00   2.4659117e-02
   4.0400000e+00   2.3308297e-02
   4.0500000e+00   2.2580952e-02
   4.0600000e+00   2.3145812e-02
   4.0700000e+00   2.4797348e-02
   4.0800000e+00   2.2476885e-02
   4.0900000e+00   2.5663524e-02
   4.1000000e+00   2.4710358e-02
   4.1100000e+00   2.3223808e-02
   4.1200000e+00   2.6803713e-02
   4.1300000e+00   2.6724818e-02
   4.1400000e+00   2.6669273e-02
   4.1500000e+00   2.5132969e-02
   4.1600000e+00   2.4664911e-02
   4.1700000e+00   2.5497098e-02
   4.1800000e+00   2.6029366e-02
   4.1900000e+00   2.7736748e-02
   4.2000000e+00   2.7247227e-02
   4.2100000e+00   2.7614733e-02
   4.2200000e+00   2.7154298e-02
   4.2300000e+00   2.7676069e-02
   4.2400000e+00   2.7145050e-02
   4.2500000e+00   2.6862736e-02
   4.2600000e+00   2.9657514e-02
   4.2700000e+00   2.8937661e-02
   4.2800000e+00   2.5847583e-02
   4.2900000e+00   2.8933985e-02
   4.3000000e+00   2.7883440e-02
   4.3100000e+00   2.9829063e-02
   4.3200000e+00   2.9135811e-02
   4.3300000e+00   2.8666512e-02
   4.3400000e+00   3.0415354e-02
   4.3500000e+00   2.7132623e-02
   4.3600000e+00   2.9396296e-02
   4.3700000e+00   3.1054550e-02
   4.3800000e+00   3.0202649e-02
   4.3900000e+00   3.0101852e-02
   4.4000000e+00   3.0587907e-02
   4.4100000e+00   3.0507433e-02
   4.4200000e+00   3.3608857e-02
   4.4300000e+00   3.0807836e-02
   4.4400000e+00   3.0738502e-02
   4.4500000e+00   3.2159356e-02
   4.4600000e+00   3.1670236e-02
   4.4700000e+00   3.4760675e-02
   4.4800000e+00   3.3691895e-02
   4.4900000e+00   3.2919967e-02
   4.5000000e+00   3.5448756e-02
   4.5100000e+00   3.4718747e-02
   4.5200000e+00   3.4637352e-02
   4.5300000e+00   3.3773126e-02
   4.5400000e+00   3.5818654e-02
   4.5500000e+00   3.4187952e-02
   4.5600000e+00   3.7479447e-02
   4.5700000e+00   3.6885078e-02
   4.5800000e+00   3.5405285e-02
   4.5900000e+00   3.6246191e-02
   4.6000000e+00   3.7756090e-02
   4.6100000e+00   3.9603906e-02
   4.6200000e+00   3.9155996e-02
   4.6300000e+00   3.8268345e-02
   4.6400000e+00   3.7936191e-02
   4.6500000e+00   3.7987536e-02
   4.6600000e+00   3.9977518e-02
   4.6700000e+00   4.0743162e-02
   4.6800000e+00   3.7470034e-02
   4.6900000e+00   3.9672455e-02
   4.7000000e+00   4.0168268e-02
   4.7100000e+00   4.1151095e-02
   4.7200000e+00   3.9109481e-02
   4.7300000e+00   4.3449848e-02
   4.7400000e+00   4.1755932e-02
   4.7500000e+00   4.2796813e-02
   4.7600000e+00   4.2113277e-02
   4.7700000e+00   4.1565950e-02
   4.7800000e+00   4.3640659e-02
   4.7900000e+00   4.3130294e-02
   4.8000000e+00   4.3261639e-02
   4.8100000e+00   4.0934871e-02
   4.8200000e+00   4.4155220e-02
   4.8300000e+00   4.2649869e-02
   4.8400000e+00   4.3240681e-02
   4.8500000e+00   4.6067362e-02
   4.8600000e+00   4.5818805e-02
   4.8700000e+00   4.4664591e-02
   4.8800000e+00   4.5624493e-02
   4.8900000e+00   4.6012706e-02
   4.9000000e+00   4.6059922e-02
   4.9100000e+00   4.6085431e-02
   4.9200000e+00   4.7976961e-02
   4.9300000e+00   4.7826904e-02
   4.9400000e+00   4.9153333e-02
   4.9500000e+00   4.7924803e-02
   4.9600000e+00   5.0197873e-02
   4.9700000e+00   4.7093032e-02
   4.9800000e+00   5.0149569e-02
   4.9900000e+00   4.9462457e-02
   5.0000000e+00   4.8926719e-02
   5.0100000e+00   4.9701276e-02
   5.0200000e+00   5.1277281e-02
   5.0300000e+00   5.1622569e-02
   5.0400000e+00   4.9115650e-02
   5.0500000e+00   5.1323738e-02
   5.0600000e+00   5.0125446e-02
   5.0700000e+00   5.6074286e-02
   5.0800000e+00   5.3210797e-02
   5.0900000e+00   5.5612092e-02
   5.1000000e+00   5.4724005e-02
   5.1100000e+00   5.4906351e-02
   5.1200000e+00   5.3234439e-02
   5.1300000e+00   5.4715048e-02
   5.1400000e+00   5.5992968e-02
   5.1500000e+00   5.7156820e-02
   5.1600000e+00   5.6858686e-02
   5.1700000e+00   5.6570493e-02
   5.1800000e+00   5.6030772e-02
   5.1900000e+00   5.7371125e-02
   5.2000000e+00   5.7688903e-02
   5.2100000e+00   5.7602960e-02
   5.2200000e+00   5.9012749e-02
   5.2300000e+00   5.9873246e-02
   5.2400000e+00   5.8155450e-02
   5.2500000e+00   5.7971268e-02
   5.2600000e+00   5.9316495e-02
   5.2700000e+00   6.0234731e-02
   5.2800000e+00   6.0481427e-02
   5.2900000e+00   6.1026882e-02
   5.3000000e+00   6.0823456e-02
   5.3100000e+00   6.1835029e-02
   5.3200000e+00   6.0981406e-02
   5.3300000e+00   6.2243864e-02
   5.3400000e+00   6.2762167e-02
   5.3500000e+00   6.2217651e-02
   5.3600000e+00   6.5412204e-02
   5.3700000e+00   6.1966410e-02
   5.3800000e+00   6.4097807e-02
   5.3900000e+00   6.3358805e-02
   5.4000000e+00   6.6813234e-02
   5.4100000e+00   6.5578747e-02
   5.4200000e+00   6.5946028e-02
   5.4300000e+00   6.7017496e-02
   5.4400000e+00   6.6634208e-02
   5.4500000e+00   6.4916512e-02
   5.4600000e+00   6.7984288e-02
   5.4700000e+00   6.6545624e-02
   5.4800000e+00   6.7279602e-02
   5.4900000e+00   6.8315073e-02
   5.5000000e+00   6.9290993e-02
   5.5100000e+00   6.9849552e-02
   5.5200000e+00   7.0709167e-02
   5.5300000e+00   6.9492160e-02
   5.5400000e+00   6.9710543e-02
   5.5500000e+00   7.2000185e-02
   5.5600000e+00   7.3473169e-02
   5.5700000e+00   7.0704826e-02
   5.5800000e+00   7.3105357e-02
   5.5900000e+00   7.3161166e-02
   5.6000000e+00   7.2348555e-02
   5.6100000e+00   7.3880701e-02
   5.6200000e+00   7.6463670e-02
   5.6300000e+00   7.3791015e-02
   5.6400000e+00   7.6437289e-02
   5.6500000e+00   7.4387165e-02
   5.6600000e+00   7.6591024e-02
   5.6700000e+00   7.7297041e-02
   5.6800000e+00   7.6902904e-02
   5.6900000e+00   7.8070157e-02
   5.7000000e+00   7.8331825e-02
   5.7100000e+00   7.7633615e-02
   5.7200000e+00   7.9482696e-02
   5.7300000e+00   8.0332926e-02
   5.7400000e+00   7.8474588e-02
   5.7500000e+00   7.9602460e-02
   5.7600000e+00   8.0509145e-02
   5.7700000e+00   8.1105489e-02
   5.7800000e+00   8.0164915e-02
   5.7900000e+00   8.1758313e-02
   5.8000000e+00   8.3095645e-02
   5.8100000e+00   8.5237298e-02
   5.8200000e+00   8.0415368e-02
   5.8300000e+00   8.3346471e-02
   5.8400000e+00   8.4471569e-02
   5.8500000e+00   8.5942051e-02
   5.8600000e+00   8.4557329e-02
   5.8700000e+00   8.6102996e-02
   5.8800000e+00   8.8874076e-02
   5.8900000e+00   8.8349952e-02
   5.9000000e+00   8.7762392e-02
   5.9100000e+00   8.8355012e-02
   5.9200000e+00   8.8885036e-02
   5.9300000e+00   8.9403513e-02
   5.9400000e+00   8.8793004e-02
   5.9500000e+00   9.0908415e-02
   5.9600000e+00   9.0323042e-02
   5.9700000e+00   8.9598694e-02
   5.9800000e+00   9.3525207e-02
   5.9900000e+00   9.1374782e-02
   6.0000000e+00   9.3327938e-02
   6.0100000e+00   9.2867380e-02
   6.0200000e+00   9.4948835e-02
   6.0300000e+00   9.5384737e-02
   6.0400000e+00   9.5442328e-02
   6.0500000e+00   9.5941390e-02
   6.0600000e+00   9.6439068e-02
   6.0700000e+00   9.8391939e-02
   6.0800000e+00   9.7081316e-02
   6.0900000e+00   9.9398950e-02
   6.1000000e+00   9.8230021e-02
   6.1100000e+00   1.0024585e-01
   6.1200000e+00   9.7679440e-02
   6.1300000e+00   1.0078446e-01
   6.1400000e+00   9.7436855e-02
   6.1500000e+00   1.0071218e-01
   6.1600000e+00   1.0144969e-01
   6.1700000e+00   1.0148180e-01
   6.1800000e+00   1.0325262e-01
   6.1900000e+00   1.0146332e-01
   6.2000000e+00   9.9804880e-02
   6.2100000e+00   1.0254878e-01
   6.2200000e+00   1.0446350e-01
   6.2300000e+00   1.0405185e-01
   6.2400000e+00   1.0368548e-01
   6.2500000e+00   1.0582652e-01
   6.2600000e+00   1.0576058e-01
   6.2700000e+00   1.0494652e-01
   6.2800000e+00   1.0684475e-01
   6.2900000e+00   1.0670905e-01
   6.3000000e+00   1.0865718e-01
   6.3100000e+00   1.0933215e-01
   6.3200000e+00   1.0898107e-01
   6.3300000e+00   1.0931641e-01
   6.3400000e+00   1.0995892e-01
   6.3500000e+00   1.0974394e-01
   6.3600000e+00   1.1134217e-01
   6.3700000e+00   1.0922793e-01
   6.3800000e+00   1.1162659e-01
   6.3900000e+00   1.1233186e-01
   6.4000000e+00   1.1215894e-01
   6.4100000e+00   1.1357286e-01
   6.4200000e+00   1.1451277e-01
   6.4300000e+00   1.1474897e-01
   6.4400000e+00   1.1543000e-01
   6.4500000e+00   1.1800575e-01
   6.4600000e+00   1.1673293e-01
   6.4700000e+00   1.1604576e-01
   6.4800000e+00   1.1873306e-01
   6.4900000e+00   1.1870583e-01
   6.5000000e+00   1.1826417e-01
   6.5100000e+00   1.1788241e-01
   6.5200000e+00   1.2090259e-01
   6.5300000e+00   1.2087528e-01
   6.5400000e+00   1.2089528e-01
   6.5500000e+00   1.2158281e-01
   6.5600000e+00   1.2172606e-01
   6.5700000e+00   1.2336026e-01
   6.5800000e+00   1.2182367e-01
   6.5900000e+00   1.2452255e-01
   6.6000000e+00   1.2306453e-01
   6.6100000e+00   1.2494010e-01
   6.6200000e+00   1.2579936e-01
   6.6300000e+00   1.2475780e-01
   6.6400000e+00   1.2649220e-01
   6.6500000e+00   1.2616645e-01
   6.6600000e+00   1.2832313e-01
   6.6700000e+00   1.2738501e-01
   6.6800000e+00   1.2901655e-01
   6.6900000e+00   1.3146852e-01
   6.7000000e+00   1.3010657e-01
   6.7100000e+00   1.2918639e-01
   6.7200000e+00   1.3085852e-01
   6.7300000e+00   1.3282854e-01
   6.7400000e+00   1.3114774e-01
   6.7500000e+00   1.3123431e-01
   6.7600000e+00   1.3419706e-01
   6.7700000e+00   1.3498525e-01
   6.7800000e+00   1.3323663e-01
   6.7900000e+00   1.3331999e-01
   6.8000000e+00   1.3619405e-01
   6.8100000e+00   1.3579479e-01
   6.8200000e+00   1.3834335e-01
   6.8300000e+00   1.3652039e-01
   6.8400000e+00   1.3721603e-01
   6.8500000e+00   1.3880120e-01
   6.8600000e+00   1.3843395e-01
   6.8700000e+00   1.3820123e-01
   6.8800000e+00   1.4018348e-01
   6.8900000e+00   1.4066652e-01
   6.9000000e+00   1.4192660e-01
   6.9100000e+00   1.4265248e-01
   6.9200000e+00   1.4148528e-01
   6.9300000e+00   1.4281307e-01
   6.9400000e+00   1.4283802e-01
   6.9500000e+00   1.4275835e-01
   6.9600000e+00   1.4340789e-01
   6.9700000e+00   1.4459004e-01
   6.9800000e+00   1.4368168e-01
   6.9900000e+00   1.4693182e-01
   7.0000000e+00   1.4762976e-01
   7.0100000e+00   1.4642360e-01
   7.0200000e+00   1.4870478e-01
   7.0300000e+00   1.4716999e-01
   7.0400000e+00   1.4720175e-01
   7.0500000e+00   1.5086940e-01
   7.0600000e+00   1.4839219e-01
   7.0700000e+00   1.5050469e-01
   7.0800000e+00   1.5021117e-01
   7.0900000e+00   1.5090149e-01
   7.1000000e+00   1.5249044e-01
   7.1100000e+00   1.5172637e-01
   7.1200000e+00   1.5301416e-01
   7.1300000e+00   1.5455106e-01
   7.1400000e+00   1.5750362e-01
   7.1500000e+00   1.5568880e-01
   7.1600000e+00   1.5629942e-01
   7.1700000e+00   1.5481451e-01
   7.1800000e+00   1.5647701e-01
   7.1900000e+00   1.5774901e-01
   7.2000000e+00   1.5865639e-01
   7.2100000e+00   1.5844111e-01
   7.2200000e+00   1.5928196e-01
   7.2300000e+00   1.6034743e-01
   7.2400000e+00   1.6162386e-01
   7.2500000e+00   1.6058501e-01
   7.2600000e+00   1.5993672e-01
   7.2700000e+00   1.5982328e-01
   7.2800000e+00   1.6265269e-01
   7.2900000e+00   1.6467095e-01
   7.3000000e+00   1.6271428e-01
   7.3100000e+00   1.6680833e-01
   7.3200000e+00   1.6500391e-01
   7.3300000e+00   1.6488258e-01
   7.3400000e+00   1.6774894e-01
   7.3500000e+00   1.6365633e-01
   7.3600000e+00   1.6769602e-01
   7.3700000e+00   1.6854254e-01
   7.3800000e+00   1.6863926e-01
   7.3900000e+00   1.6689274e-01
   7.4000000e+00   1.6939657e-01
   7.4100000e+00   1.7071667e-01
   7.4200000e+00   1.7013868e-01
   7.4300000e+00   1.7090676e-01
   7.4400000e+00   1.7092043e-01
   7.4500000e+00   1.7315019e-01
   7.4600000e+00   1.7310578e-01
   7.4700000e+00   1.7441026e-01
   7.4800000e+00   1.7437155e-01
   7.4900000e+00   1.7691315e-01
   7.5000000e+00   1.7340093e-01
   7.5100000e+00   1.7897064e-01
   7.5200000e+00   1.7871845e-01
   7.5300000e+00   1.7683005e-01
   7.5400000e+00   1.7728562e-01
   7.5500000e+00   1.7766613e-01
   7.5600000e+00   1.8151244e-01
   7.5700000e+00   1.7963242e-01
   7.5800000e+00   1.7938812e-01
   7.5900000e+00   1.7924062e-01
   7.6000000e+00   1.8075766e-01
   7.6100000e+00   1.8179870e-01
   7.6200000e+00   1.8109117e-01
   7.6300000e+00   1.8503915e-01
   7.6400000e+00   1.8456523e-01
   7.6500000e+00   1.8443938e-01
   7.6600000e+00   1.8620154e-01
   7.6700000e+00   1.8544783e-01
   7.6800000e+00   1.8725776e-01
   7.6900000e+00   1.8741244e-01
   7.7000000e+00   1.8691817e-01
   7.7100000e+00   1.8903928e-01
   7.7200000e+00   1.8758415e-01
   7.7300000e+00   1.8829531e-01
   7.7400000e+00   1.8908268e-01
   7.7500000e+00   1.9011807e-01
   7.7600000e+00   1.9241708e-01
   7.7700000e+00   1.9205128e-01
   7.7800000e+00   1.9151647e-01
   7.7900000e+00   1.9390741e-01
   7.8000000e+00   1.9400571e-01
   7.8100000e+00   1.9643845e-01
   7.8200000e+00   1.9396994e-01
   7.8300000e+00   1.9558323e-01
   7.8400000e+00   1.9625055e-01
   7.8500000e+00   1.9655458e-01
   7.8600000e+00   1.9581878e-01
   7.8700000e+00   1.9928921e-01
   7.8800000e+00   1.9831134e-01
   7.8900000e+00   1.9658247e-01
   7.9000000e+00   2.0007623e-01
   7.9100000e+00   1.9796620e-01
   7.9200000e+00   1.9993503e-01
   7.9300000e+00   2.0252006e-01
   7.9400000e+00   2.0121880e-01
   7.9500000e+00   2.0117765e-01
   7.9600000e+00   2.0059750e-01
   7.9700000e+00   2.0365699e-01
   7.9800000e+00   2.0599513e-01
   7.9900000e+00   2.0424889e-01
   8.0000000e+00   2.0395140e-01
   8.0100000e+00   2.0424150e-01
   8.0200000e+00   2.0608908e-01
   8.0300000e+00   2.0678639e-01
   8.0400000e+00   2.0760743e-01
   8.0500000e+00   2.0783420e-01
   8.0600000e+00   2.1048007e-01
   8.0700000e+00   2.0934706e-01
   8.0800000e+00   2.0954713e-01
   8.0900000e+00   2.1237587e-01
   8.1000000e+00   2.1122239e-01
   8.1100000e+00   2.0884911e-01
   8.1200000e+00   2.1340440e-01
   8.1300000e+00   2.1092290e-01
   8.1400000e+00   2.1435094e-01
   8.1500000e+00   2.1270621e-01
   8.1600000e+00   2.1614626e-01
   8.1700000e+00   2.1366637e-01
   8.1800000e+00   2.1714635e-01
   8.1900000e+00   2.1639257e-01
   8.2000000e+00   2.1788237e-01
   8.2100000e+00   2.1624619e-01
   8.2200000e+00   2.2040305e-01
   8.2300000e+00   2.2169119e-01
   8.2400000e+00   2.1841003e-01
   8.2500000e+00   2.2043949e-01
   8.2600000e+00   2.2099878e-01
   8.2700000e+00   2.2009965e-01
   8.2800000e+00   2.2115173e-01
   8.2900000e+00   2.2139997e-01
   8.3000000e+00   2.2334892e-01
   8.3100000e+00   2.2043033e-01
   8.3200000e+00   2.2396169e-01
   8.3300000e+00   2.2357477e-01
   8.3400000e+00   2.2487694e-01
   8.3500000e+00   2.2466515e-01
   8.3600000e+00   2.2615405e-01
   8.3700000e+00   2.2378939e-01
   8.3800000e+00   2.2822339e-01
   8.3900000e+00   2.2795369e-01
   8.4000000e+00   2.2663416e-01
   8.4100000e+00   2.2780435e-01
   8.4200000e+00   2.2930260e-01
   8.4300000e+00   2.2918291e-01
   8.4400000e+00   2.3006291e-01
   8.4500000e+00   2.2993172e-01
   8.4600000e+00   2.3340851e-01
   8.4700000e+00   2.3414510e-01
   8.4800000e+00   2.3286011e-01
   8.4900000e+00   2.3500114e-01
   8.5000000e+00   2.3594843e-01
   8.5100000e+00   2.3535392e-01
   8.5200000e+00   2.3447189e-01
   8.5300000e+00   2.3537661e-01
   8.5400000e+00   2.3704400e-01
   8.5500000e+00   2.3551068e-01
   8.5600000e+00   2.3628450e-01
   8.5700000e+00   2.3744543e-01
   8.5800000e+00   2.3913106e-01
   8.5900000e+00   2.3949003e-01
   8.6000000e+00   2.3880246e-01
   8.6100000e+00   2.3893018e-01
   8.6200000e+00   2.4006091e-01
   8.6300000e+00   2.4006750e-01
   8.6400000e+00   2.4055776e-01
   8.6500000e+00   2.3991383e-01
   8.6600000e+00   2.4084292e-01
   8.6700000e+00   2.4410552e-01
   8.6800000e+00   2.4187384e-01
   8.6900000e+00   2.4444113e-01
   8.7000000e+00   2.4298595e-01
   8.7100000e+00   2.4511361e-01
   8.7200000e+00   2.4614001e-01
   8.7300000e+00   2.4682775e-01
   8.7400000e+00   2.4650606e-01
   8.7500000e+00   2.4546583e-01
   8.7600000e+00   2.4806254e-01
   8.7700000e+00   2.4658734e-01
   8.7800000e+00   2.4793473e-01
   8.7900000e+00   2.4747324e-01
   8.8000000e+00   2.4969193e-01
   8.8100000e+00   2.4996815e-01
   8.8200000e+00   2.4946049e-01
   8.8300000e+00   2.4974848e-01
   8.8400000e+00   2.5199660e-01
   8.8500000e+00   2.5267639e-01
   8.8600000e+00   2.5134851e-01
   8.8700000e+00   2.5403715e-01
   8.8800000e+00   2.5326860e-01
   8.8900000e+00   2.5395016e-01
   8.9000000e+00   2.5418921e-01
   8.9100000e+00   2.5333542e-01
   8.9200000e+00   2.5526498e-01
   8.9300000e+00   2.5559063e-01
   8.9400000e+00   2.5767750e-01
   8.9500000e+00   2.5776352e-01
   8.9600000e+00   2.5794232e-01
   8.9700000e+00   2.5562264e-01
   8.9800000e+00   2.6009013e-01
   8.9900000e+00   2.5938710e-01
   9.0000000e+00   2.5992372e-01
   9.0100000e+00   2.6018947e-01
   9.0200000e+00   2.5783582e-01
   9.0300000e+00   2.6173914e-01
   9.0400000e+00   2.6121733e-01
   9.0500000e+00   2.6261686e-01
   9.0600000e+00   2.6315586e-01
   9.0700000e+00   2.6470056e-01
   9.0800000e+00   2.6161385e-01
   9.0900000e+00   2.6144028e-01
   9.1000000e+00   2.6151072e-01
   9.1100000e+00   2.6535355e-01
   9.1200000e+00   2.6518795e-01
   9.1300000e+00   2.6674895e-01
   9.1400000e+00   2.6563194e-01
   9.1500000e+00   2.6719602e-01
   9.1600000e+00   2.6640099e-01
   9.1700000e+00   2.6786930e-01
   9.1800000e+00   2.6629465e-01
   9.1900000e+00   2.7202128e-01
   9.2000000e+00   2.7046498e-01
   9.2100000e+00   2.7010780e-01
   9.2200000e+00   2.7117844e-01
   9.2300000e+00   2.7232346e-01
   9.2400000e+00   2.7152216e-01
   9.2500000e+00   2.7207219e-01
   9.2600000e+00   2.7326720e-01
   9.2700000e+00   2.7133083e-01
   9.2800000e+00   2.7109101e-01
   9.2900000e+00   2.7237166e-01
   9.3000000e+00   2.7313821e-01
   9.3100000e+00   2.7436149e-01
   9.3200000e+00   2.7530630e-01
   9.3300000e+00   2.7374639e-01
   9.3400000e+00   2.7566057e-01
   9.3500000e+00   2.7643359e-01
   9.3600000e+00   2.7684728e-01
   9.3700000e+00   2.7611313e-01
   9.3800000e+00   2.7410059e-01
   9.3900000e+00   2.7863743e-01
   9.4000000e+00   2.7770337e-01
   9.4100000e+00   2.7835644e-01
   9.4200000e+00   2.7720789e-01
   9.4300000e+00   2.7867982e-01
   9.4400000e+00   2.7798831e-01
   9.4500000e+00   2.7789629e-01
   9.4600000e+00   2.7977948e-01
   9.4700000e+00   2.7996927e-01
   9.4800000e+00   2.8136701e-01
   9.4900000e+00   2.8276950e-01
   9.5000000e+00   2.8024602e-01
   9.5100000e+00   2.8124315e-01
   9.5200000e+00   2.8093978e-01
   9.5300000e+00   2.8154795e-01
   9.5400000e+00   2.8121475e-01
   9.5500000e+00   2.8389899e-01
   9.5600000e+00   2.8459437e-01
   9.5700000e+00   2.8314533e-01
   9.5800000e+00   2.8389502e-01
   9.5900000e+00   2.8226913e-01
   9.6000000e+00   2.8464890e-01
   9.6100000e+00   2.8477556e-01
   9.6200000e+00   2.8687003e-01
   9.6300000e+00   2.8630124e-01
   9.6400000e+00   2.8687313e-01
   9.6500000e+00   2.8524490e-01
   9.6600000e+00   2.8644011e-01
   9.6700000e+00   2.8829191e-01
   9.6800000e+00   2.8716007e-01
   9.6900000e+00   2.8902495e-01
   9.7000000e+00   2.9005292e-01
   9.7100000e+00   2.8871304e-01
   9.7200000e+00   2.9155483e-01
   9.7300000e+00   2.9149894e-01
   9.7400000e+00   2.8895557e-01
   9.7500000e+00   2.9169103e-01
   9.7600000e+00   2.9259480e-01
   9.7700000e+00   2.9201503e-01
   9.7800000e+00   2.9270381e-01
   9.7900000e+00   2.9355983e-01
   9.8000000e+00   2.9322422e-01
   9.8100000e+00   2.9292024e-01
   9.8200000e+00   2.9286065e-01
   9.8300000e+00   2.9431174e-01
   9.8400000e+00   2.9578692e-01
   9.8500000e+00   2.9672810e-01
   9.8600000e+00   2.9552829e-01
   9.8700000e+00   2.9590331e-01
   9.8800000e+00   2.9522456e-01
   9.8900000e+00   2.9696896e-01
   9.9000000e+00   2.9653759e-01
   9.9100000e+00   2.9621670e-01
   9.9200000e+00   2.9725828e-01
   9.9300000e+00   2.9798565e-01
   9.9400000e+00   2.9937253e-01
   9.9500000e+00   2.9918042e-01
   9.9600000e+00   2.9748282e-01
   9.9700000e+00   2.9899110e-01
   9.9800000e+00   3.0000115e-01
   9.9900000e+00   3.0044658e-01
   1.0000000e+01   3.0016332e-01
   1.0010000e+01   3.0132642e-01
   1.0020000e+01   2.9828011e-01
   1.0030000e+01   3.0049474e-01
   1.0040000e+01   3.0008932e-01
   1.0050000e+01   3.0010536e-01
   1.0060000e+01   2.9994007e-01
   1.0070000e+01   3.0022371e-01
   1.0080000e+01   3.0094996e-01
   1.0090000e+01   3.0385374e-01
   1.0100000e+01   3.0217770e-01
   1.0110000e+01   3.0264796e-01
   1.0120000e+01   3.0134011e-01
   1.0130000e+01   3.0208487e-01
   1.0140000e+01   3.0170031e-01
   1.0150000e+01   3.0428718e-01
   1.0160000e+01   3.0051580e-01
   1.0170000e+01   3.0458861e-01
   1.0180000e+01   3.0457443e-01
   1.0190000e+01   3.0374490e-01
   1.0200000e+01   3.0578284e-01
   1.0210000e+01   3.0796464e-01
   1.0220000e+01   3.0602826e-01
   1.0230000e+01   3.0717344e-01
   1.0240000e+01   3.0685709e-01
   1.0250000e+01   3.0480422e-01
   1.0260000e+01   3.0730903e-01
   1.0270000e+01   3.0911447e-01
   1.0280000e+01   3.0897498e-01
   1.0290000e+01   3.0717471e-01
   1.0300000e+01   3.0829540e-01
   1.0310000e+01   3.0737140e-01
   1.0320000e+01   3.0900162e-01
   1.0330000e+01   3.0894431e-01
   1.0340000e+01   3.0837718e-01
   1.0350000e+01   3.0957301e-01
   1.0360000e+01   3.0826234e-01
   1.0370000e+01   3.0978560e-01
   1.0380000e+01   3.1023159e-01
   1.0390000e+01   3.1054149e-01
   1.0400000e+01   3.1155177e-01
   1.0410000e+01   3.1129265e-01
   1.0420000e+01   3.1212577e-01
   1.0430000e+01   3.1252546e-01
   1.0440000e+01   3.0981247e-01
   1.0450000e+01   3.1243263e-01
   1.0460000e+01   3.1116773e-01
   1.0470000e+01   3.1157334e-01
   1.0480000e+01   3.1311907e-01
   1.0490000e+01   3.1057501e-01
   1.0500000e+01   3.1086092e-01
   1.0510000e+01   3.1187314e-01
   1.0520000e+01   3.1271616e-01
   1.0530000e+01   3.1353952e-01
   1.0540000e+01   3.1226862e-01
   1.0550000e+01   3.1248065e-01
   1.0560000e+01   3.1381195e-01
   1.0570000e+01   3.1354558e-01
   1.0580000e+01   3.1383231e-01
   1.0590000e+01   3.1376563e-01
   1.0600000e+01   3.1225862e-01
   1.0610000e+01   3.1435664e-01
   1.0620000e+01   3.1740771e-01
   1.0630000e+01   3.1556779e-01
   1.0640000e+01   3.1526376e-01
   1.0650000e+01   3.1700203e-01
   1.0660000e+01   3.1438636e-01
   1.0670000e+01   3.1625029e-01
   1.0680000e+01   3.1665509e-01
   1.0690000e+01   3.1649305e-01
   1.0700000e+01   3.1539055e-01
   1.0710000e+01   3.1760694e-01
   1.0720000e+01   3.1436488e-01
   1.0730000e+01   3.1677304e-01
   1.0740000e+01   3.1702208e-01
   1.0750000e+01   3.1644061e-01
   1.0760000e+01   3.1904759e-01
   1.0770000e+01   3.1773632e-01
   1.0780000e+01   3.1730899e-01
   1.0790000e+01   3.1647373e-01
   1.0800000e+01   3.1972901e-01
   1.0810000e+01   3.1831875e-01
   1.0820000e+01   3.1532454e-01
   1.0830000e+01   3.1751494e-01
   1.0840000e+01   3.1692613e-01
   1.0850000e+01   3.1744788e-01
   1.0860000e+01   3.2007185e-01
   1.0870000e+01   3.1906457e-01
   1.0880000e+01   3.1819421e-01
   1.0890000e+01   3.2000161e-01
   1.0900000e+01   3.1878551e-01
   1.0910000e+01   3.1893681e-01
   1.0920000e+01   3.2148915e-01
   1.0930000e+01   3.2141135e-01
   1.0940000e+01   3.1980197e-01
   1.0950000e+01   3.2048299e-01
   1.0960000e+01   3.1962991e-01
   1.0970000e+01   3.2070918e-01
   1.0980000e+01   3.2086958e-01
   1.0990000e+01   3.2038775e-01
   1.1000000e+01   3.2082824e-01
   1.1010000e+01   3.2121099e-01
   1.1020000e+01   3.2121887e-01
   1.1030000e+01   3.1965917e-01
   1.1040000e+01   3.2026157e-01
   1.1050000e+01   3.2020421e-01
   1.1060000e+01   3.2111407e-01
   1.1070000e+01   3.2145854e-01
   1.1080000e+01   3.2106275e-01
   1.1090000e+01   3.2233032e-01
   1.1100000e+01   3.2285428e-01
   1.1110000e+01   3.2005732e-01
   1.1120000e+01   3.2045294e-01
   1.1130000e+01   3.1977126e-01
   1.1140000e+01   3.1950188e-01
   1.1150000e+01   3.2264181e-01
   1.1160000e+01   3.2101169e-01
   1.1170000e+01   3.2165088e-01
   1.1180000e+01   3.2100107e-01
   1.1190000e+01   3.1949072e-01
   1.1200000e+01   3.1854925e-01
   1.1210000e+01   3.1980807e-01
   1.1220000e+01   3.2033711e-01
   1.1230000e+01   3.1993150e-01
   1.1240000e+01   3.2271297e-01
   1.1250000e+01   3.2102776e-01
   1.1260000e+01   3.2127532e-01
   1.1270000e+01   3.2072868e-01
   1.1280000e+01   3.2236660e-01
   1.1290000e+01   3.2055483e-01
   1.1300000e+01   3.2124782e-01
   1.1310000e+01   3.2078516e-01
   1.1320000e+01   3.2269049e-01
   1.1330000e+01   3.2164906e-01
   1.1340000e+01   3.2280439e-01
   1.1350000e+01   3.2284670e-01
   1.1360000e+01   3.2161638e-01
   1.1370000e+01   3.2171879e-01
   1.1380000e+01   3.2138197e-01
   1.1390000e+01   3.2078731e-01
   1.1400000e+01   3.2114588e-01
   1.1410000e+01   3.2006604e-01
   1.1420000e+01   3.2148949e-01
   1.1430000e+01   3.2294425e-01
   1.1440000e+01   3.2297673e-01
   1.1450000e+01   3.2218187e-01
   1.1460000e+01   3.2145325e-01
   1.1470000e+01   3.2022343e-01
   1.1480000e+01   3.2239975e-01
   1.1490000e+01   3.2170932e-01
   1.1500000e+01   3.2115777e-01
   1.1510000e+01   3.2128854e-01
   1.1520000e+01   3.2161906e-01
   1.1530000e+01   3.2118150e-01
   1.1540000e+01   3.2309686e-01
   1.1550000e+01   3.2410887e-01
   1.1560000e+01   3.2161308e-01
   1.1570000e+01   3.2196846e-01
   1.1580000e+01   3.2332764e-01
   1.1590000e+01   3.2081319e-01
   1.1600000e+01   3.1967161e-01
   1.1610000e+01   3.1999804e-01
   1.1620000e+01   3.2048865e-01
   1.1630000e+01   3.2111359e-01
   1.1640000e+01   3.2100323e-01
   1.1650000e+01   3.2120716e-01
   1.1660000e+01   3.2037251e-01
   1.1670000e+01   3.2097651e-01
   1.1680000e+01   3.2014756e-01
   1.1690000e+01   3.2138866e-01
   1.1700000e+01   3.2083934e-01
   1.1710000e+01   3.2133809e-01
   1.1720000e+01   3.1853436e-01
   1.1730000e+01   3.2073848e-01
   1.1740000e+01   3.2163772e-01
   1.1750000e+01   3.1954255e-01
   1.1760000e+01   3.2088204e-01
   1.1770000e+01   3.2165162e-01
   1.1780000e+01   3.2191065e-01
   1.1790000e+01   3.2083048e-01
   1.1800000e+01   3.1962894e-01
   1.1810000e+01   3.2115087e-01
   1.1820000e+01   3.1998314e-01
   1.1830000e+01   3.2099012e-01
   1.1840000e+01   3.2076610e-01
   1.1850000e+01   3.2007181e-01
   1.1860000e+01   3.1843672e-01
   1.1870000e+01   3.2252000e-01
   1.1880000e+01   3.1957811e-01
   1.1890000e+01   3.1695610e-01
   1.1900000e+01   3.2079400e-01
   1.1910000e+01   3.1846255e-01
   1.1920000e+01   3.1665733e-01
   1.1930000e+01   3.2019613e-01
   1.1940000e+01   3.1741826e-01
   1.1950000e+01   3.1747825e-01
   1.1960000e+01   3.1855834e-01
   1.1970000e+01   3.1558662e-01
   1.1980000e+01   3.1591058e-01
   1.1990000e+01   3.1792120e-01
   1.2000000e+01   3.1916748e-01
   1.2010000e+01   3.1869226e-01
   1.2020000e+01   3.1904220e-01
   1.2030000e+01   3.1736493e-01
   1.2040000e+01   3.1857693e-01
   1.2050000e+01   3.1727402e-01
   1.2060000e+01   3.1642972e-01
   1.2070000e+01   3.1859772e-01
   1.2080000e+01   3.1568964e-01
   1.2090000e+01   3.1800232e-01
   1.2100000e+01   3.1590157e-01
   1.2110000e+01   3.1788131e-01
   1.2120000e+01   3.1436965e-01
   1.2130000e+01   3.1536721e-01
   1.2140000e+01   3.1566649e-01
   1.2150000e+01   3.1506354e-01
   1.2160000e+01   3.1515596e-01
   1.2170000e+01   3.1613175e-01
   1.2180000e+01   3.1516998e-01
   1.2190000e+01   3.1632668e-01
   1.2200000e+01   3.1566927e-01
   1.2210000e+01   3.1491614e-01
   1.2220000e+01   3.1437333e-01
   1.2230000e+01   3.1401838e-01
   1.2240000e+01   3.1414137e-01
   1.2250000e+01   3.1197815e-01
   1.2260000e+01   3.1271620e-01
   1.2270000e+01   3.1336160e-01
   1.2280000e+01   3.1530668e-01
   1.2290000e+01   3.1342733e-01
   1.2300000e+01   3.1190151e-01
   1.2310000e+01   3.1493064e-01
   1.2320000e+01   3.1377193e-01
   1.2330000e+01   3.1368736e-01
   1.2340000e+01   3.1397395e-01
   1.2350000e+01   3.1426613e-01
   1.2360000e+01   3.1273119e-01
   1.2370000e+01   3.1252976e-01
   1.2380000e+01   3.1518573e-01
   1.2390000e+01   3.1088810e-01
   1.2400000e+01   3.1235098e-01
   1.2410000e+01   3.1198155e-01
   1.2420000e+01   3.1157026e-01
   1.2430000e+01   3.1234620e-01
   1.2440000e+01   3.1089670e-01
   1.2450000e+01   3.1081391e-01
   1.2460000e+01   3.1014432e-01
   1.2470000e+01   3.1077695e-01
   1.2480000e+01   3.1049145e-01
   1.2490000e+01   3.0941416e-01
   1.2500000e+01   3.0928453e-01
   1.2510000e+01   3.1017222e-01
   1.2520000e+01   3.0768456e-01
   1.2530000e+01   3.0830559e-01
   1.2540000e+01   3.0749442e-01
   1.2550000e+01   3.0777375e-01
   1.2560000e+01   3.0794630e-01
   1.2570000e+01   3.0688411e-01
   1.2580000e+01   3.0780181e-01
   1.2590000e+01   3.0762113e-01
   1.2600000e+01   3.0538655e-01
   1.2610000e+01   3.0528524e-01
   1.2620000e+01   3.0810714e-01
   1.2630000e+01   3.0600238e-01
   1.2640000e+01   3.0688071e-01
   1.2650000e+01   3.0547237e-01
   1.2660000e+01   3.0722283e-01
   1.2670000e+01   3.0569168e-01
   1.2680000e+01   3.0477257e-01
   1.2690000e+01   3.0386595e-01
   1.2700000e+01   3.0437327e-01
   1.2710000e+01   3.0631478e-01
   1.2720000e+01   3.0535237e-01
   1.2730000e+01   3.0268426e-01
   1.2740000e+01   3.0458827e-01
   1.2750000e+01   3.0139635e-01
   1.2760000e+01   3.0417375e-01
   1.2770000e+01   3.0549269e-01
   1.2780000e+01   3.0307978e-01
   1.2790000e+01   3.0329106e-01
   1.2800000e+01   3.0254981e-01
   1.2810000e+01   3.0234838e-01
   1.2820000e+01   3.0292995e-01
   1.2830000e+01   3.0118061e-01
   1.2840000e+01   3.0022001e-01
   1.2850000e+01   3.0223888e-01
   1.2860000e+01   2.9946169e-01
   1.2870000e+01   3.0153159e-01
   1.2880000e+01   2.9914447e-01
   1.2890000e+01   3.0052569e-01
   1.2900000e+01   3.0106772e-01
   1.2910000e+01   2.9907044e-01
   1.2920000e+01   3.0032704e-01
   1.2930000e+01   2.9835470e-01
   1.2940000e+01   2.9711874e-01
   1.2950000e+01   2.9710753e-01
   1.2960000e+01   2.9600324e-01
   1.2970000e+01   2.9704168e-01
   1.2980000e+01   2.9806904e-01
   1.2990000e+01   2.9836793e-01
   1.3000000e+01   2.9693837e-01
   1.3010000e+01   2.9655754e-01
   1.3020000e+01   2.9566074e-01
   1.3030000e+01   2.9549515e-01
   1.3040000e+01   2.9684384e-01
   1.3050000e+01   2.9252291e-01
   1.3060000e+01   2.9526802e-01
   1.3070000e+01   2.9326218e-01
   1.3080000e+01   2.9362922e-01
   1.3090000e+01   2.9454963e-01
   1.3100000e+01   2.9408673e-01
   1.3110000e+01   2.9212251e-01
   1.3120000e+01   2.9237418e-01
   1.3130000e+01   2.9452234e-01
   1.3140000e+01   2.9456211e-01
   1.3150000e+01   2.9223271e-01
   1.3160000e+01   2.9301138e-01
   1.3170000e+01   2.9234848e-01
   1.3180000e+01   2.9081428e-01
   1.3190000e+01   2.9294940e-01
   1.3200000e+01   2.9011668e-01
   1.3210000e+01   2.8934744e-01
   1.3220000e+01   2.9113248e-01
   1.3230000e+01   2.9279339e-01
   1.3240000e+01   2.8915396e-01
   1.3250000e+01   2.9062192e-01
   1.3260000e+01   2.8991650e-01
   1.3270000e+01   2.8691681e-01
   1.3280000e+01   2.9138314e-01
   1.3290000e+01   2.8830291e-01
   1.3300000e+01   2.8667691e-01
   1.3310000e+01   2.8768707e-01
   1.3320000e+01   2.8636416e-01
   1.3330000e+01   2.8664596e-01
   1.3340000e+01   2.8700379e-01
   1.3350000e+01   2.8795004e-01
   1.3360000e+01   2.8788509e-01
   1.3370000e+01   2.8691585e-01
   1.3380000e+01   2.8403182e-01
   1.3390000e+01   2.8652148e-01
   1.3400000e+01   2.8307712e-01
   1.3410000e+01   2.8563700e-01
   1.3420000e+01   2.8507059e-01
   1.3430000e+01   2.8356855e-01
   1.3440000e+01   2.8188113e-01
   1.3450000e+01   2.8383810e-01
   1.3460000e+01   2.8211815e-01
   1.3470000e+01   2.8167373e-01
   1.3480000e+01   2.8053591e-01
   1.3490000e+01   2.8277741e-01
   1.3500000e+01   2.8211235e-01
   1.3510000e+01   2.8154957e-01
   1.3520000e+01   2.7970728e-01
   1.3530000e+01   2.7951120e-01
   1.3540000e+01   2.8068990e-01
   1.3550000e+01   2.7879344e-01
   1.3560000e+01   2.7953714e-01
   1.3570000e+01   2.7825560e-01
   1.3580000e+01   2.7868108e-01
   1.3590000e+01   2.7938125e-01
   1.3600000e+01   2.7872589e-01
   1.3610000e+01   2.7829258e-01
   1.3620000e+01   2.7855747e-01
   1.3630000e+01   2.7766133e-01
   1.3640000e+01   2.7761810e-01
   1.3650000e+01   2.7736064e-01
   1.3660000e+01   2.7669800e-01
   1.3670000e+01   2.7747624e-01
   1.3680000e+01   2.7421088e-01
   1.3690000e+01   2.7753522e-01
   1.3700000e+01   2.7385487e-01
   1.3710000e+01   2.7458540e-01
   1.3720000e+01   2.7344000e-01
   1.3730000e+01   2.7415887e-01
   1.3740000e+01   2.7266274e-01
   1.3750000e+01   2.7347711e-01
   1.3760000e+01   2.7355453e-01
   1.3770000e+01   2.7225005e-01
   1.3780000e+01   2.7199818e-01
   1.3790000e+01   2.7146066e-01
   1.3800000e+01   2.7025179e-01
   1.3810000e+01   2.7166339e-01
   1.3820000e+01   2.7160227e-01
   1.3830000e+01   2.7027863e-01
   1.3840000e+01   2.7005375e-01
   1.3850000e+01   2.6989565e-01
   1.3860000e+01   2.6872773e-01
   1.3870000e+01   2.6867297e-01
   1.3880000e+01   2.6748245e-01
   1.3890000e+01   2.6731081e-01
   1.3900000e+01   2.6952151e-01
   1.3910000e+01   2.6622382e-01
   1.3920000e+01   2.6834795e-01
   1.3930000e+01   2.6682641e-01
   1.3940000e+01   2.6823054e-01
   1.3950000e+01   2.6430292e-01
   1.3960000e+01   2.6379329e-01
   1.3970000e+01   2.6393851e-01
   1.3980000e+01   2.6540799e-01
   1.3990000e+01   2.6532804e-01
   1.4000000e+01   2.6366231e-01
   1.4010000e+01   2.6483453e-01
   1.4020000e+01   2.6396869e-01
   1.4030000e+01   2.6460458e-01
   1.4040000e+01   2.6443542e-01
   1.4050000e+01   2.6357201e-01
   1.4060000e+01   2.6316818e-01
   1.4070000e+01   2.6288093e-01
   1.4080000e+01   2.6255464e-01
   1.4090000e+01   2.6114277e-01
   1.4100000e+01   2.6153357e-01
   1.4110000e+01   2.6103559e-01
   1.4120000e+01   2.6222807e-01
   1.4130000e+01   2.5977204e-01
   1.4140000e+01   2.6016789e-01
   1.4150000e+01   2.5903301e-01
   1.4160000e+01   2.5845655e-01
   1.4170000e+01   2.6003118e-01
   1.4180000e+01   2.5660305e-01
   1.4190000e+01   2.5814041e-01
   1.4200000e+01   2.5703731e-01
   1.4210000e+01   2.5554762e-01
   1.4220000e+01   2.5649158e-01
   1.4230000e+01   2.5558922e-01
   1.4240000e+01   2.5576717e-01
   1.4250000e+01   2.5880257e-01
   1.4260000e+01   2.5637150e-01
   1.4270000e+01   2.5504277e-01
   1.4280000e+01   2.5412230e-01
   1.4290000e+01   2.5455589e-01
   1.4300000e+01   2.5319501e-01
   1.4310000e+01   2.5300062e-01
   1.4320000e+01   2.5567163e-01
   1.4330000e+01   2.5405272e-01
   1.4340000e+01   2.5210890e-01
   1.4350000e+01   2.5121531e-01
   1.4360000e+01   2.5302730e-01
   1.4370000e+01   2.5208766e-01
   1.4380000e+01   2.5154947e-01
   1.4390000e+01   2.5167806e-01
   1.4400000e+01   2.5097545e-01
   1.4410000e+01   2.5022105e-01
   1.4420000e+01   2.4948135e-01
   1.4430000e+01   2.4916258e-01
   1.4440000e+01   2.5001429e-01
   1.4450000e+01   2.5094473e-01
   1.4460000e+01   2.5100883e-01
   1.4470000e+01   2.4889171e-01
   1.4480000e+01   2.4770015e-01
   1.4490000e+01   2.4902225e-01
   1.4500000e+01   2.4654161e-01
   1.4510000e+01   2.4726715e-01
   1.4520000e+01   2.4768075e-01
   1.4530000e+01   2.4724699e-01
   1.4540000e+01   2.4548848e-01
   1.4550000e+01   2.4420309e-01
   1.4560000e+01   2.4386068e-01
   1.4570000e+01   2.4519752e-01
   1.4580000e+01   2.4420826e-01
   1.4590000e+01   2.4328042e-01
   1.4600000e+01   2.4268696e-01
   1.4610000e+01   2.4457600e-01
   1.4620000e+01   2.4301300e-01
   1.4630000e+01   2.4235120e-01
   1.4640000e+01   2.4394427e-01
   1.4650000e+01   2.4062575e-01
   1.4660000e+01   2.4231632e-01
   1.4670000e+01   2.4025407e-01
   1.4680000e+01   2.4155455e-01
   1.4690000e+01   2.4163860e-01
   1.4700000e+01   2.4126968e-01
   1.4710000e+01   2.4188764e-01
   1.4720000e+01   2.3880843e-01
   1.4730000e+01   2.4086556e-01
   1.4740000e+01   2.4015618e-01
   1.4750000e+01   2.3984666e-01
   1.4760000e+01   2.3771988e-01
   1.4770000e+01   2.3910283e-01
   1.4780000e+01   2.3776680e-01
   1.4790000e+01   2.3548309e-01
   1.4800000e+01   2.3792867e-01
   1.4810000e+01   2.3741484e-01
   1.4820000e+01   2.3627345e-01
   1.4830000e+01   2.3618509e-01
   1.4840000e+01   2.3443297e-01
   1.4850000e+01   2.3575132e-01
   1.4860000e+01   2.3540499e-01
   1.4870000e+01   2.3339009e-01
   1.4880000e+01   2.3550002e-01
   1.4890000e+01   2.3433920e-01
   1.4900000e+01   2.3453132e-01
   1.4910000e+01   2.3351247e-01
   1.4920000e+01   2.3433009e-01
   1.4930000e+01   2.3317117e-01
   1.4940000e+01   2.3272555e-01
   1.4950000e+01   2.3205731e-01
   1.4960000e+01   2.3240927e-01
   1.4970000e+01   2.3039209e-01
   1.4980000e+01   2.3027756e-01
   1.4990000e+01   2.3217908e-01
   1.5000000e+01   2.3009954e-01
   1.5010000e+01   2.3081411e-01
   1.5020000e+01   2.2949661e-01
   1.5030000e+01   2.2942653e-01
   1.5040000e+01   2.2978355e-01
   1.5050000e+01   2.3020255e-01
   1.5060000e+01   2.2853203e-01
   1.5070000e+01   2.2992023e-01
   1.5080000e+01   2.2848017e-01
   1.5090000e+01   2.2947598e-01
   1.5100000e+01   2.2903251e-01
   1.5110000e+01   2.2780527e-01
   1.5120000e+01   2.2914364e-01
   1.5130000e+01   2.2967077e-01
   1.5140000e+01   2.2887710e-01
   1.5150000e+01   2.2955352e-01
   1.5160000e+01   2.2722816e-01
   1.5170000e+01   2.2794221e-01
   1.5180000e+01   2.2515702e-01
   1.5190000e+01   2.2727058e-01
   1.5200000e+01   2.2551057e-01
   1.5210000e+01   2.2563929e-01
   1.5220000e+01   2.2537371e-01
   1.5230000e+01   2.2464857e-01
   1.5240000e+01   2.2586596e-01
   1.5250000e+01   2.2421954e-01
   1.5260000e+01   2.2473999e-01
   1.5270000e+01   2.2587813e-01
   1.5280000e+01   2.2498269e-01
   1.5290000e+01   2.2373499e-01
   1.5300000e+01   2.2218653e-01
   1.5310000e+01   2.2327565e-01
   1.5320000e+01   2.2240598e-01
   1.5330000e+01   2.2308969e-01
   1.5340000e+01   2.2248144e-01
   1.5350000e+01   2.2146609e-01
   1.5360000e+01   2.2081152e-01
   1.5370000e+01   2.2218544e-01
   1.5380000e+01   2.2144154e-01
   1.5390000e+01   2.2134411e-01
   1.5400000e+01   2.1895297e-01
   1.5410000e+01   2.2079655e-01
   1.5420000e+01   2.2062508e-01
   1.5430000e+01   2.2006600e-01
   1.5440000e+01   2.1927856e-01
   1.5450000e+01   2.2058831e-01
   1.5460000e+01   2.1932380e-01
   1.5470000e+01   2.1831914e-01
   1.5480000e+01   2.1899636e-01
   1.5490000e+01   2.1934084e-01
   1.5500000e+01   2.1988679e-01
   1.5510000e+01   2.1902052e-01
   1.5520000e+01   2.1855507e-01
   1.5530000e+01   2.1884112e-01
   1.5540000e+01   2.1668116e-01
   1.5550000e+01   2.1647381e-01
   1.5560000e+01   2.1719959e-01
   1.5570000e+01   2.1504480e-01
   1.5580000e+01   2.1628845e-01
   1.5590000e+01   2.1557207e-01
   1.5600000e+01   2.1540203e-01
   1.5610000e+01   2.1616386e-01
   1.5620000e+01   2.1570452e-01
   1.5630000e+01   2.1630535e-01
   1.5640000e+01   2.1540844e-01
   1.5650000e+01   2.1613901e-01
   1.5660000e+01   2.1501112e-01
   1.5670000e+01   2.1337851e-01
   1.5680000e+01   2.1538105e-01
   1.5690000e+01   2.1399564e-01
   1.5700000e+01   2.1160876e-01
   1.5710000e+01   2.1533853e-01
   1.5720000e+01   2.1421710e-01
   1.5730000e+01   2.1449850e-01
   1.5740000e+01   2.1301079e-01
   1.5750000e+01   2.1350163e-01
   1.5760000e+01   2.1437614e-01
   1.5770000e+01   2.1198850e-01
   1.5780000e+01   2.1309036e-01
   1.5790000e+01   2.1398988e-01
   1.5800000e+01   2.1355885e-01
   1.5810000e+01   2.1275280e-01
   1.5820000e+01   2.1423762e-01
   1.5830000e+01   2.1273959e-01
   1.5840000e+01   2.1210632e-01
   1.5850000e+01   2.1163309e-01
   1.5860000e+01   2.1166540e-01
   1.5870000e+01   2.1171352e-01
   1.5880000e+01   2.1087900e-01
   1.5890000e+01   2.1082239e-01
   1.5900000e+01   2.1240962e-01
   1.5910000e+01   2.1141272e-01
   1.5920000e+01   2.1301881e-01
   1.5930000e+01   2.1237935e-01
   1.5940000e+01   2.1093207e-01
   1.5950000e+01   2.1177634e-01
   1.5960000e+01   2.1210463e-01
   1.5970000e+01   2.1098020e-01
   1.5980000e+01   2.1053860e-01
   1.5990000e+01   2.1309028e-01
   1.6000000e+01   2.0848558e-01
   1.6010000e+01   2.0960149e-01
   1.6020000e+01   2.1016721e-01
   1.6030000e+01   2.1049730e-01
   1.6040000e+01   2.0966826e-01
   1.6050000e+01   2.0903385e-01
   1.6060000e+01   2.0744873e-01
   1.6070000e+01   2.0928802e-01
   1.6080000e+01   2.0807684e-01
   1.6090000e+01   2.0707873e-01
   1.6100000e+01   2.0946267e-01
   1.6110000e+01   2.0913947e-01
   1.6120000e+01   2.1017553e-01
   1.6130000e+01   2.0977144e-01
   1.6140000e+01   2.0960600e-01
   1.6150000e+01   2.0830066e-01
   1.6160000e+01   2.0823983e-01
   1.6170000e+01   2.0850965e-01
   1.6180000e+01   2.0986259e-01
   1.6190000e+01   2.0848066e-01
   1.6200000e+01   2.0812627e-01
   1.6210000e+01   2.0734817e-01
   1.6220000e+01   2.0772070e-01
   1.6230000e+01   2.0496304e-01
   1.6240000e+01   2.0784303e-01
   1.6250000e+01   2.0775848e-01
   1.6260000e+01   2.0832702e-01
   1.6270000e+01   2.0965161e-01
   1.6280000e+01   2.0855466e-01
   1.6290000e+01   2.0778281e-01
   1.6300000e+01   2.0862643e-01
   1.6310000e+01   2.0882247e-01
   1.6320000e+01   2.0693917e-01
   1.6330000e+01   2.0830642e-01
   1.6340000e+01   2.0826586e-01
   1.6350000e+01   2.0893181e-01
   1.6360000e+01   2.0841159e-01
   1.6370000e+01   2.0648534e-01
   1.6380000e+01   2.0922261e-01
   1.6390000e+01   2.0689801e-01
   1.6400000e+01   2.0543325e-01
   1.6410000e+01   2.0580533e-01
   1.6420000e+01   2.0837320e-01
   1.6430000e+01   2.0664097e-01
   1.6440000e+01   2.0627857e-01
   1.6450000e+01   2.0568257e-01
   1.6460000e+01   2.0774571e-01
   1.6470000e+01   2.0730576e-01
   1.6480000e+01   2.0536634e-01
   1.6490000e+01   2.0783651e-01
   1.6500000e+01   2.0679764e-01
   1.6510000e+01   2.0810043e-01
   1.6520000e+01   2.0756006e-01
   1.6530000e+01   2.0889415e-01
   1.6540000e+01   2.0807572e-01
   1.6550000e+01   2.0733185e-01
   1.6560000e+01   2.0776577e-01
   1.6570000e+01   2.0889283e-01
   1.6580000e+01   2.0753859e-01
   1.6590000e+01   2.0797383e-01
   1.6600000e+01   2.0768811e-01
   1.6610000e+01   2.1015139e-01
   1.6620000e+01   2.0650085e-01
   1.6630000e+01   2.0607620e-01
   1.6640000e+01   2.0729307e-01
   1.6650000e+01   2.0935194e-01
   1.6660000e+01   2.0712048e-01
   1.6670000e+01   2.0659372e-01
   1.6680000e+01   2.0625459e-01
   1.6690000e+01   2.0648283e-01
   1.6700000e+01   2.0730128e-01
   1.6710000e+01   2.0876465e-01
   1.6720000e+01   2.0902138e-01
   1.6730000e+01   2.0737046e-01
   1.6740000e+01   2.0806965e-01
   1.6750000e+01   2.0761000e-01
   1.6760000e+01   2.0792803e-01
   1.6770000e+01   2.0997367e-01
   1.6780000e+01   2.0830462e-01
   1.6790000e+01   2.0943922e-01
   1.6800000e+01   2.0911822e-01
   1.6810000e+01   2.0898330e-01
   1.6820000e+01   2.1001974e-01
   1.6830000e+01   2.0969231e-01
   1.6840000e+01   2.1042846e-01
   1.6850000e+01   2.0932226e-01
   1.6860000e+01   2.1061862e-01
   1.6870000e+01   2.1078888e-01
   1.6880000e+01   2.1203654e-01
   1.6890000e+01   2.0959160e-01
   1.6900000e+01   2.0999298e-01
   1.6910000e+01   2.1193609e-01
   1.6920000e+01   2.0995514e-01
   1.6930000e+01   2.0937651e-01
   1.6940000e+01   2.0931889e-01
   1.6950000e+01   2.1208261e-01
   1.6960000e+01   2.0923493e-01
   1.6970000e+01   2.1021292e-01
   1.6980000e+01   2.1058142e-01
   1.6990000e+01   2.1335907e-01
   1.7000000e+01   2.1174698e-01
   1.7010000e+01   2.1012726e-01
   1.7020000e+01   2.1247048e-01
   1.7030000e+01   2.0959161e-01
   1.7040000e+01   2.1098252e-01
   1.7050000e+01   2.1329745e-01
   1.7060000e+01   2.1158147e-01
   1.7070000e+01   2.1228866e-01
   1.7080000e+01   2.1262357e-01
   1.7090000e+01   2.1369042e-01
   1.7100000e+01   2.1435539e-01
   1.7110000e+01   2.1212771e-01
   1.7120000e+01   2.1529512e-01
   1.7130000e+01   2.1252474e-01
   1.7140000e+01   2.1253093e-01
   1.7150000e+01   2.1460505e-01
   1.7160000e+01   2.1414308e-01
   1.7170000e+01   2.1472613e-01
   1.7180000e+01   2.1572132e-01
   1.7190000e+01   2.1373929e-01
   1.7200000e+01   2.1471556e-01
   1.7210000e+01   2.1626821e-01
   1.7220000e+01   2.1580726e-01
   1.7230000e+01   2.1709760e-01
   1.7240000e+01   2.1578062e-01
   1.7250000e+01   2.1723253e-01
   1.7260000e+01   2.1597513e-01
   1.7270000e+01   2.1726185e-01
   1.7280000e+01   2.1588993e-01
   1.7290000e+01   2.1725027e-01
   1.7300000e+01   2.1625998e-01
   1.7310000e+01   2.1723514e-01
   1.7320000e+01   2.1724665e-01
   1.7330000e+01   2.1719785e-01
   1.7340000e+01   2.2036826e-01
   1.7350000e+01   2.1934348e-01
   1.7360000e+01   2.1986015e-01
   1.7370000e+01   2.2137725e-01
   1.7380000e+01   2.2133743e-01
   1.7390000e+01   2.2004815e-01
   1.7400000e+01   2.2173176e-01
   1.7410000e+01   2.2070345e-01
   1.7420000e+01   2.2048357e-01
   1.7430000e+01   2.2048824e-01
   1.7440000e+01   2.2169781e-01
   1.7450000e+01   2.2023966e-01
   1.7460000e+01   2.2121371e-01
   1.7470000e+01   2.2125129e-01
   1.7480000e+01   2.2047665e-01
   1.7490000e+01   2.2297875e-01
   1.7500000e+01   2.2323459e-01
   1.7510000e+01   2.2269823e-01
   1.7520000e+01   2.2564174e-01
   1.7530000e+01   2.2496882e-01
   1.7540000e+01   2.2328187e-01
   1.7550000e+01   2.2627481e-01
   1.7560000e+01   2.2337266e-01
   1.7570000e+01   2.2415255e-01
   1.7580000e+01   2.2509394e-01
   1.7590000e+01   2.2931223e-01
   1.7600000e+01   2.2610942e-01
   1.7610000e+01   2.2601717e-01
   1.7620000e+01   2.2542407e-01
   1.7630000e+01   2.2776149e-01
   1.7640000e+01   2.2872350e-01
   1.7650000e+01   2.2816189e-01
   1.7660000e+01   2.2781024e-01
   1.7670000e+01   2.2866100e-01
   1.7680000e+01   2.3060817e-01
   1.7690000e+01   2.2979573e-01
   1.7700000e+01   2.3005626e-01
   1.7710000e+01   2.3145803e-01
   1.7720000e+01   2.3100654e-01
   1.7730000e+01   2.3076655e-01
   1.7740000e+01   2.3362851e-01
   1.7750000e+01   2.3267916e-01
   1.7760000e+01   2.3244528e-01
   1.7770000e+01   2.3266823e-01
   1.7780000e+01   2.3260299e-01
   1.7790000e+01   2.3434122e-01
   1.7800000e+01   2.3392266e-01
   1.7810000e+01   2.3536273e-01
   1.7820000e+01   2.3543166e-01
   1.7830000e+01   2.3597481e-01
   1.7840000e+01   2.3652725e-01
   1.7850000e+01   2.3410687e-01
   1.7860000e+01   2.3632565e-01
   1.7870000e+01   2.3662480e-01
   1.7880000e+01   2.3890096e-01
   1.7890000e+01   2.3969387e-01
   1.7900000e+01   2.3698162e-01
   1.7910000e+01   2.3969405e-01
   1.7920000e+01   2.4122089e-01
   1.7930000e+01   2.4072370e-01
   1.7940000e+01   2.4070396e-01
   1.7950000e+01   2.4105282e-01
   1.7960000e+01   2.4298075e-01
   1.7970000e+01   2.4290802e-01
   1.7980000e+01   2.4264188e-01
   1.7990000e+01   2.4067646e-01
   1.8000000e+01   2.4339956e-01
   1.8010000e+01   2.4570153e-01
   1.8020000e+01   2.4460545e-01
   1.8030000e+01   2.4520539e-01
   1.8040000e+01   2.4870404e-01
   1.8050000e+01   2.4679403e-01
   1.8060000e+01   2.4380371e-01
   1.8070000e+01   2.4691170e-01
   1.8080000e+01   2.4790681e-01
   1.8090000e+01   2.4938835e-01
   1.8100000e+01   2.4692008e-01
   1.8110000e+01   2.4885589e-01
   1.8120000e+01   2.4749041e-01
   1.8130000e+01   2.5112220e-01
   1.8140000e+01   2.4920039e-01
   1.8150000e+01   2.5166613e-01
   1.8160000e+01   2.5323926e-01
   1.8170000e+01   2.5094326e-01
   1.8180000e+01   2.5354073e-01
   1.8190000e+01   2.5214537e-01
   1.8200000e+01   2.5321898e-01
   1.8210000e+01   2.5366717e-01
   1.8220000e+01   2.5592892e-01
   1.8230000e+01   2.5311943e-01
   1.8240000e+01   2.5695000e-01
   1.8250000e+01   2.5625267e-01
   1.8260000e+01   2.5749030e-01
   1.8270000e+01   2.5588845e-01
   1.8280000e+01   2.5759823e-01
   1.8290000e+01   2.5760742e-01
   1.8300000e+01   2.5846430e-01
   1.8310000e+01   2.5977904e-01
   1.8320000e+01   2.6030459e-01
   1.8330000e+01   2.6258862e-01
   1.8340000e+01   2.6187030e-01
   1.8350000e+01   2.6179342e-01
   1.8360000e+01   2.6395636e-01
   1.8370000e+01   2.6145652e-01
   1.8380000e+01   2.6494193e-01
   1.8390000e+01   2.6391888e-01
   1.8400000e+01   2.6776894e-01
   1.8410000e+01   2.6739721e-01
   1.8420000e+01   2.6623530e-01
   1.8430000e+01   2.6519752e-01
   1.8440000e+01   2.6981686e-01
   1.8450000e+01   2.6701733e-01
   1.8460000e+01   2.6912453e-01
   1.8470000e+01   2.6887907e-01
   1.8480000e+01   2.7010676e-01
   1.8490000e+01   2.6900989e-01
   1.8500000e+01   2.7071551e-01
   1.8510000e+01   2.7065160e-01
   1.8520000e+01   2.7356104e-01
   1.8530000e+01   2.7482629e-01
   1.8540000e+01   2.7285587e-01
   1.8550000e+01   2.7345315e-01
   1.8560000e+01   2.7286541e-01
   1.8570000e+01   2.7725391e-01
   1.8580000e+01   2.7693119e-01
   1.8590000e+01   2.7837291e-01
   1.8600000e+01   2.7848878e-01
   1.8610000e+01   2.8023060e-01
   1.8620000e+01   2.8058101e-01
   1.8630000e+01   2.8144002e-01
   1.8640000e+01   2.8222931e-01
   1.8650000e+01   2.8233813e-01
   1.8660000e+01   2.8432521e-01
   1.8670000e+01   2.8523113e-01
   1.8680000e+01   2.8326005e-01
   1.8690000e+01   2.8569333e-01
   1.8700000e+01   2.8309500e-01
   1.8710000e+01   2.8428850e-01
   1.8720000e+01   2.8488197e-01
   1.8730000e+01   2.8790820e-01
   1.8740000e+01   2.8833691e-01
   1.8750000e+01   2.8767672e-01
   1.8760000e+01   2.9066293e-01
   1.8770000e+01   2.8857971e-01
   1.8780000e+01   2.8986180e-01
   1.8790000e+01   2.9034792e-01
   1.8800000e+01   2.9100456e-01
   1.8810000e+01   2.9305417e-01
   1.8820000e+01   2.9376239e-01
   1.8830000e+01   2.9379596e-01
   1.8840000e+01   2.9552551e-01
   1.8850000e+01   2.9718168e-01
   1.8860000e+01   2.9570412e-01
   1.8870000e+01   2.9734488e-01
   1.8880000e+01   3.0084129e-01
   1.8890000e+01   2.9899578e-01
   1.8900000e+01   2.9845212e-01
   1.8910000e+01   3.0246110e-01
   1.8920000e+01   3.0150741e-01
   1.8930000e+01   3.0246275e-01
   1.8940000e+01   3.0343854e-01
   1.8950000e+01   3.0421196e-01
   1.8960000e+01   3.0327683e-01
   1.8970000e+01   3.0548865e-01
   1.8980000e+01   3.0755955e-01
   1.8990000e+01   3.0702543e-01
   1.9000000e+01   3.0760149e-01
   1.9010000e+01   3.0945569e-01
   1.9020000e+01   3.0855500e-01
   1.9030000e+01   3.1037595e-01
   1.9040000e+01   3.1030115e-01
   1.9050000e+01   3.1111375e-01
   1.9060000e+01   3.1440365e-01
   1.9070000e+01   3.1382442e-01
   1.9080000e+01   3.1460191e-01
   1.9090000e+01   3.1481708e-01
   1.9100000e+01   3.1583603e-01
   1.9110000e+01   3.1670960e-01
   1.9120000e+01   3.1747626e-01
   1.9130000e+01   3.1748733e-01
   1.9140000e+01   3.1907615e-01
   1.9150000e+01   3.1961519e-01
   1.9160000e+01   3.1852985e-01
   1.9170000e+01   3.2088384e-01
   1.9180000e+01   3.2183904e-01
   1.9190000e+01   3.2515210e-01
   1.9200000e+01   3.2426783e-01
   1.9210000e+01   3.2578791e-01
   1.9220000e+01   3.2595499e-01
   1.9230000e+01   3.2696896e-01
   1.9240000e+01   3.2634208e-01
   1.9250000e+01   3.2824608e-01
   1.9260000e+01   3.3031595e-01
   1.9270000e+01   3.3185575e-01
   1.9280000e+01   3.2974636e-01
   1.9290000e+01   3.3115372e-01
   1.9300000e+01   3.3248861e-01
   1.9310000e+01   3.3548839e-01
   1.9320000e+01   3.3694329e-01
   1.9330000e+01   3.3600047e-01
   1.9340000e+01   3.3762764e-01
   1.9350000e+01   3.3670695e-01
   1.9360000e+01   3.3826211e-01
   1.9370000e+01   3.3989816e-01
   1.9380000e+01   3.3993854e-01
   1.9390000e+01   3.4144366e-01
   1.9400000e+01   3.4076641e-01
   1.9410000e+01   3.4195956e-01
   1.9420000e+01   3.4644777e-01
   1.9430000e+01   3.4512626e-01
   1.9440000e+01   3.4467098e-01
   1.9450000e+01   3.4792060e-01
   1.9460000e+01   3.4697549e-01
   1.9470000e+01   3.4900481e-01
   1.9480000e+01   3.5072607e-01
   1.9490000e+01   3.4984112e-01
   1.9500000e+01   3.5125921e-01
   1.9510000e+01   3.5557107e-01
   1.9520000e+01   3.5285232e-01
   1.9530000e+01   3.5523585e-01
   1.9540000e+01   3.5731311e-01
   1.9550000e+01   3.5699183e-01
   1.9560000e+01   3.5839723e-01
   1.9570000e+01   3.5584487e-01
   1.9580000e+01   3.6109988e-01
   1.9590000e+01   3.6025648e-01
   1.9600000e+01   3.6260359e-01
   1.9610000e+01   3.6282015e-01
   1.9620000e+01   3.6185543e-01
   1.9630000e+01   3.6412489e-01
   1.9640000e+01   3.6353669e-01
   1.9650000e+01   3.6525369e-01
   1.9660000e+01   3.6750170e-01
   1.9670000e+01   3.6752951e-01
   1.9680000e+01   3.6809212e-01
   1.9690000e+01   3.7028271e-01
   1.9700000e+01   3.7087344e-01
   1.9710000e+01   3.7192681e-01
   1.9720000e+01   3.7119579e-01
   1.9730000e+01   3.7514884e-01
   1.9740000e+01   3.7378129e-01
   1.9750000e+01   3.7619170e-01
   1.9760000e+01   3.7724404e-01
   1.9770000e+01   3.7927209e-01
   1.9780000e+01   3.7961325e-01
   1.9790000e+01   3.7891699e-01
   1.9800000e+01   3.8202554e-01
   1.9810000e+01   3.8262878e-01
   1.9820000e+01   3.8118038e-01
   1.9830000e+01   3.8574742e-01
   1.9840000e+01   3.8517723e-01
   1.9850000e+01   3.8734613e-01
   1.9860000e+01   3.8821557e-01
   1.9870000e+01   3.9004639e-01
   1.9880000e+01   3.8831604e-01
   1.9890000e+01   3.9191030e-01
   1.9900000e+01   3.8985592e-01
   1.9910000e+01   3.9158636e-01
   1.9920000e+01   3.9260515e-01
   1.9930000e+01   3.9419797e-01
   1.9940000e+01   3.9587543e-01
   1.9950000e+01   3.9789182e-01
   1.9960000e+01   3.9936273e-01
   1.9970000e+01   3.9805906e-01
   1.9980000e+01   4.0112534e-01
   1.9990000e+01   4.0218621e-01
   2.0000000e+01   4.0226648e-01
   2.0010000e+01   4.0082052e-01
   2.0020000e+01   4.0327312e-01
   2.0030000e+01   4.0667256e-01
   2.0040000e+01   4.0662941e-01
   2.0050000e+01   4.0802384e-01
   2.0060000e+01   4.0903378e-01
   2.0070000e+01   4.0934783e-01
   2.0080000e+01   4.1125452e-01
   2.0090000e+01   4.1004538e-01
   2.0100000e+01   4.1330267e-01
   2.0110000e+01   4.1323486e-01
   2.0120000e+01   4.1535014e-01
   2.0130000e+01   4.1534765e-01
   2.0140000e+01   4.1726852e-01
   2.0150000e+01   4.1791476e-01
   2.0160000e+01   4.1981377e-01
   2.0170000e+01   4.1992449e-01
   2.0180000e+01   4.2151229e-01
   2.0190000e+01   4.2383753e-01
   2.0200000e+01   4.2415166e-01
   2.0210000e+01   4.2527162e-01
   2.0220000e+01   4.2504837e-01
   2.0230000e+01   4.3022728e-01
   2.0240000e+01   4.2817853e-01
   2.0250000e+01   4.2834806e-01
   2.0260000e+01   4.2836654e-01
   2.0270000e+01   4.3252466e-01
   2.0280000e+01   4.3316554e-01
   2.0290000e+01   4.3401510e-01
   2.0300000e+01   4.3448612e-01
   2.0310000e+01   4.3506300e-01
   2.0320000e+01   4.3686769e-01
   2.0330000e+01   4.3607093e-01
   2.0340000e+01   4.3971990e-01
   2.0350000e+01   4.4107373e-01
   2.0360000e+01   4.4215872e-01
   2.0370000e+01   4.4064510e-01
   2.0380000e+01   4.4325003e-01
   2.0390000e+01   4.4558646e-01
   2.0400000e+01   4.4483707e-01
   2.0410000e+01   4.4750105e-01
   2.0420000e+01   4.4903844e-01
   2.0430000e+01   4.4807408e-01
   2.0440000e+01   4.5135572e-01
   2.0450000e+01   4.5136433e-01
   2.0460000e+01   4.5255894e-01
   2.0470000e+01   4.5221282e-01
   2.0480000e+01   4.5483800e-01
   2.0490000e+01   4.5678237e-01
   2.0500000e+01   4.5613981e-01
   2.0510000e+01   4.5785803e-01
   2.0520000e+01   4.5935836e-01
   2.0530000e+01   4.5901589e-01
   2.0540000e+01   4.6036828e-01
   2.0550000e+01   4.6447279e-01
   2.0560000e+01   4.6400272e-01
   2.0570000e+01   4.6541688e-01
   2.0580000e+01   4.6586166e-01
   2.0590000e+01   4.6717340e-01
   2.0600000e+01   4.6875868e-01
   2.0610000e+01   4.7051089e-01
   2.0620000e+01   4.7006632e-01
   2.0630000e+01   4.7045722e-01
   2.0640000e+01   4.7212926e-01
   2.0650000e+01   4.7395273e-01
   2.0660000e+01   4.7455673e-01
   2.0670000e+01   4.7451132e-01
   2.0680000e+01   4.7838443e-01
   2.0690000e+01   4.7908911e-01
   2.0700000e+01   4.8036285e-01
   2.0710000e+01   4.8239299e-01
   2.0720000e+01   4.8238758e-01
   2.0730000e+01   4.8434978e-01
   2.0740000e+01   4.8558544e-01
   2.0750000e+01   4.8562243e-01
   2.0760000e+01   4.8587855e-01
   2.0770000e+01   4.8757890e-01
   2.0780000e+01   4.9016436e-01
   2.0790000e+01   4.8975558e-01
   2.0800000e+01   4.8974810e-01
   2.0810000e+01   4.9180816e-01
   2.0820000e+01   4.9437650e-01
   2.0830000e+01   4.9497390e-01
   2.0840000e+01   4.9599767e-01
   2.0850000e+01   4.9801934e-01
   2.0860000e+01   4.9826778e-01
   2.0870000e+01   5.0299265e-01
   2.0880000e+01   5.0135833e-01
   2.0890000e+01   5.0045038e-01
   2.0900000e+01   5.0458721e-01
   2.0910000e+01   5.0535974e-01
   2.0920000e+01   5.0679015e-01
   2.0930000e+01   5.0698891e-01
   2.0940000e+01   5.0796454e-01
   2.0950000e+01   5.0941351e-01
   2.0960000e+01   5.1034305e-01
   2.0970000e+01   5.1230559e-01
   2.0980000e+01   5.1349711e-01
   2.0990000e+01   5.1381010e-01
   2.1000000e+01   5.1617244e-01
   2.1010000e+01   5.1922715e-01
   2.1020000e+01   5.1882924e-01
   2.1030000e+01   5.1955247e-01
   2.1040000e+01   5.1989145e-01
   2.1050000e+01   5.2174281e-01
   2.1060000e+01   5.2389811e-01
   2.1070000e+01   5.2382067e-01
   2.1080000e+01   5.2736012e-01
   2.1090000e+01   5.2548538e-01
   2.1100000e+01   5.2754628e-01
   2.1110000e+01   5.2887202e-01
   2.1120000e+01   5.3254822e-01
   2.1130000e+01   5.3218229e-01
   2.1140000e+01   5.3213124e-01
   2.1150000e+01   5.3323442e-01
   2.1160000e+01   5.3720781e-01
   2.1170000e+01   5.3813868e-01
   2.1180000e+01   5.3739735e-01
   2.1190000e+01   5.3820367e-01
   2.1200000e+01   5.4085674e-01
   2.1210000e+01   5.4011009e-01
   2.1220000e+01   5.4159928e-01
   2.1230000e+01   5.4411191e-01
   2.1240000e+01   5.4450133e-01
   2.1250000e+01   5.4626678e-01
   2.1260000e+01   5.4803810e-01
   2.1270000e+01   5.4767594e-01
   2.1280000e+01   5.4951893e-01
   2.1290000e+01   5.5069529e-01
   2.1300000e+01   5.5268488e-01
   2.1310000e+01   5.5139009e-01
   2.1320000e+01   5.5338937e-01
   2.1330000e+01   5.5696699e-01
   2.1340000e+01   5.5535887e-01
   2.1350000e+01   5.6062509e-01
   2.1360000e+01   5.6055025e-01
   2.1370000e+01   5.6097061e-01
   2.1380000e+01   5.6230665e-01
   2.1390000e+01   5.6254387e-01
   2.1400000e+01   5.6464803e-01
   2.1410000e+01   5.6608004e-01
   2.1420000e+01   5.6702085e-01
   2.1430000e+01   5.6933551e-01
   2.1440000e+01   5.7265791e-01
   2.1450000e+01   5.7055380e-01
   2.1460000e+01   5.7247226e-01
   2.1470000e+01   5.7360576e-01
   2.1480000e+01   5.7434191e-01
   2.1490000e+01   5.7750545e-01
   2.1500000e+01   5.7790431e-01
   2.1510000e+01   5.7751156e-01
   2.1520000e+01   5.7845081e-01
   2.1530000e+01   5.7919114e-01
   2.1540000e+01   5.8218835e-01
   2.1550000e+01   5.8496356e-01
   2.1560000e+01   5.8495717e-01
   2.1570000e+01   5.8326195e-01
   2.1580000e+01   5.8688806e-01
   2.1590000e+01   5.8883908e-01
   2.1600000e+01   5.8967427e-01
   2.1610000e+01   5.8872922e-01
   2.1620000e+01   5.9154967e-01
   2.1630000e+01   5.9244805e-01
   2.1640000e+01   5.9259587e-01
   2.1650000e+01   5.9438602e-01
   2.1660000e+01   5.9679922e-01
   2.1670000e+01   5.9749738e-01
   2.1680000e+01   5.9886802e-01
   2.1690000e+01   5.9885115e-01
   2.1700000e+01   5.9964005e-01
   2.1710000e+01   6.0234253e-01
   2.1720000e+01   6.0352730e-01
   2.1730000e+01   6.0470976e-01
   2.1740000e+01   6.0501888e-01
   2.1750000e+01   6.0658317e-01
   2.1760000e+01   6.0866286e-01
   2.1770000e+01   6.1030655e-01
   2.1780000e+01   6.1122367e-01
   2.1790000e+01   6.1307609e-01
   2.1800000e+01   6.1339326e-01
   2.1810000e+01   6.1582237e-01
   2.1820000e+01   6.1594207e-01
   2.1830000e+01   6.1680920e-01
   2.1840000e+01   6.1890870e-01
   2.1850000e+01   6.1942336e-01
   2.1860000e+01   6.2288032e-01
   2.1870000e+01   6.2192856e-01
   2.1880000e+01   6.2208968e-01
   2.1890000e+01   6.2346922e-01
   2.1900000e+01   6.2367071e-01
   2.1910000e+01   6.2656352e-01
   2.1920000e+01   6.2733846e-01
   2.1930000e+01   6.2774516e-01
   2.1940000e+01   6.2926620e-01
   2.1950000e+01   6.3410262e-01
   2.1960000e+01   6.3164765e-01
   2.1970000e+01   6.3085201e-01
   2.1980000e+01   6.3393421e-01
   2.1990000e+01   6.3421630e-01
   2.2000000e+01   6.3812032e-01
   2.2010000e+01   6.4002158e-01
   2.2020000e+01   6.3867953e-01
   2.2030000e+01   6.3994553e-01
   2.2040000e+01   6.4174114e-01
   2.2050000e+01   6.4313248e-01
   2.2060000e+01   6.4360931e-01
   2.2070000e+01   6.4598189e-01
   2.2080000e+01   6.4794190e-01
   2.2090000e+01   6.4782966e-01
   2.2100000e+01   6.5053001e-01
   2.2110000e+01   6.4837602e-01
   2.2120000e+01   6.5224471e-01
   2.2130000e+01   6.5270729e-01
   2.2140000e+01   6.5268930e-01
   2.2150000e+01   6.5468992e-01
   2.2160000e+01   6.5504038e-01
   2.2170000e+01   6.5687990e-01
   2.2180000e+01   6.5850172e-01
   2.2190000e+01   6.6012167e-01
   2.2200000e+01   6.6322614e-01
   2.2210000e+01   6.6264215e-01
   2.2220000e+01   6.6374609e-01
   2.2230000e+01   6.6497287e-01
   2.2240000e+01   6.6790622e-01
   2.2250000e+01   6.7059097e-01
   2.2260000e+01   6.6905204e-01
   2.2270000e+01   6.6787261e-01
   2.2280000e+01   6.7090712e-01
   2.2290000e+01   6.7290492e-01
   2.2300000e+01   6.7308784e-01
   2.2310000e+01   6.7450240e-01
   2.2320000e+01   6.7530696e-01
   2.2330000e+01   6.7626641e-01
   2.2340000e+01   6.7907160e-01
   2.2350000e+01   6.7797964e-01
   2.2360000e+01   6.8084360e-01
   2.2370000e+01   6.8238591e-01
   2.2380000e+01   6.8353617e-01
   2.2390000e+01   6.8585008e-01
   2.2400000e+01   6.8441057e-01
   2.2410000e+01   6.8624771e-01
   2.2420000e+01   6.8692736e-01
   2.2430000e+01   6.8689865e-01
   2.2440000e+01   6.8879224e-01
   2.2450000e+01   6.9141949e-01
   2.2460000e+01   6.9274156e-01
   2.2470000e+01   6.9481209e-01
   2.2480000e+01   6.9432982e-01
   2.2490000e+01   6.9574584e-01
   2.2500000e+01   6.9702277e-01
   2.2510000e+01   6.9628498e-01
   2.2520000e+01   7.0072873e-01
   2.2530000e+01   6.9971210e-01
   2.2540000e+01   7.0152013e-01
   2.2550000e+01   7.0220301e-01
   2.2560000e+01   7.0367581e-01
   2.2570000e+01   7.0181129e-01
   2.2580000e+01   7.0577327e-01
   2.2590000e+01   7.0635220e-01
   2.2600000e+01   7.0812133e-01
   2.2610000e+01   7.0873987e-01
   2.2620000e+01   7.1041648e-01
   2.2630000e+01   7.1171997e-01
   2.2640000e+01   7.1363091e-01
   2.2650000e+01   7.1399517e-01
   2.2660000e+01   7.1364346e-01
   2.2670000e+01   7.1679691e-01
   2.2680000e+01   7.1817616e-01
   2.2690000e+01   7.1821894e-01
   2.2700000e+01   7.1971616e-01
   2.2710000e+01   7.2285497e-01
   2.2720000e+01   7.2083706e-01
   2.2730000e+01   7.2221846e-01
   2.2740000e+01   7.2291897e-01
   2.2750000e+01   7.2538952e-01
   2.2760000e+01   7.2578678e-01
   2.2770000e+01   7.2789709e-01
   2.2780000e+01   7.2721631e-01
   2.2790000e+01   7.2880886e-01
   2.2800000e+01   7.3061164e-01
   2.2810000e+01   7.3359637e-01
   2.2820000e+01   7.3272834e-01
   2.2830000e+01   7.3373334e-01
   2.2840000e+01   7.3464458e-01
   2.2850000e+01   7.3839872e-01
   2.2860000e+01   7.3859994e-01
   2.2870000e+01   7.3658757e-01
   2.2880000e+01   7.3975893e-01
   2.2890000e+01   7.4014131e-01
   2.2900000e+01   7.4013826e-01
   2.2910000e+01   7.4029688e-01
   2.2920000e+01   7.4466241e-01
   2.2930000e+01   7.4437566e-01
   2.2940000e+01   7.4639775e-01
   2.2950000e+01   7.4663665e-01
   2.2960000e+01   7.4655644e-01
   2.2970000e+01   7.5093669e-01
   2.2980000e+01   7.5007143e-01
   2.2990000e+01   7.5170758e-01
   2.3000000e+01   7.5308094e-01
   2.3010000e+01   7.5384930e-01
   2.3020000e+01   7.5398996e-01
   2.3030000e+01   7.5620783e-01
   2.3040000e+01   7.5714776e-01
   2.3050000e+01   7.5645339e-01
   2.3060000e+01   7.5725978e-01
   2.3070000e+01   7.5971491e-01
   2.3080000e+01   7.5957679e-01
   2.3090000e+01   7.6323648e-01
   2.3100000e+01   7.6330105e-01
   2.3110000e+01   7.6377136e-01
   2.3120000e+01   7.6522080e-01
   2.3130000e+01   7.6699594e-01
   2.3140000e+01   7.6555246e-01
   2.3150000e+01   7.6831329e-01
   2.3160000e+01   7.7028360e-01
   2.3170000e+01   7.7049041e-01
   2.3180000e+01   7.7224886e-01
   2.3190000e+01   7.7407488e-01
   2.3200000e+01   7.7344612e-01
   2.3210000e+01   7.7430574e-01
   2.3220000e+01   7.7303560e-01
   2.3230000e+01   7.7563008e-01
   2.3240000e+01   7.7605351e-01
   2.3250000e+01   7.7875331e-01
   2.3260000e+01   7.7953134e-01
   2.3270000e+01   7.7946906e-01
   2.3280000e+01   7.8242501e-01
   2.3290000e+01   7.8123997e-01
   2.3300000e+01   7.8305292e-01
   2.3310000e+01   7.8386770e-01
   2.3320000e+01   7.8575373e-01
   2.3330000e+01   7.8669269e-01
   2.3340000e+01   7.8758995e-01
   2.3350000e+01   7.8807647e-01
   2.3360000e+01   7.8856269e-01
   2.3370000e+01   7.9088937e-01
   2.3380000e+01   7.8975616e-01
   2.3390000e+01   7.9099175e-01
   2.3400000e+01   7.9390995e-01
   2.3410000e+01   7.9471450e-01
   2.3420000e+01   7.9409863e-01
   2.3430000e+01   7.9448636e-01
   2.3440000e+01   7.9648088e-01
   2.3450000e+01   7.9965292e-01
   2.3460000e+01   7.9969200e-01
   2.3470000e+01   8.0073287e-01
   2.3480000e+01   8.0241734e-01
   2.3490000e+01   8.0213887e-01
   2.3500000e+01   8.0354040e-01
   2.3510000e+01   8.0550277e-01
   2.3520000e+01   8.0237294e-01
   2.3530000e+01   8.0572186e-01
   2.3540000e+01   8.0714802e-01
   2.3550000e+01   8.0708271e-01
   2.3560000e+01   8.0955532e-01
   2.3570000e+01   8.1135475e-01
   2.3580000e+01   8.1049413e-01
   2.3590000e+01   8.1176225e-01
   2.3600000e+01   8.1334367e-01
   2.3610000e+01   8.1421201e-01
   2.3620000e+01   8.1591338e-01
   2.3630000e+01   8.1543187e-01
   2.3640000e+01   8.1562459e-01
   2.3650000e+01   8.1731459e-01
   2.3660000e+01   8.1757305e-01
   2.3670000e+01   8.2090218e-01
   2.3680000e+01   8.1790763e-01
   2.3690000e+01   8.2165975e-01
   2.3700000e+01   8.2312850e-01
   2.3710000e+01   8.2511805e-01
   2.3720000e+01   8.2508542e-01
   2.3730000e+01   8.2640928e-01
   2.3740000e+01   8.2632608e-01
   2.3750000e+01   8.2871145e-01
   2.3760000e+01   8.2606075e-01
   2.3770000e+01   8.2950359e-01
   2.3780000e+01   8.3111874e-01
   2.3790000e+01   8.3207966e-01
   2.3800000e+01   8.3024995e-01
   2.3810000e+01   8.3420164e-01
   2.3820000e+01   8.3525820e-01
   2.3830000e+01   8.3432499e-01
   2.3840000e+01   8.3613477e-01
   2.3850000e+01   8.3470916e-01
   2.3860000e+01   8.3720728e-01
   2.3870000e+01   8.3644950e-01
   2.3880000e+01   8.3924798e-01
   2.3890000e+01   8.4092229e-01
   2.3900000e+01   8.4038483e-01
   2.3910000e+01   8.4117396e-01
   2.3920000e+01   8.4462597e-01
   2.3930000e+01   8.4192145e-01
   2.3940000e+01   8.4213852e-01
   2.3950000e+01   8.4558797e-01
   2.3960000e+01   8.4587172e-01
   2.3970000e+01   8.4613060e-01
   2.3980000e+01   8.4671568e-01
   2.3990000e+01   8.4943944e-01
   2.4000000e+01   8.4795403e-01
   2.4010000e+01   8.5004678e-01
   2.4020000e+01   8.5248408e-01
   2.4030000e+01   8.5254408e-01
   2.4040000e+01   8.5344518e-01
   2.4050000e+01   8.5346934e-01
   2.4060000e+01   8.5367493e-01
   2.4070000e+01   8.5392965e-01
   2.4080000e+01   8.5681445e-01
   2.4090000e+01   8.5627319e-01
   2.4100000e+01   8.5681232e-01
   2.4110000e+01   8.5735922e-01
   2.4120000e+01   8.5822929e-01
   2.4130000e+01   8.6158622e-01
   2.4140000e+01   8.6103237e-01
   2.4150000e+01   8.6079054e-01
   2.4160000e+01   8.6589277e-01
   2.4170000e+01   8.6430100e-01
   2.4180000e+01   8.6464555e-01
   2.4190000e+01   8.6388556e-01
   2.4200000e+01   8.6628890e-01
   2.4210000e+01   8.6586782e-01
   2.4220000e+01   8.6692522e-01
   2.4230000e+01   8.6755640e-01
   2.4240000e+01   8.6986613e-01
   2.4250000e+01   8.6730839e-01
   2.4260000e+01   8.7102500e-01
   2.4270000e+01   8.7149070e-01
   2.4280000e+01   8.7114350e-01
   2.4290000e+01   8.7111894e-01
   2.4300000e+01   8.7231495e-01
   2.4310000e+01   8.7320790e-01
   2.4320000e+01   8.7463116e-01
   2.4330000e+01   8.7673490e-01
   2.4340000e+01   8.7680534e-01
   2.4350000e+01   8.7638249e-01
   2.4360000e+01   8.7833206e-01
   2.4370000e+01   8.7915314e-01
   2.4380000e+01   8.7881245e-01
   2.4390000e+01   8.7973374e-01
   2.4400000e+01   8.8181884e-01
   2.4410000e+01   8.8099137e-01
   2.4420000e+01   8.8366195e-01
   2.4430000e+01   8.8306801e-01
   2.4440000e+01   8.8264660e-01
   2.4450000e+01   8.8543024e-01
   2.4460000e+01   8.8420338e-01
   2.4470000e+01   8.8495299e-01
   2.4480000e+01   8.8690507e-01
   2.4490000e+01   8.8605228e-01
   2.4500000e+01   8.8787317e-01
   2.4510000e+01   8.8986675e-01
   2.4520000e+01   8.9022370e-01
   2.4530000e+01   8.8978180e-01
   2.4540000e+01   8.9119337e-01
   2.4550000e+01   8.9216737e-01
   2.4560000e+01   8.9183991e-01
   2.4570000e+01   8.9161485e-01
   2.4580000e+01   8.9238153e-01
   2.4590000e+01   8.9596282e-01
   2.4600000e+01   8.9610745e-01
   2.4610000e+01   8.9462880e-01
   2.4620000e+01   8.9671733e-01
   2.4630000e+01   8.9540525e-01
   2.4640000e+01   8.9887215e-01
   2.4650000e+01   8.9951822e-01
   2.4660000e+01   8.9918628e-01
   2.4670000e+01   8.9928879e-01
   2.4680000e+01   9.0014134e-01
   2.4690000e+01   9.0125757e-01
   2.4700000e+01   9.0101047e-01
   2.4710000e+01   9.0392618e-01
   2.4720000e+01   9.0395665e-01
   2.4730000e+01   9.0441444e-01
   2.4740000e+01   9.0328337e-01
   2.4750000e+01   9.0565425e-01
   2.4760000e+01   9.0606784e-01
   2.4770000e+01   9.0755408e-01
   2.4780000e+01   9.0520798e-01
   2.4790000e+01   9.0669622e-01
   2.4800000e+01   9.1047102e-01
   2.4810000e+01   9.0841909e-01
   2.4820000e+01   9.1008496e-01
   2.4830000e+01   9.0815081e-01
   2.4840000e+01   9.0839350e-01
   2.4850000e+01   9.1114023e-01
   2.4860000e+01   9.1082458e-01
   2.4870000e+01   9.1410326e-01
   2.4880000e+01   9.1445643e-01
   2.4890000e+01   9.1461122e-01
   2.4900000e+01   9.1388917e-01
   2.4910000e+01   9.1431894e-01
   2.4920000e+01   9.1534881e-01
   2.4930000e+01   9.1449765e-01
   2.4940000e+01   9.1660785e-01
   2.4950000e+01   9.1781272e-01
   2.4960000e+01   9.1952336e-01
   2.4970000e+01   9.1996426e-01
   2.4980000e+01   9.1957722e-01
   2.4990000e+01   9.1990201e-01
   2.5000000e+01   9.2103922e-01
   2.5010000e+01   9.1893417e-01
   2.5020000e+01   9.2288604e-01
   2.5030000e+01   9.1983615e-01
   2.5040000e+01   9.2151355e-01
   2.5050000e+01   9.2314784e-01
   2.5060000e+01   9.2557537e-01
   2.5070000e+01   9.2454888e-01
   2.5080000e+01   9.2455214e-01
   2.5090000e+01   9.2385842e-01
   2.5100000e+01   9.2436751e-01
   2.5110000e+01   9.2579048e-01
   2.5120000e+01   9.2648464e-01
   2.5130000e+01   9.2756883e-01
   2.5140000e+01   9.2788479e-01
   2.5150000e+01   9.3011013e-01
   2.5160000e+01   9.2982929e-01
   2.5170000e+01   9.2800373e-01
   2.5180000e+01   9.3118137e-01
   2.5190000e+01   9.3065027e-01
   2.5200000e+01   9.3182988e-01
   2.5210000e+01   9.3121881e-01
   2.5220000e+01   9.3217657e-01
   2.5230000e+01   9.3461264e-01
   2.5240000e+01   9.3394993e-01
   2.5250000e+01   9.3400830e-01
   2.5260000e+01   9.3547324e-01
   2.5270000e+01   9.3627824e-01
   2.5280000e+01   9.3565356e-01
   2.5290000e+01   9.3810730e-01
   2.5300000e+01   9.3869935e-01
   2.5310000e+01   9.3634196e-01
   2.5320000e+01   9.4013974e-01
   2.5330000e+01   9.3750144e-01
   2.5340000e+01   9.3866293e-01
   2.5350000e+01   9.3887198e-01
   2.5360000e+01   9.3966251e-01
   2.5370000e+01   9.3825691e-01
   2.5380000e+01   9.4267746e-01
   2.5390000e+01   9.3893458e-01
   2.5400000e+01   9.4056499e-01
   2.5410000e+01   9.4245581e-01
   2.5420000e+01   9.4260735e-01
   2.5430000e+01   9.4382080e-01
   2.5440000e+01   9.4374666e-01
   2.5450000e+01   9.4473738e-01
   2.5460000e+01   9.4596633e-01
   2.5470000e+01   9.4421348e-01
   2.5480000e+01   9.4550283e-01
   2.5490000e+01   9.4496520e-01
   2.5500000e+01   9.4496053e-01
   2.5510000e+01   9.4542099e-01
   2.5520000e+01   9.4619580e-01
   2.5530000e+01   9.4675214e-01
   2.5540000e+01   9.4977922e-01
   2.5550000e+01   9.4682278e-01
   2.5560000e+01   9.4812636e-01
   2.5570000e+01   9.4893087e-01
   2.5580000e+01   9.5175471e-01
   2.5590000e+01   9.4969528e-01
   2.5600000e+01   9.5082036e-01
   2.5610000e+01   9.4957509e-01
   2.5620000e+01   9.5183112e-01
   2.5630000e+01   9.5090545e-01
   2.5640000e+01   9.5114233e-01
   2.5650000e+01   9.5557966e-01
   2.5660000e+01   9.5274016e-01
   2.5670000e+01   9.5329609e-01
   2.5680000e+01   9.5317547e-01
   2.5690000e+01   9.5481855e-01
   2.5700000e+01   9.5399213e-01
   2.5710000e+01   9.5499259e-01
   2.5720000e+01   9.5867020e-01
   2.5730000e+01   9.5615817e-01
   2.5740000e+01   9.5735358e-01
   2.5750000e+01   9.5460623e-01
   2.5760000e+01   9.5710936e-01
   2.5770000e+01   9.5610331e-01
   2.5780000e+01   9.5773783e-01
   2.5790000e+01   9.5680744e-01
   2.5800000e+01   9.5800521e-01
   2.5810000e+01   9.5873213e-01
   2.5820000e+01   9.6008047e-01
   2.5830000e+01   9.6017824e-01
   2.5840000e+01   9.5948420e-01
   2.5850000e+01   9.6103268e-01
   2.5860000e+01   9.6331209e-01
   2.5870000e+01   9.6093035e-01
   2.5880000e+01   9.6127510e-01
   2.5890000e+01   9.6093559e-01
   2.5900000e+01   9.6305346e-01
   2.5910000e+01   9.6212609e-01
   2.5920000e+01   9.6339852e-01
   2.5930000e+01   9.6309853e-01
   2.5940000e+01   9.6236018e-01
   2.5950000e+01   9.6305920e-01
   2.5960000e+01   9.6399692e-01
   2.5970000e+01   9.6483790e-01
   2.5980000e+01   9.6276379e-01
   2.5990000e+01   9.6400887e-01
   2.6000000e+01   9.6637072e-01
   2.6010000e+01   9.6390355e-01
   2.6020000e+01   9.6696385e-01
   2.6030000e+01   9.6508928e-01
   2.6040000e+01   9.6648831e-01
   2.6050000e+01   9.6781191e-01
   2.6060000e+01   9.6686674e-01
   2.6070000e+01   9.6724654e-01
   2.6080000e+01   9.6802209e-01
   2.6090000e+01   9.6887910e-01
   2.6100000e+01   9.6766440e-01
   2.6110000e+01   9.6893265e-01
   2.6120000e+01   9.6952795e-01
   2.6130000e+01   9.6945096e-01
   2.6140000e+01   9.7076736e-01
   2.6150000e+01   9.7031665e-01
   2.6160000e+01   9.7094289e-01
   2.6170000e+01   9.7095176e-01
   2.6180000e+01   9.7180774e-01
   2.6190000e+01   9.7152861e-01
   2.6200000e+01   9.7172396e-01
   2.6210000e+01   9.7355052e-01
   2.6220000e+01   9.7230210e-01
   2.6230000e+01   9.7278727e-01
   2.6240000e+01   9.7196063e-01
   2.6250000e+01   9.7375565e-01
   2.6260000e+01   9.7507013e-01
   2.6270000e+01   9.7486140e-01
   2.6280000e+01   9.7431370e-01
   2.6290000e+01   9.7294579e-01
   2.6300000e+01   9.7533813e-01
   2.6310000e+01   9.7580453e-01
   2.6320000e+01   9.7656220e-01
   2.6330000e+01   9.7711246e-01
   2.6340000e+01   9.7530285e-01
   2.6350000e+01   9.7647076e-01
   2.6360000e+01   9.7591475e-01
   2.6370000e+01   9.7409563e-01
   2.6380000e+01   9.7693746e-01
   2.6390000e+01   9.7612082e-01
   2.6400000e+01   9.7781780e-01
   2.6410000e+01   9.7570101e-01
   2.6420000e+01   9.7750863e-01
   2.6430000e+01   9.7900952e-01
   2.6440000e+01   9.7744411e-01
   2.6450000e+01   9.7936471e-01
   2.6460000e+01   9.7873467e-01
   2.6470000e+01   9.7706562e-01
   2.6480000e+01   9.8090628e-01
   2.6490000e+01   9.7983821e-01
   2.6500000e+01   9.7979739e-01
   2.6510000e+01   9.7954367e-01
   2.6520000e+01   9.7984617e-01
   2.6530000e+01   9.7951205e-01
   2.6540000e+01   9.8090458e-01
   2.6550000e+01   9.7999708e-01
   2.6560000e+01   9.8235865e-01
   2.6570000e+01   9.8157214e-01
   2.6580000e+01   9.7966934e-01
   2.6590000e+01   9.7939888e-01
   2.6600000e+01   9.8091817e-01
   2.6610000e+01   9.7983351e-01
   2.6620000e+01   9.8304059e-01
   2.6630000e+01   9.8010694e-01
   2.6640000e+01   9.8522268e-01
   2.6650000e+01   9.8209959e-01
   2.6660000e+01   9.8225752e-01
   2.6670000e+01   9.8144894e-01
   2.6680000e+01   9.8153499e-01
   2.6690000e+01   9.8316309e-01
   2.6700000e+01   9.8244455e-01
   2.6710000e+01   9.8217102e-01
   2.6720000e+01   9.8485618e-01
   2.6730000e+01   9.8471852e-01
   2.6740000e+01   9.8355508e-01
   2.6750000e+01   9.8409844e-01
   2.6760000e+01   9.8577333e-01
   2.6770000e+01   9.8607267e-01
   2.6780000e+01   9.8536875e-01
   2.6790000e+01   9.8555647e-01
   2.6800000e+01   9.8545916e-01
   2.6810000e+01   9.8582039e-01
   2.6820000e+01   9.8545733e-01
   2.6830000e+01   9.8503805e-01
   2.6840000e+01   9.8580640e-01
   2.6850000e+01   9.8888971e-01
   2.6860000e+01   9.8547578e-01
   2.6870000e+01   9.8735651e-01
   2.6880000e+01   9.8610736e-01
   2.6890000e+01   9.8568723e-01
   2.6900000e+01   9.8718560e-01
   2.6910000e+01   9.8657525e-01
   2.6920000e+01   9.8699894e-01
   2.6930000e+01   9.8942737e-01
   2.6940000e+01   9.8799943e-01
   2.6950000e+01   9.8803568e-01
   2.6960000e+01   9.8756317e-01
   2.6970000e+01   9.8966809e-01
   2.6980000e+01   9.8731005e-01
   2.6990000e+01   9.8931992e-01
   2.7000000e+01   9.8892866e-01
   2.7010000e+01   9.8814895e-01
   2.7020000e+01   9.8793092e-01
   2.7030000e+01   9.8868310e-01
   2.7040000e+01   9.9219568e-01
   2.7050000e+01   9.9005131e-01
   2.7060000e+01   9.8855713e-01
   2.7070000e+01   9.9006473e-01
   2.7080000e+01   9.9213622e-01
   2.7090000e+01   9.9067997e-01
   2.7100000e+01   9.8972757e-01
   2.7110000e+01   9.8741519e-01
   2.7120000e+01   9.8888160e-01
   2.7130000e+01   9.8927686e-01
   2.7140000e+01   9.8889841e-01
   2.7150000e+01   9.8993073e-01
   2.7160000e+01   9.9020976e-01
   2.7170000e+01   9.9040903e-01
   2.7180000e+01   9.9073795e-01
   2.7190000e+01   9.9220834e-01
   2.7200000e+01   9.9045553e-01
   2.7210000e+01   9.9204988e-01
   2.7220000e+01   9.9090637e-01
   2.7230000e+01   9.9141362e-01
   2.7240000e+01   9.9274253e-01
   2.7250000e+01   9.9439428e-01
   2.7260000e+01   9.9201784e-01
   2.7270000e+01   9.9032230e-01
   2.7280000e+01   9.9155767e-01
   2.7290000e+01   9.9154725e-01
   2.7300000e+01   9.9150029e-01
   2.7310000e+01   9.9198168e-01
   2.7320000e+01   9.9236229e-01
   2.7330000e+01   9.9321196e-01
   2.7340000e+01   9.9129776e-01
   2.7350000e+01   9.9168848e-01
   2.7360000e+01   9.9371910e-01
   2.7370000e+01   9.9278212e-01
   2.7380000e+01   9.9168000e-01
   2.7390000e+01   9.9112700e-01
   2.7400000e+01   9.9251501e-01
   2.7410000e+01   9.9409794e-01
   2.7420000e+01   9.9416600e-01
   2.7430000e+01   9.9715302e-01
   2.7440000e+01   9.9391485e-01
   2.7450000e+01   9.9558440e-01
   2.7460000e+01   9.9409664e-01
   2.7470000e+01   9.9497966e-01
   2.7480000e+01   9.9383325e-01
   2.7490000e+01   9.9484935e-01
   2.7500000e+01   9.9823208e-01
   2.7510000e+01   9.9340411e-01
   2.7520000e+01   9.9355535e-01
   2.7530000e+01   9.9408231e-01
   2.7540000e+01   9.9469271e-01
   2.7550000e+01   9.9389805e-01
   2.7560000e+01   9.9517535e-01
   2.7570000e+01   9.9513101e-01
   2.7580000e+01   9.9425555e-01
   2.7590000e+01   9.9404647e-01
   2.7600000e+01   9.9438438e-01
   2.7610000e+01   9.9409379e-01
   2.7620000e+01   9.9675349e-01
   2.7630000e+01   9.9458065e-01
   2.7640000e+01   9.9502760e-01
   2.7650000e+01   9.9429920e-01
   2.7660000e+01   9.9487938e-01
   2.7670000e+01   9.9386624e-01
   2.7680000e+01   9.9458208e-01
   2.7690000e+01   9.9438018e-01
   2.7700000e+01   9.9441385e-01
   2.7710000e+01   9.9664620e-01
   2.7720000e+01   9.9600428e-01
   2.7730000e+01   9.9658184e-01
   2.7740000e+01   9.9571925e-01
   2.7750000e+01   9.9505485e-01
   2.7760000e+01   9.9723263e-01
   2.7770000e+01   9.9486671e-01
   2.7780000e+01   9.9675057e-01
   2.7790000e+01   9.9682951e-01
   2.7800000e+01   9.9661662e-01
   2.7810000e+01   9.9489977e-01
   2.7820000e+01   9.9406926e-01
   2.7830000e+01   9.9617798e-01
   2.7840000e+01   9.9572868e-01
   2.7850000e+01   9.9503172e-01
   2.7860000e+01   9.9576332e-01
   2.7870000e+01   9.9689944e-01
   2.7880000e+01   9.9657990e-01
   2.7890000e+01   9.9839307e-01
   2.7900000e+01   9.9473073e-01
   2.7910000e+01   9.9768680e-01
   2.7920000e+01   9.9535886e-01
   2.7930000e+01   9.9516987e-01
   2.7940000e+01   9.9626025e-01
   2.7950000e+01   9.9600415e-01
   2.7960000e+01   9.9602626e-01
   2.7970000e+01   9.9763982e-01
   2.7980000e+01   9.9755103e-01
   2.7990000e+01   9.9628339e-01
   2.8000000e+01   9.9654657e-01
   2.8010000e+01   9.9707537e-01
   2.8020000e+01   9.9573312e-01
   2.8030000e+01   9.9801154e-01
   2.8040000e+01   9.9766031e-01
   2.8050000e+01   9.9641072e-01
   2.8060000e+01   9.9811404e-01
   2.8070000e+01   9.9713279e-01
   2.8080000e+01   9.9747573e-01
   2.8090000e+01   9.9729229e-01
   2.8100000e+01   9.9551583e-01
   2.8110000e+01   9.9785979e-01
   2.8120000e+01   9.9696288e-01
   2.8130000e+01   9.9729471e-01
   2.8140000e+01   9.9677406e-01
   2.8150000e+01   9.9774956e-01
   2.8160000e+01   9.9654844e-01
   2.8170000e+01   9.9683719e-01
   2.8180000e+01   9.9778762e-01
   2.8190000e+01   9.9853926e-01
   2.8200000e+01   9.9894794e-01
   2.8210000e+01   1.0006444e+00
   2.8220000e+01   9.9807877e-01
   2.8230000e+01   9.9801698e-01
   2.8240000e+01   9.9813707e-01
   2.8250000e+01   9.9706059e-01
   2.8260000e+01   9.9951040e-01
   2.8270000e+01   9.9921053e-01
   2.8280000e+01   9.9712155e-01
   2.8290000e+01   9.9768958e-01
   2.8300000e+01   9.9964810e-01
   2.8310000e+01   9.9749821e-01
   2.8320000e+01   9.9750333e-01
   2.8330000e+01   9.9779825e-01
   2.8340000e+01   9.9760204e-01
   2.8350000e+01   9.9797541e-01
   2.8360000e+01   9.9977898e-01
   2.8370000e+01   9.9811349e-01
   2.8380000e+01   1.0002188e+00
   2.8390000e+01   9.9792611e-01
   2.8400000e+01   9.9797247e-01
   2.8410000e+01   9.9895160e-01
   2.8420000e+01   9.9692759e-01
   2.8430000e+01   9.9904940e-01
   2.8440000e+01   9.9793553e-01
   2.8450000e+01   9.9883022e-01
   2.8460000e+01   1.0011087e+00
   2.8470000e+01   9.9959723e-01
   2.8480000e+01   9.9989284e-01
   2.8490000e+01   9.9724518e-01
   2.8500000e+01   9.9998385e-01
   2.8510000e+01   1.0001486e+00
   2.8520000e+01   9.9861198e-01
   2.8530000e+01   9.9793474e-01
   2.8540000e+01   9.9873587e-01
   2.8550000e+01   9.9928706e-01
   2.8560000e+01   9.9941328e-01
   2.8570000e+01   9.9967763e-01
   2.8580000e+01   9.9833570e-01
   2.8590000e+01   9.9886415e-01
   2.8600000e+01   9.9849703e-01
   2.8610000e+01   9.9820582e-01
   2.8620000e+01   9.9748791e-01
   2.8630000e+01   9.9875631e-01
   2.8640000e+01   9.9993844e-01
   2.8650000e+01   9.9865427e-01
   2.8660000e+01   9.9914152e-01
   2.8670000e+01   1.0019351e+00
   2.8680000e+01   9.9940642e-01
   2.8690000e+01   9.9924747e-01
   2.8700000e+01   1.0012517e+00
   2.8710000e+01   9.9868765e-01
   2.8720000e+01   1.0006213e+00
   2.8730000e+01   9.9977039e-01
   2.8740000e+01   9.9875392e-01
   2.8750000e+01   9.9795710e-01
   2.8760000e+01   9.9756536e-01
   2.8770000e+01   9.9957362e-01
   2.8780000e+01   9.9685023e-01
   2.8790000e+01   9.9791349e-01
   2.8800000e+01   9.9934720e-01
   2.8810000e+01   9.9936709e-01
   2.8820000e+01   1.0010005e+00
   2.8830000e+01   1.0006684e+00
   2.8840000e+01   9.9754409e-01
   2.8850000e+01   9.9853182e-01
   2.8860000e+01   9.9919206e-01
   2.8870000e+01   1.0006278e+00
   2.8880000e+01   1.0012155e+00
   2.8890000e+01   1.0001382e+00
   2.8900000e+01   9.9827280e-01
   2.8910000e+01   9.9867713e-01
   2.8920000e+01   9.9942093e-01
   2.8930000e+01   1.0008657e+00
   2.8940000e+01   9.9768905e-01
   2.8950000e+01   1.0010330e+00
   2.8960000e+01   1.0001108e+00
   2.8970000e+01   9.9946556e-01
   2.8980000e+01   9.9872961e-01
   2.8990000e+01   9.9961056e-01
   2.9000000e+01   9.9994101e-01
   2.9010000e+01   9.9848110e-01
   2.9020000e+01   9.9877777e-01
   2.9030000e+01   1.0000383e+00
   2.9040000e+01   9.9936060e-01
   2.9050000e+01   9.9892504e-01
   2.9060000e+01   1.0007064e+00
   2.9070000e+01   1.0005222e+00
   2.9080000e+01   9.9958710e-01
   2.9090000e+01   9.9848716e-01
   2.9100000e+01   9.9754545e-01
   2.9110000e+01   9.9844102e-01
   2.9120000e+01   1.0002552e+00
   2.9130000e+01   9.9922032e-01
   2.9140000e+01   9.9959777e-01
   2.9150000e+01   1.0003948e+00
   2.9160000e+01   9.9891399e-01
   2.9170000e+01   9.9988280e-01
   2.9180000e+01   9.9917969e-01
   2.9190000e+01   1.0009555e+00
   2.9200000e+01   1.0005297e+00
   2.9210000e+01   9.9932471e-01
   2.9220000e+01   9.9909688e-01
   2.9230000e+01   9.9968173e-01
   2.9240000e+01   9.9971371e-01
   2.9250000e+01   1.0004885e+00
   2.9260000e+01   9.9904788e-01
   2.9270000e+01   9.9790047e-01
   2.9280000e+01   1.0003676e+00
   2.9290000e+01   1.0000592e+00
   2.9300000e+01   9.9821076e-01
   2.9310000e+01   9.9834456e-01
   2.9320000e+01   1.0010457e+00
   2.9330000e+01   9.9804466e-01
   2.9340000e+01   9.9992053e-01
   2.9350000e+01   9.9760532e-01
   2.9360000e+01   9.9864236e-01
   2.9370000e+01   9.9980660e-01
   2.9380000e+01   9.9947859e-01
   2.9390000e+01   9.9557568e-01
   2.9400000e+01   9.9745930e-01
   2.9410000e+01   1.0000011e+00
   2.9420000e+01   1.0006632e+00
   2.9430000e+01   9.9887189e-01
   2.9440000e+01   9.9670498e-01
   2.9450000e+01   9.9701327e-01
   2.9460000e+01   9.9794116e-01
   2.9470000e+01   9.9834679e-01
   2.9480000e+01   9.9968116e-01
   2.9490000e+01   1.0004646e+00
   2.9500000e+01   9.9995060e-01
   2.9510000e+01   9.9829293e-01
   2.9520000e+01   9.9880680e-01
   2.9530000e+01   9.9844838e-01
   2.9540000e+01   9.9876328e-01
   2.9550000e+01   9.9672126e-01
   2.9560000e+01   1.0007327e+00
   2.9570000e+01   9.9904949e-01
   2.9580000e+01   9.9976225e-01
   2.9590000e+01   9.9955771e-01
   2.9600000e+01   9.9786607e-01
   2.9610000e+01   9.9875805e-01
   2.9620000e+01   9.9814987e-01
   2.9630000e+01   9.9866292e-01
   2.9640000e+01   9.9799044e-01
   2.9650000e+01   1.0009905e+00
   2.9660000e+01   9.9978246e-01
   2.9670000e+01   9.9959576e-01
   2.9680000e+01   9.9821262e-01
   2.9690000e+01   1.0030802e+00
   2.9700000e+01   9.9924212e-01
   2.9710000e+01   1.0024889e+00
   2.9720000e+01   9.9838464e-01
   2.9730000e+01   9.9952668e-01
   2.9740000e+01   1.0010321e+00
   2.9750000e+01   9.9915938e-01
   2.9760000e+01   1.0002481e+00
   2.9770000e+01   9.9918511e-01
   2.9780000e+01   9.9852008e-01
   2.9790000e+01   1.0005455e+00
   2.9800000e+01   9.9757319e-01
   2.9810000e+01   9.9796405e-01
   2.9820000e+01   1.0001602e+00
   2.9830000e+01   1.0018467e+00
   2.9840000e+01   9.9930982e-01
   2.9850000e+01   1.0005859e+00
   2.9860000e+01   9.9868380e-01
   2.9870000e+01   9.9979262e-01
   2.9880000e+01   1.0006104e+00
   2.9890000e+01   1.0008328e+00
   2.9900000e+01   1.0014964e+00
   2.9910000e+01   9.9793382e-01
   2.9920000e+01   1.0004000e+00
   2.9930000e+01   1.0004982e+00
   2.9940000e+01   9.9980295e-01
   2.9950000e+01   1.0021139e+00
   2.9960000e+01   1.0007637e+00
   2.9970000e+01   9.9995565e-01
   2.9980000e+01   9.9929966e-01
   2.9990000e+01   9.9786524e-01
   3.0000000e+01   9.9816887e-01
