   0.0000000e+00   0.0000000e+00
   1.0000000e-02   5.2646141e-15
   2.0000000e-02   1.6811218e-13
   3.0000000e-02   1.2739069e-12
   4.0000000e-02   5.3568947e-12
   5.0000000e-02   1.6313399e-11
   6.0000000e-02   4.0507136e-11
   7.0000000e-02   8.7366685e-11
   8.0000000e-02   1.6997518e-10
   9.0000000e-02   3.0565224e-10
   1.0000000e-01   5.1652820e-10
   1.1000000e-01   8.3011070e-10
   1.2000000e-01   1.2798436e-09
   1.3000000e-01   1.9056584e-09
   1.4000000e-01   2.7545181e-09
   1.5000000e-01   3.8809536e-09
   1.6000000e-01   5.3475926e-09
   1.7000000e-01   7.2256811e-09
   1.8000000e-01   9.5955976e-09
   1.9000000e-01   1.2547360e-08
   2.0000000e-01   1.6181126e-08
   2.1000000e-01   2.0607682e-08
   2.2000000e-01   2.5948936e-08
   2.3000000e-01   3.2338385e-08
   2.4000000e-01   3.9921596e-08
   2.5000000e-01   4.8856663e-08
   2.6000000e-01   5.9314668e-08
   2.7000000e-01   7.1480129e-08
   2.8000000e-01   8.5551443e-08
   2.9000000e-01   1.0174132e-07
   3.0000000e-01   1.2027723e-07
   3.1000000e-01   1.4140178e-07
   3.2000000e-01   1.6537319e-07
   3.3000000e-01   1.9246565e-07
   3.4000000e-01   2.2296977e-07
   3.5000000e-01   2.5719293e-07
   3.6000000e-01   2.9545969e-07
   3.7000000e-01   3.3811218e-07
   3.8000000e-01   3.8551046e-07
   3.9000000e-01   4.3803290e-07
   4.0000000e-01   4.9607655e-07
   4.1000000e-01   5.6005747e-07
   4.2000000e-01   6.3041111e-07
   4.3000000e-01   7.0759265e-07
   4.4000000e-01   7.9207730e-07
   4.5000000e-01   8.8436070e-07
   4.6000000e-01   9.8495917e-07
   4.7000000e-01   1.0944101e-06
   4.8000000e-01   1.2132722e-06
   4.9000000e-01   1.3421258e-06
   5.0000000e-01   1.4815734e-06
   5.1000000e-01   1.6322393e-06
   5.2000000e-01   1.7947709e-06
   5.3000000e-01   1.9698381e-06
   5.4000000e-01   2.1581338e-06
   5.5000000e-01   2.3603746e-06
   5.6000000e-01   2.5773005e-06
   5.7000000e-01   2.8096755e-06
   5.8000000e-01   3.0582876e-06
   5.9000000e-01   3.3239495e-06
   6.0000000e-01   3.6074982e-06
   6.1000000e-01   3.9097959e-06
   6.2000000e-01   4.2317296e-06
   6.3000000e-01   4.5742120e-06
   6.4000000e-01   4.9381809e-06
   6.5000000e-01   5.3246003e-06
   6.6000000e-01   5.7344601e-06
   6.7000000e-01   6.1687761e-06
   6.8000000e-01   6.6285909e-06
   6.9000000e-01   7.1149733e-06
   7.0000000e-01   7.6290191e-06
   7.1000000e-01   8.1718511e-06
   7.2000000e-01   8.7446191e-06
   7.3000000e-01   9.3485002e-06
   7.4000000e-01   9.9846991e-06
   7.5000000e-01   1.0654448e-05
   7.6000000e-01   1.1359007e-05
   7.7000000e-01   1.2099664e-05
   7.8000000e-01   1.2877735e-05
   7.9000000e-01   1.3694564e-05
   8.0000000e-01   1.4551525e-05
   8.1000000e-01   1.5450017e-05
   8.2000000e-01   1.6391472e-05
   8.3000000e-01   1.7377348e-05
   8.4000000e-01   1.8409132e-05
   8.5000000e-01   1.9488340e-05
   8.6000000e-01   2.0616519e-05
   8.7000000e-01   2.1795243e-05
   8.8000000e-01   2.3026116e-05
   8.9000000e-01   2.4310771e-05
   9.0000000e-01   2.5650872e-05
   9.1000000e-01   2.7048110e-05
   9.2000000e-01   2.8504209e-05
   9.3000000e-01   3.0020920e-05
   9.4000000e-01   3.1600024e-05
   9.5000000e-01   3.3243334e-05
   9.6000000e-01   3.4952691e-05
   9.7000000e-01   3.6729967e-05
   9.8000000e-01   3.8577062e-05
   9.9000000e-01   4.0495909e-05
   1.0000000e+00   4.2488470e-05
   1.0100000e+00   4.4556736e-05
   1.0200000e+00   4.6702730e-05
   1.0300000e+00   4.8928504e-05
   1.0400000e+00   5.1236142e-05
   1.0500000e+00   5.3627756e-05
   1.0600000e+00   5.6105490e-05
   1.0700000e+00   5.8671517e-05
   1.0800000e+00   6.1328043e-05
   1.0900000e+00   6.4077301e-05
   1.1000000e+00   6.6921557e-05
   1.1100000e+00   6.9863106e-05
   1.1200000e+00   7.2904273e-05
   1.1300000e+00   7.6047416e-05
   1.1400000e+00   7.9294921e-05
   1.1500000e+00   8.2649204e-05
   1.1600000e+00   8.6112713e-05
   1.1700000e+00   8.9687926e-05
   1.1800000e+00   9.3377351e-05
   1.1900000e+00   9.7183525e-05
   1.2000000e+00   1.0110902e-04
   1.2100000e+00   1.0515643e-04
   1.2200000e+00   1.0932838e-04
   1.2300000e+00   1.1362754e-04
   1.2400000e+00   1.1805660e-04
   1.2500000e+00   1.2261827e-04
   1.2600000e+00   1.2731530e-04
   1.2700000e+00   1.3215047e-04
   1.2800000e+00   1.3712659e-04
   1.2900000e+00   1.4224650e-04
   1.3000000e+00   1.4751307e-04
   1.3100000e+00   1.5292920e-04
   1.3200000e+00   1.5849781e-04
   1.3300000e+00   1.6422186e-04
   1.3400000e+00   1.7010434e-04
   1.3500000e+00   1.7614826e-04
   1.3600000e+00   1.8235668e-04
   1.3700000e+00   1.8873266e-04
   1.3800000e+00   1.9527930e-04
   1.3900000e+00   2.0199975e-04
   1.4000000e+00   2.0889717e-04
   1.4100000e+00   2.1597473e-04
   1.4200000e+00   2.2323567e-04
   1.4300000e+00   2.3068324e-04
   1.4400000e+00   2.3832070e-04
   1.4500000e+00   2.4615136e-04
   1.4600000e+00   2.5417856e-04
   1.4700000e+00   2.6240566e-04
   1.4800000e+00   2.7083604e-04
   1.4900000e+00   2.7947313e-04
   1.5000000e+00   2.8832037e-04
   1.5100000e+00   2.9738123e-04
   1.5200000e+00   3.0665922e-04
   1.5300000e+00   3.1615786e-04
   1.5400000e+00   3.2588070e-04
   1.5500000e+00   3.3583133e-04
   1.5600000e+00   3.4601336e-04
   1.5700000e+00   3.5643042e-04
   1.5800000e+00   3.6708618e-04
   1.5900000e+00   3.7798433e-04
   1.6000000e+00   3.8912858e-04
   1.6100000e+00   4.0052268e-04
   1.6200000e+00   4.1217039e-04
   1.6300000e+00   4.2407550e-04
   1.6400000e+00   4.3624185e-04
   1.6500000e+00   4.4867327e-04
   1.6600000e+00   4.6137363e-04
   1.6700000e+00   4.7434683e-04
   1.6800000e+00   4.8759680e-04
   1.6900000e+00   5.0112748e-04
   1.7000000e+00   5.1494284e-04
   1.7100000e+00   5.2904687e-04
   1.7200000e+00   5.4344360e-04
   1.7300000e+00   5.5813708e-04
   1.7400000e+00   5.7313137e-04
   1.7500000e+00   5.8843056e-04
   1.7600000e+00   6.0403877e-04
   1.7700000e+00   6.1996014e-04
   1.7800000e+00   6.3619884e-04
   1.7900000e+00   6.5275905e-04
   1.8000000e+00   6.6964498e-04
   1.8100000e+00   6.8686086e-04
   1.8200000e+00   7.0441095e-04
   1.8300000e+00   7.2229952e-04
   1.8400000e+00   7.4053088e-04
   1.8500000e+00   7.5910934e-04
   1.8600000e+00   7.7803925e-04
   1.8700000e+00   7.9732497e-04
   1.8800000e+00   8.1697090e-04
   1.8900000e+00   8.3698143e-04
   1.9000000e+00   8.5736099e-04
   1.9100000e+00   8.7811404e-04
   1.9200000e+00   8.9924504e-04
   1.9300000e+00   9.2075848e-04
   1.9400000e+00   9.4265888e-04
   1.9500000e+00   9.6495075e-04
   1.9600000e+00   9.8763866e-04
   1.9700000e+00   1.0107272e-03
   1.9800000e+00   1.0342209e-03
   1.9900000e+00   1.0581243e-03
   2.0000000e+00   1.0824422e-03
   2.0100000e+00   1.1071792e-03
   2.0200000e+00   1.1323399e-03
   2.0300000e+00   1.1579290e-03
   2.0400000e+00   1.1839512e-03
   2.0500000e+00   1.2104112e-03
   2.0600000e+00   1.2373138e-03
   2.0700000e+00   1.2646637e-03
   2.0800000e+00   1.2924656e-03
   2.0900000e+00   1.3207244e-03
   2.1000000e+00   1.3494448e-03
   2.1100000e+00   1.3786317e-03
   2.1200000e+00   1.4082900e-03
   2.1300000e+00   1.4384243e-03
   2.1400000e+00   1.4690397e-03
   2.1500000e+00   1.5001409e-03
   2.1600000e+00   1.5317330e-03
   2.1700000e+00   1.5638207e-03
   2.1800000e+00   1.5964091e-03
   2.1900000e+00   1.6295030e-03
   2.2000000e+00   1.6631074e-03
   2.2100000e+00   1.6972272e-03
   2.2200000e+00   1.7318675e-03
   2.2300000e+00   1.7670332e-03
   2.2400000e+00   1.8027294e-03
   2.2500000e+00   1.8389610e-03
   2.2600000e+00   1.8757331e-03
   2.2700000e+00   1.9130507e-03
   2.2800000e+00   1.9509189e-03
   2.2900000e+00   1.9893427e-03
   2.3000000e+00   2.0283273e-03
   2.3100000e+00   2.0678776e-03
   2.3200000e+00   2.1079988e-03
   2.3300000e+00   2.1486961e-03
   2.3400000e+00   2.1899745e-03
   2.3500000e+00   2.2318391e-03
   2.3600000e+00   2.2742951e-03
   2.3700000e+00   2.3173476e-03
   2.3800000e+00   2.3610019e-03
   2.3900000e+00   2.4052630e-03
   2.4000000e+00   2.4501361e-03
   2.4100000e+00   2.4956265e-03
   2.4200000e+00   2.5417393e-03
   2.4300000e+00   2.5884796e-03
   2.4400000e+00   2.6358528e-03
   2.4500000e+00   2.6838641e-03
   2.4600000e+00   2.7325186e-03
   2.4700000e+00   2.7818215e-03
   2.4800000e+00   2.8317782e-03
   2.4900000e+00   2.8823939e-03
   2.5000000e+00   2.9336737e-03
   2.5100000e+00   2.9856230e-03
   2.5200000e+00   3.0382471e-03
   2.5300000e+00   3.0915511e-03
   2.5400000e+00   3.1455403e-03
   2.5500000e+00   3.2002201e-03
   2.5600000e+00   3.2555957e-03
   2.5700000e+00   3.3116723e-03
   2.5800000e+00   3.3684553e-03
   2.5900000e+00   3.4259500e-03
   2.6000000e+00   3.4841616e-03
   2.6100000e+00   3.5430955e-03
   2.6200000e+00   3.6027569e-03
   2.6300000e+00   3.6631511e-03
   2.6400000e+00   3.7242835e-03
   2.6500000e+00   3.7861594e-03
   2.6600000e+00   3.8487840e-03
   2.6700000e+00   3.9121626e-03
   2.6800000e+00   3.9763006e-03
   2.6900000e+00   4.0412033e-03
   2.7000000e+00   4.1068760e-03
   2.7100000e+00   4.1733240e-03
   2.7200000e+00   4.2405526e-03
   2.7300000e+00   4.3085671e-03
   2.7400000e+00   4.3773728e-03
   2.7500000e+00   4.4469751e-03
   2.7600000e+00   4.5173792e-03
   2.7700000e+00   4.5885905e-03
   2.7800000e+00   4.6606142e-03
   2.7900000e+00   4.7334556e-03
   2.8000000e+00   4.8071202e-03
   2.8100000e+00   4.8816130e-03
   2.8200000e+00   4.9569395e-03
   2.8300000e+00   5.0331049e-03
   2.8400000e+00   5.1101146e-03
   2.8500000e+00   5.1879737e-03
   2.8600000e+00   5.2666877e-03
   2.8700000e+00   5.3462617e-03
   2.8800000e+00   5.4267010e-03
   2.8900000e+00   5.5080109e-03
   2.9000000e+00   5.5901966e-03
   2.9100000e+00   5.6732635e-03
   2.9200000e+00   5.7572168e-03
   2.9300000e+00   5.8420616e-03
   2.9400000e+00   5.9278033e-03
   2.9500000e+00   6.0144470e-03
   2.9600000e+00   6.1019981e-03
   2.9700000e+00   6.1904617e-03
   2.9800000e+00   6.2798430e-03
   2.9900000e+00   6.3701472e-03
   3.0000000e+00   6.4613795e-03
   3.0100000e+00   6.5535452e-03
   3.0200000e+00   6.6466493e-03
   3.0300000e+00   6.7406972e-03
   3.0400000e+00   6.8356938e-03
   3.0500000e+00   6.9316444e-03
   3.0600000e+00   7.0285541e-03
   3.0700000e+00   7.1264281e-03
   3.0800000e+00   7.2252714e-03
   3.0900000e+00   7.3250892e-03
   3.1000000e+00   7.4258866e-03
   3.1100000e+00   7.5276687e-03
   3.1200000e+00   7.6304405e-03
   3.1300000e+00   7.7342071e-03
   3.1400000e+00   7.8389736e-03
   3.1500000e+00   7.9447451e-03
   3.1600000e+00   8.0515265e-03
   3.1700000e+00   8.1593228e-03
   3.1800000e+00   8.2681392e-03
   3.1900000e+00   8.3779805e-03
   3.2000000e+00   8.4888518e-03
   3.2100000e+00   8.6007580e-03
   3.2200000e+00   8.7137041e-03
   3.2300000e+00   8.8276950e-03
   3.2400000e+00   8.9427356e-03
   3.2500000e+00   9.0588309e-03
   3.2600000e+00   9.1759858e-03
   3.2700000e+00   9.2942050e-03
   3.2800000e+00   9.4134936e-03
   3.2900000e+00   9.5338563e-03
   3.3000000e+00   9.6552980e-03
   3.3100000e+00   9.7778235e-03
   3.3200000e+00   9.9014376e-03
   3.3300000e+00   1.0026145e-02
   3.3400000e+00   1.0151951e-02
   3.3500000e+00   1.0278859e-02
   3.3600000e+00   1.0406875e-02
   3.3700000e+00   1.0536004e-02
   3.3800000e+00   1.0666250e-02
   3.3900000e+00   1.0797617e-02
   3.4000000e+00   1.0930110e-02
   3.4100000e+00   1.1063735e-02
   3.4200000e+00   1.1198496e-02
   3.4300000e+00   1.1334396e-02
   3.4400000e+00   1.1471442e-02
   3.4500000e+00   1.1609637e-02
   3.4600000e+00   1.1748985e-02
   3.4700000e+00   1.1889493e-02
   3.4800000e+00   1.2031163e-02
   3.4900000e+00   1.2174001e-02
   3.5000000e+00   1.2318011e-02
   3.5100000e+00   1.2463197e-02
   3.5200000e+00   1.2609563e-02
   3.5300000e+00   1.2757116e-02
   3.5400000e+00   1.2905857e-02
   3.5500000e+00   1.3055793e-02
   3.5600000e+00   1.3206927e-02
   3.5700000e+00   1.3359263e-02
   3.5800000e+00   1.3512806e-02
   3.5900000e+00   1.3667560e-02
   3.6000000e+00   1.3823530e-02
   3.6100000e+00   1.3980719e-02
   3.6200000e+00   1.4139133e-02
   3.6300000e+00   1.4298773e-02
   3.6400000e+00   1.4459647e-02
   3.6500000e+00   1.4621756e-02
   3.6600000e+00   1.4785105e-02
   3.6700000e+00   1.4949699e-02
   3.6800000e+00   1.5115542e-02
   3.6900000e+00   1.5282636e-02
   3.7000000e+00   1.5450988e-02
   3.7100000e+00   1.5620599e-02
   3.7200000e+00   1.5791475e-02
   3.7300000e+00   1.5963620e-02
   3.7400000e+00   1.6137036e-02
   3.7500000e+00   1.6311728e-02
   3.7600000e+00   1.6487701e-02
   3.7700000e+00   1.6664956e-02
   3.7800000e+00   1.6843500e-02
   3.7900000e+00   1.7023334e-02
   3.8000000e+00   1.7204464e-02
   3.8100000e+00   1.7386892e-02
   3.8200000e+00   1.7570622e-02
   3.8300000e+00   1.7755659e-02
   3.8400000e+00   1.7942004e-02
   3.8500000e+00   1.8129663e-02
   3.8600000e+00   1.8318639e-02
   3.8700000e+00   1.8508935e-02
   3.8800000e+00   1.8700555e-02
   3.8900000e+00   1.8893502e-02
   3.9000000e+00   1.9087779e-02
   3.9100000e+00   1.9283390e-02
   3.9200000e+00   1.9480339e-02
   3.9300000e+00   1.9678629e-02
   3.9400000e+00   1.9878263e-02
   3.9500000e+00   2.0079244e-02
   3.9600000e+00   2.0281575e-02
   3.9700000e+00   2.0485261e-02
   3.9800000e+00   2.0690303e-02
   3.9900000e+00   2.0896706e-02
   4.0000000e+00   2.1104472e-02
   4.0100000e+00   2.1313604e-02
   4.0200000e+00   2.1524106e-02
   4.0300000e+00   2.1735980e-02
   4.0400000e+00   2.1949230e-02
   4.0500000e+00   2.2163859e-02
   4.0600000e+00   2.2379868e-02
   4.0700000e+00   2.2597262e-02
   4.0800000e+00   2.2816043e-02
   4.0900000e+00   2.3036215e-02
   4.1000000e+00   2.3257779e-02
   4.1100000e+00   2.3480738e-02
   4.1200000e+00   2.3705096e-02
   4.1300000e+00   2.3930855e-02
   4.1400000e+00   2.4158017e-02
   4.1500000e+00   2.4386586e-02
   4.1600000e+00   2.4616564e-02
   4.1700000e+00   2.4847953e-02
   4.1800000e+00   2.5080756e-02
   4.1900000e+00   2.5314976e-02
   4.2000000e+00   2.5550614e-02
   4.2100000e+00   2.5787674e-02
   4.2200000e+00   2.6026158e-02
   4.2300000e+00   2.6266067e-02
   4.2400000e+00   2.6507405e-02
   4.2500000e+00   2.6750174e-02
   4.2600000e+00   2.6994376e-02
   4.2700000e+00   2.7240012e-02
   4.2800000e+00   2.7487086e-02
   4.2900000e+00   2.7735599e-02
   4.3000000e+00   2.7985554e-02
   4.3100000e+00   2.8236952e-02
   4.3200000e+00   2.8489796e-02
   4.3300000e+00   2.8744088e-02
   4.3400000e+00   2.8999829e-02
   4.3500000e+00   2.9257021e-02
   4.3600000e+00   2.9515666e-02
   4.3700000e+00   2.9775767e-02
   4.3800000e+00   3.0037324e-02
   4.3900000e+00   3.0300340e-02
   4.4000000e+00   3.0564817e-02
   4.4100000e+00   3.0830755e-02
   4.4200000e+00   3.1098158e-02
   4.4300000e+00   3.1367025e-02
   4.4400000e+00   3.1637359e-02
   4.4500000e+00   3.1909162e-02
   4.4600000e+00   3.2182434e-02
   4.4700000e+00   3.2457178e-02
   4.4800000e+00   3.2733394e-02
   4.4900000e+00   3.3011085e-02
   4.5000000e+00   3.3290250e-02
   4.5100000e+00   3.3570893e-02
   4.5200000e+00   3.3853013e-02
   4.5300000e+00   3.4136613e-02
   4.5400000e+00   3.4421692e-02
   4.5500000e+00   3.4708254e-02
   4.5600000e+00   3.4996297e-02
   4.5700000e+00   3.5285824e-02
   4.5800000e+00   3.5576836e-02
   4.5900000e+00   3.5869333e-02
   4.6000000e+00   3.6163317e-02
   4.6100000e+00   3.6458788e-02
   4.6200000e+00   3.6755747e-02
   4.6300000e+00   3.7054195e-02
   4.6400000e+00   3.7354133e-02
   4.6500000e+00   3.7655561e-02
   4.6600000e+00   3.7958481e-02
   4.6700000e+00   3.8262892e-02
   4.6800000e+00   3.8568795e-02
   4.6900000e+00   3.8876191e-02
   4.7000000e+00   3.9185081e-02
   4.7100000e+00   3.9495465e-02
   4.7200000e+00   3.9807343e-02
   4.7300000e+00   4.0120715e-02
   4.7400000e+00   4.0435583e-02
   4.7500000e+00   4.0751946e-02
   4.7600000e+00   4.1069805e-02
   4.7700000e+00   4.1389159e-02
   4.7800000e+00   4.1710009e-02
   4.7900000e+00   4.2032356e-02
   4.8000000e+00   4.2356199e-02
   4.8100000e+00   4.2681538e-02
   4.8200000e+00   4.3008373e-02
   4.8300000e+00   4.3336705e-02
   4.8400000e+00   4.3666532e-02
   4.8500000e+00   4.3997856e-02
   4.8600000e+00   4.4330676e-02
   4.8700000e+00   4.4664991e-02
   4.8800000e+00   4.5000801e-02
   4.8900000e+00   4.5338107e-02
   4.9000000e+00   4.5676908e-02
   4.9100000e+00   4.6017203e-02
   4.9200000e+00   4.6358991e-02
   4.9300000e+00   4.6702274e-02
   4.9400000e+00   4.7047049e-02
   4.9500000e+00   4.7393317e-02
   4.9600000e+00   4.7741076e-02
   4.9700000e+00   4.8090327e-02
   4.9800000e+00   4.8441069e-02
   4.9900000e+00   4.8793300e-02
   5.0000000e+00   4.9147020e-02
   5.0100000e+00   4.9502228e-02
   5.0200000e+00   4.9858924e-02
   5.0300000e+00   5.0217106e-02
   5.0400000e+00   5.0576773e-02
   5.0500000e+00   5.0937925e-02
   5.0600000e+00   5.1300560e-02
   5.0700000e+00   5.1664678e-02
   5.0800000e+00   5.2030277e-02
   5.0900000e+00   5.2397356e-02
   5.1000000e+00   5.2765914e-02
   5.1100000e+00   5.3135950e-02
   5.1200000e+00   5.3507462e-02
   5.1300000e+00   5.3880449e-02
   5.1400000e+00   5.4254909e-02
   5.1500000e+00   5.4630842e-02
   5.1600000e+00   5.5008245e-02
   5.1700000e+00   5.5387118e-02
   5.1800000e+00   5.5767458e-02
   5.1900000e+00   5.6149264e-02
   5.2000000e+00   5.6532534e-02
   5.2100000e+00   5.6917267e-02
   5.2200000e+00   5.7303461e-02
   5.2300000e+00   5.7691114e-02
   5.2400000e+00   5.8080224e-02
   5.2500000e+00   5.8470790e-02
   5.2600000e+00   5.8862809e-02
   5.2700000e+00   5.9256279e-02
   5.2800000e+00   5.9651200e-02
   5.2900000e+00   6.0047567e-02
   5.3000000e+00   6.0445380e-02
   5.3100000e+00   6.0844637e-02
   5.3200000e+00   6.1245334e-02
   5.3300000e+00   6.1647470e-02
   5.3400000e+00   6.2051043e-02
   5.3500000e+00   6.2456049e-02
   5.3600000e+00   6.2862488e-02
   5.3700000e+00   6.3270356e-02
   5.3800000e+00   6.3679651e-02
   5.3900000e+00   6.4090371e-02
   5.4000000e+00   6.4502513e-02
   5.4100000e+00   6.4916074e-02
   5.4200000e+00   6.5331052e-02
   5.4300000e+00   6.5747444e-02
   5.4400000e+00   6.6165247e-02
   5.4500000e+00   6.6584459e-02
   5.4600000e+00   6.7005077e-02
   5.4700000e+00   6.7427098e-02
   5.4800000e+00   6.7850519e-02
   5.4900000e+00   6.8275337e-02
   5.5000000e+00   6.8701549e-02
   5.5100000e+00   6.9129152e-02
   5.5200000e+00   6.9558144e-02
   5.5300000e+00   6.9988520e-02
   5.5400000e+00   7.0420278e-02
   5.5500000e+00   7.0853415e-02
   5.5600000e+00   7.1287927e-02
   5.5700000e+00   7.1723812e-02
   5.5800000e+00   7.2161065e-02
   5.5900000e+00   7.2599684e-02
   5.6000000e+00   7.3039664e-02
   5.6100000e+00   7.3481003e-02
   5.6200000e+00   7.3923697e-02
   5.6300000e+00   7.4367743e-02
   5.6400000e+00   7.4813136e-02
   5.6500000e+00   7.5259874e-02
   5.6600000e+00   7.5707952e-02
   5.6700000e+00   7.6157367e-02
   5.6800000e+00   7.6608115e-02
   5.6900000e+00   7.7060193e-02
   5.7000000e+00   7.7513596e-02
   5.7100000e+00   7.7968321e-02
   5.7200000e+00   7.8424363e-02
   5.7300000e+00   7.8881718e-02
   5.7400000e+00   7.9340384e-02
   5.7500000e+00   7.9800355e-02
   5.7600000e+00   8.0261627e-02
   5.7700000e+00   8.0724197e-02
   5.7800000e+00   8.1188060e-02
   5.7900000e+00   8.1653212e-02
   5.8000000e+00   8.2119648e-02
   5.8100000e+00   8.2587365e-02
   5.8200000e+00   8.3056357e-02
   5.8300000e+00   8.3526621e-02
   5.8400000e+00   8.3998153e-02
   5.8500000e+00   8.4470947e-02
   5.8600000e+00   8.4944999e-02
   5.8700000e+00   8.5420304e-02
   5.8800000e+00   8.5896858e-02
   5.8900000e+00   8.6374657e-02
   5.9000000e+00   8.6853695e-02
   5.9100000e+00   8.7333968e-02
   5.9200000e+00   8.7815471e-02
   5.9300000e+00   8.8298200e-02
   5.9400000e+00   8.8782148e-02
   5.9500000e+00   8.9267313e-02
   5.9600000e+00   8.9753687e-02
   5.9700000e+00   9.0241268e-02
   5.9800000e+00   9.0730048e-02
   5.9900000e+00   9.1220025e-02
   6.0000000e+00   9.1711191e-02
   6.0100000e+00   9.2203543e-02
   6.0200000e+00   9.2697075e-02
   6.0300000e+00   9.3191782e-02
   6.0400000e+00   9.3687658e-02
   6.0500000e+00   9.4184699e-02
   6.0600000e+00   9.4682898e-02
   6.0700000e+00   9.5182251e-02
   6.0800000e+00   9.5682753e-02
   6.0900000e+00   9.6184396e-02
   6.1000000e+00   9.6687177e-02
   6.1100000e+00   9.7191090e-02
   6.1200000e+00   9.7696129e-02
   6.1300000e+00   9.8202288e-02
   6.1400000e+00   9.8709561e-02
   6.1500000e+00   9.9217944e-02
   6.1600000e+00   9.9727430e-02
   6.1700000e+00   1.0023801e-01
   6.1800000e+00   1.0074969e-01
   6.1900000e+00   1.0126245e-01
   6.2000000e+00   1.0177629e-01
   6.2100000e+00   1.0229121e-01
   6.2200000e+00   1.0280719e-01
   6.2300000e+00   1.0332424e-01
   6.2400000e+00   1.0384234e-01
   6.2500000e+00   1.0436149e-01
   6.2600000e+00   1.0488168e-01
   6.2700000e+00   1.0540292e-01
   6.2800000e+00   1.0592518e-01
   6.2900000e+00   1.0644847e-01
   6.3000000e+00   1.0697278e-01
   6.3100000e+00   1.0749810e-01
   6.3200000e+00   1.0802443e-01
   6.3300000e+00   1.0855176e-01
   6.3400000e+00   1.0908008e-01
   6.3500000e+00   1.0960939e-01
   6.3600000e+00   1.1013968e-01
   6.3700000e+00   1.1067094e-01
   6.3800000e+00   1.1120317e-01
   6.3900000e+00   1.1173637e-01
   6.4000000e+00   1.1227051e-01
   6.4100000e+00   1.1280561e-01
   6.4200000e+00   1.1334164e-01
   6.4300000e+00   1.1387861e-01
   6.4400000e+00   1.1441651e-01
   6.4500000e+00   1.1495533e-01
   6.4600000e+00   1.1549506e-01
   6.4700000e+00   1.1603570e-01
   6.4800000e+00   1.1657724e-01
   6.4900000e+00   1.1711967e-01
   6.5000000e+00   1.1766299e-01
   6.5100000e+00   1.1820719e-01
   6.5200000e+00   1.1875226e-01
   6.5300000e+00   1.1929819e-01
   6.5400000e+00   1.1984499e-01
   6.5500000e+00   1.2039263e-01
   6.5600000e+00   1.2094112e-01
   6.5700000e+00   1.2149045e-01
   6.5800000e+00   1.2204060e-01
   6.5900000e+00   1.2259158e-01
   6.6000000e+00   1.2314337e-01
   6.6100000e+00   1.2369596e-01
   6.6200000e+00   1.2424936e-01
   6.6300000e+00   1.2480355e-01
   6.6400000e+00   1.2535853e-01
   6.6500000e+00   1.2591428e-01
   6.6600000e+00   1.2647081e-01
   6.6700000e+00   1.2702809e-01
   6.6800000e+00   1.2758614e-01
   6.6900000e+00   1.2814493e-01
   6.7000000e+00   1.2870446e-01
   6.7100000e+00   1.2926472e-01
   6.7200000e+00   1.2982571e-01
   6.7300000e+00   1.3038741e-01
   6.7400000e+00   1.3094982e-01
   6.7500000e+00   1.3151294e-01
   6.7600000e+00   1.3207675e-01
   6.7700000e+00   1.3264124e-01
   6.7800000e+00   1.3320641e-01
   6.7900000e+00   1.3377226e-01
   6.8000000e+00   1.3433876e-01
   6.8100000e+00   1.3490592e-01
   6.8200000e+00   1.3547373e-01
   6.8300000e+00   1.3604217e-01
   6.8400000e+00   1.3661125e-01
   6.8500000e+00   1.3718095e-01
   6.8600000e+00   1.3775126e-01
   6.8700000e+00   1.3832218e-01
   6.8800000e+00   1.3889369e-01
   6.8900000e+00   1.3946580e-01
   6.9000000e+00   1.4003849e-01
   6.9100000e+00   1.4061175e-01
   6.9200000e+00   1.4118558e-01
   6.9300000e+00   1.4175996e-01
   6.9400000e+00   1.4233489e-01
   6.9500000e+00   1.4291037e-01
   6.9600000e+00   1.4348637e-01
   6.9700000e+00   1.4406290e-01
   6.9800000e+00   1.4463995e-01
   6.9900000e+00   1.4521750e-01
   7.0000000e+00   1.4579555e-01
   7.0100000e+00   1.4637409e-01
   7.0200000e+00   1.4695311e-01
   7.0300000e+00   1.4753261e-01
   7.0400000e+00   1.4811257e-01
   7.0500000e+00   1.4869299e-01
   7.0600000e+00   1.4927385e-01
   7.0700000e+00   1.4985516e-01
   7.0800000e+00   1.5043689e-01
   7.0900000e+00   1.5101905e-01
   7.1000000e+00   1.5160161e-01
   7.1100000e+00   1.5218459e-01
   7.1200000e+00   1.5276796e-01
   7.1300000e+00   1.5335171e-01
   7.1400000e+00   1.5393585e-01
   7.1500000e+00   1.5452035e-01
   7.1600000e+00   1.5510521e-01
   7.1700000e+00   1.5569043e-01
   7.1800000e+00   1.5627599e-01
   7.1900000e+00   1.5686188e-01
   7.2000000e+00   1.5744810e-01
   7.2100000e+00   1.5803464e-01
   7.2200000e+00   1.5862148e-01
   7.2300000e+00   1.5920862e-01
   7.2400000e+00   1.5979605e-01
   7.2500000e+00   1.6038377e-01
   7.2600000e+00   1.6097175e-01
   7.2700000e+00   1.6156000e-01
   7.2800000e+00   1.6214850e-01
   7.2900000e+00   1.6273724e-01
   7.3000000e+00   1.6332622e-01
   7.3100000e+00   1.6391543e-01
   7.3200000e+00   1.6450485e-01
   7.3300000e+00   1.6509448e-01
   7.3400000e+00   1.6568432e-01
   7.3500000e+00   1.6627434e-01
   7.3600000e+00   1.6686454e-01
   7.3700000e+00   1.6745492e-01
   7.3800000e+00   1.6804545e-01
   7.3900000e+00   1.6863614e-01
   7.4000000e+00   1.6922698e-01
   7.4100000e+00   1.6981795e-01
   7.4200000e+00   1.7040904e-01
   7.4300000e+00   1.7100026e-01
   7.4400000e+00   1.7159158e-01
   7.4500000e+00   1.7218299e-01
   7.4600000e+00   1.7277450e-01
   7.4700000e+00   1.7336608e-01
   7.4800000e+00   1.7395774e-01
   7.4900000e+00   1.7454945e-01
   7.5000000e+00   1.7514122e-01
   7.5100000e+00   1.7573303e-01
   7.5200000e+00   1.7632487e-01
   7.5300000e+00   1.7691673e-01
   7.5400000e+00   1.7750861e-01
   7.5500000e+00   1.7810049e-01
   7.5600000e+00   1.7869236e-01
   7.5700000e+00   1.7928422e-01
   7.5800000e+00   1.7987606e-01
   7.5900000e+00   1.8046787e-01
   7.6000000e+00   1.8105963e-01
   7.6100000e+00   1.8165133e-01
   7.6200000e+00   1.8224298e-01
   7.6300000e+00   1.8283455e-01
   7.6400000e+00   1.8342605e-01
   7.6500000e+00   1.8401745e-01
   7.6600000e+00   1.8460875e-01
   7.6700000e+00   1.8519995e-01
   7.6800000e+00   1.8579102e-01
   7.6900000e+00   1.8638196e-01
   7.7000000e+00   1.8697277e-01
   7.7100000e+00   1.8756343e-01
   7.7200000e+00   1.8815393e-01
   7.7300000e+00   1.8874426e-01
   7.7400000e+00   1.8933442e-01
   7.7500000e+00   1.8992439e-01
   7.7600000e+00   1.9051417e-01
   7.7700000e+00   1.9110374e-01
   7.7800000e+00   1.9169309e-01
   7.7900000e+00   1.9228222e-01
   7.8000000e+00   1.9287112e-01
   7.8100000e+00   1.9345977e-01
   7.8200000e+00   1.9404817e-01
   7.8300000e+00   1.9463630e-01
   7.8400000e+00   1.9522416e-01
   7.8500000e+00   1.9581174e-01
   7.8600000e+00   1.9639903e-01
   7.8700000e+00   1.9698601e-01
   7.8800000e+00   1.9757269e-01
   7.8900000e+00   1.9815904e-01
   7.9000000e+00   1.9874506e-01
   7.9100000e+00   1.9933074e-01
   7.9200000e+00   1.9991607e-01
   7.9300000e+00   2.0050104e-01
   7.9400000e+00   2.0108564e-01
   7.9500000e+00   2.0166986e-01
   7.9600000e+00   2.0225370e-01
   7.9700000e+00   2.0283713e-01
   7.9800000e+00   2.0342016e-01
   7.9900000e+00   2.0400276e-01
   8.0000000e+00   2.0458494e-01
   8.0100000e+00   2.0516668e-01
   8.0200000e+00   2.0574798e-01
   8.0300000e+00   2.0632882e-01
   8.0400000e+00   2.0690919e-01
   8.0500000e+00   2.0748908e-01
   8.0600000e+00   2.0806849e-01
   8.0700000e+00   2.0864741e-01
   8.0800000e+00   2.0922582e-01
   8.0900000e+00   2.0980371e-01
   8.1000000e+00   2.1038108e-01
   8.1100000e+00   2.1095791e-01
   8.1200000e+00   2.1153421e-01
   8.1300000e+00   2.1210994e-01
   8.1400000e+00   2.1268512e-01
   8.1500000e+00   2.1325972e-01
   8.1600000e+00   2.1383374e-01
   8.1700000e+00   2.1440716e-01
   8.1800000e+00   2.1497999e-01
   8.1900000e+00   2.1555220e-01
   8.2000000e+00   2.1612379e-01
   8.2100000e+00   2.1669475e-01
   8.2200000e+00   2.1726508e-01
   8.2300000e+00   2.1783475e-01
   8.2400000e+00   2.1840376e-01
   8.2500000e+00   2.1897210e-01
   8.2600000e+00   2.1953976e-01
   8.2700000e+00   2.2010674e-01
   8.2800000e+00   2.2067301e-01
   8.2900000e+00   2.2123858e-01
   8.3000000e+00   2.2180343e-01
   8.3100000e+00   2.2236756e-01
   8.3200000e+00   2.2293095e-01
   8.3300000e+00   2.2349359e-01
   8.3400000e+00   2.2405547e-01
   8.3500000e+00   2.2461660e-01
   8.3600000e+00   2.2517694e-01
   8.3700000e+00   2.2573651e-01
   8.3800000e+00   2.2629528e-01
   8.3900000e+00   2.2685324e-01
   8.4000000e+00   2.2741040e-01
   8.4100000e+00   2.2796673e-01
   8.4200000e+00   2.2852223e-01
   8.4300000e+00   2.2907689e-01
   8.4400000e+00   2.2963070e-01
   8.4500000e+00   2.3018365e-01
   8.4600000e+00   2.3073573e-01
   8.4700000e+00   2.3128693e-01
   8.4800000e+00   2.3183724e-01
   8.4900000e+00   2.3238666e-01
   8.5000000e+00   2.3293517e-01
   8.5100000e+00   2.3348276e-01
   8.5200000e+00   2.3402943e-01
   8.5300000e+00   2.3457516e-01
   8.5400000e+00   2.3511995e-01
   8.5500000e+00   2.3566378e-01
   8.5600000e+00   2.3620665e-01
   8.5700000e+00   2.3674855e-01
   8.5800000e+00   2.3728947e-01
   8.5900000e+00   2.3782940e-01
   8.6000000e+00   2.3836833e-01
   8.6100000e+00   2.3890625e-01
   8.6200000e+00   2.3944315e-01
   8.6300000e+00   2.3997902e-01
   8.6400000e+00   2.4051386e-01
   8.6500000e+00   2.4104765e-01
   8.6600000e+00   2.4158038e-01
   8.6700000e+00   2.4211205e-01
   8.6800000e+00   2.4264265e-01
   8.6900000e+00   2.4317217e-01
   8.7000000e+00   2.4370059e-01
   8.7100000e+00   2.4422792e-01
   8.7200000e+00   2.4475413e-01
   8.7300000e+00   2.4527923e-01
   8.7400000e+00   2.4580319e-01
   8.7500000e+00   2.4632603e-01
   8.7600000e+00   2.4684771e-01
   8.7700000e+00   2.4736825e-01
   8.7800000e+00   2.4788762e-01
   8.7900000e+00   2.4840581e-01
   8.8000000e+00   2.4892283e-01
   8.8100000e+00   2.4943865e-01
   8.8200000e+00   2.4995328e-01
   8.8300000e+00   2.5046670e-01
   8.8400000e+00   2.5097890e-01
   8.8500000e+00   2.5148988e-01
   8.8600000e+00   2.5199963e-01
   8.8700000e+00   2.5250813e-01
   8.8800000e+00   2.5301538e-01
   8.8900000e+00   2.5352137e-01
   8.9000000e+00   2.5402609e-01
   8.9100000e+00   2.5452953e-01
   8.9200000e+00   2.5503169e-01
   8.9300000e+00   2.5553255e-01
   8.9400000e+00   2.5603211e-01
   8.9500000e+00   2.5653036e-01
   8.9600000e+00   2.5702729e-01
   8.9700000e+00   2.5752288e-01
   8.9800000e+00   2.5801715e-01
   8.9900000e+00   2.5851006e-01
   9.0000000e+00   2.5900162e-01
   9.0100000e+00   2.5949182e-01
   9.0200000e+00   2.5998065e-01
   9.0300000e+00   2.6046810e-01
   9.0400000e+00   2.6095416e-01
   9.0500000e+00   2.6143882e-01
   9.0600000e+00   2.6192208e-01
   9.0700000e+00   2.6240393e-01
   9.0800000e+00   2.6288435e-01
   9.0900000e+00   2.6336335e-01
   9.1000000e+00   2.6384091e-01
   9.1100000e+00   2.6431703e-01
   9.1200000e+00   2.6479169e-01
   9.1300000e+00   2.6526489e-01
   9.1400000e+00   2.6573662e-01
   9.1500000e+00   2.6620687e-01
   9.1600000e+00   2.6667564e-01
   9.1700000e+00   2.6714291e-01
   9.1800000e+00   2.6760868e-01
   9.1900000e+00   2.6807295e-01
   9.2000000e+00   2.6853569e-01
   9.2100000e+00   2.6899691e-01
   9.2200000e+00   2.6945660e-01
   9.2300000e+00   2.6991474e-01
   9.2400000e+00   2.7037134e-01
   9.2500000e+00   2.7082638e-01
   9.2600000e+00   2.7127986e-01
   9.2700000e+00   2.7173176e-01
   9.2800000e+00   2.7218209e-01
   9.2900000e+00   2.7263082e-01
   9.3000000e+00   2.7307797e-01
   9.3100000e+00   2.7352351e-01
   9.3200000e+00   2.7396744e-01
   9.3300000e+00   2.7440975e-01
   9.3400000e+00   2.7485044e-01
   9.3500000e+00   2.7528950e-01
   9.3600000e+00   2.7572692e-01
   9.3700000e+00   2.7616269e-01
   9.3800000e+00   2.7659680e-01
   9.3900000e+00   2.7702926e-01
   9.4000000e+00   2.7746005e-01
   9.4100000e+00   2.7788915e-01
   9.4200000e+00   2.7831658e-01
   9.4300000e+00   2.7874232e-01
   9.4400000e+00   2.7916636e-01
   9.4500000e+00   2.7958869e-01
   9.4600000e+00   2.8000931e-01
   9.4700000e+00   2.8042822e-01
   9.4800000e+00   2.8084539e-01
   9.4900000e+00   2.8126084e-01
   9.5000000e+00   2.8167455e-01
   9.5100000e+00   2.8208650e-01
   9.5200000e+00   2.8249671e-01
   9.5300000e+00   2.8290516e-01
   9.5400000e+00   2.8331184e-01
   9.5500000e+00   2.8371674e-01
   9.5600000e+00   2.8411987e-01
   9.5700000e+00   2.8452120e-01
   9.5800000e+00   2.8492075e-01
   9.5900000e+00   2.8531849e-01
   9.6000000e+00   2.8571443e-01
   9.6100000e+00   2.8610855e-01
   9.6200000e+00   2.8650086e-01
   9.6300000e+00   2.8689134e-01
   9.6400000e+00   2.8727998e-01
   9.6500000e+00   2.8766679e-01
   9.6600000e+00   2.8805175e-01
   9.6700000e+00   2.8843486e-01
   9.6800000e+00   2.8881611e-01
   9.6900000e+00   2.8919550e-01
   9.7000000e+00   2.8957302e-01
   9.7100000e+00   2.8994866e-01
   9.7200000e+00   2.9032242e-01
   9.7300000e+00   2.9069429e-01
   9.7400000e+00   2.9106427e-01
   9.7500000e+00   2.9143234e-01
   9.7600000e+00   2.9179851e-01
   9.7700000e+00   2.9216277e-01
   9.7800000e+00   2.9252511e-01
   9.7900000e+00   2.9288553e-01
   9.8000000e+00   2.9324401e-01
   9.8100000e+00   2.9360056e-01
   9.8200000e+00   2.9395517e-01
   9.8300000e+00   2.9430784e-01
   9.8400000e+00   2.9465855e-01
   9.8500000e+00   2.9500730e-01
   9.8600000e+00   2.9535409e-01
   9.8700000e+00   2.9569891e-01
   9.8800000e+00   2.9604175e-01
   9.8900000e+00   2.9638262e-01
   9.9000000e+00   2.9672150e-01
   9.9100000e+00   2.9705839e-01
   9.9200000e+00   2.9739329e-01
   9.9300000e+00   2.9772619e-01
   9.9400000e+00   2.9805707e-01
   9.9500000e+00   2.9838595e-01
   9.9600000e+00   2.9871281e-01
   9.9700000e+00   2.9903765e-01
   9.9800000e+00   2.9936047e-01
   9.9900000e+00   2.9968125e-01
   1.0000000e+01   3.0000000e-01
   1.0010000e+01   3.0031671e-01
   1.0020000e+01   3.0063137e-01
   1.0030000e+01   3.0094398e-01
   1.0040000e+01   3.0125453e-01
   1.0050000e+01   3.0156303e-01
   1.0060000e+01   3.0186946e-01
   1.0070000e+01   3.0217382e-01
   1.0080000e+01   3.0247611e-01
   1.0090000e+01   3.0277632e-01
   1.0100000e+01   3.0307444e-01
   1.0110000e+01   3.0337048e-01
   1.0120000e+01   3.0366443e-01
   1.0130000e+01   3.0395628e-01
   1.0140000e+01   3.0424603e-01
   1.0150000e+01   3.0453368e-01
   1.0160000e+01   3.0481922e-01
   1.0170000e+01   3.0510265e-01
   1.0180000e+01   3.0538396e-01
   1.0190000e+01   3.0566315e-01
   1.0200000e+01   3.0594021e-01
   1.0210000e+01   3.0621515e-01
   1.0220000e+01   3.0648795e-01
   1.0230000e+01   3.0675862e-01
   1.0240000e+01   3.0702714e-01
   1.0250000e+01   3.0729353e-01
   1.0260000e+01   3.0755776e-01
   1.0270000e+01   3.0781984e-01
   1.0280000e+01   3.0807977e-01
   1.0290000e+01   3.0833754e-01
   1.0300000e+01   3.0859315e-01
   1.0310000e+01   3.0884659e-01
   1.0320000e+01   3.0909787e-01
   1.0330000e+01   3.0934697e-01
   1.0340000e+01   3.0959389e-01
   1.0350000e+01   3.0983864e-01
   1.0360000e+01   3.1008120e-01
   1.0370000e+01   3.1032158e-01
   1.0380000e+01   3.1055977e-01
   1.0390000e+01   3.1079577e-01
   1.0400000e+01   3.1102958e-01
   1.0410000e+01   3.1126118e-01
   1.0420000e+01   3.1149059e-01
   1.0430000e+01   3.1171779e-01
   1.0440000e+01   3.1194279e-01
   1.0450000e+01   3.1216558e-01
   1.0460000e+01   3.1238615e-01
   1.0470000e+01   3.1260451e-01
   1.0480000e+01   3.1282066e-01
   1.0490000e+01   3.1303458e-01
   1.0500000e+01   3.1324629e-01
   1.0510000e+01   3.1345576e-01
   1.0520000e+01   3.1366301e-01
   1.0530000e+01   3.1386804e-01
   1.0540000e+01   3.1407083e-01
   1.0550000e+01   3.1427138e-01
   1.0560000e+01   3.1446970e-01
   1.0570000e+01   3.1466578e-01
   1.0580000e+01   3.1485962e-01
   1.0590000e+01   3.1505122e-01
   1.0600000e+01   3.1524057e-01
   1.0610000e+01   3.1542768e-01
   1.0620000e+01   3.1561254e-01
   1.0630000e+01   3.1579515e-01
   1.0640000e+01   3.1597550e-01
   1.0650000e+01   3.1615360e-01
   1.0660000e+01   3.1632945e-01
   1.0670000e+01   3.1650304e-01
   1.0680000e+01   3.1667436e-01
   1.0690000e+01   3.1684343e-01
   1.0700000e+01   3.1701024e-01
   1.0710000e+01   3.1717478e-01
   1.0720000e+01   3.1733706e-01
   1.0730000e+01   3.1749707e-01
   1.0740000e+01   3.1765482e-01
   1.0750000e+01   3.1781029e-01
   1.0760000e+01   3.1796350e-01
   1.0770000e+01   3.1811443e-01
   1.0780000e+01   3.1826309e-01
   1.0790000e+01   3.1840948e-01
   1.0800000e+01   3.1855359e-01
   1.0810000e+01   3.1869543e-01
   1.0820000e+01   3.1883500e-01
   1.0830000e+01   3.1897228e-01
   1.0840000e+01   3.1910729e-01
   1.0850000e+01   3.1924002e-01
   1.0860000e+01   3.1937047e-01
   1.0870000e+01   3.1949864e-01
   1.0880000e+01   3.1962453e-01
   1.0890000e+01   3.1974814e-01
   1.0900000e+01   3.1986947e-01
   1.0910000e+01   3.1998852e-01
   1.0920000e+01   3.2010528e-01
   1.0930000e+01   3.2021977e-01
   1.0940000e+01   3.2033197e-01
   1.0950000e+01   3.2044189e-01
   1.0960000e+01   3.2054952e-01
   1.0970000e+01   3.2065487e-01
   1.0980000e+01   3.2075794e-01
   1.0990000e+01   3.2085873e-01
   1.1000000e+01   3.2095723e-01
   1.1010000e+01   3.2105345e-01
   1.1020000e+01   3.2114739e-01
   1.1030000e+01   3.2123904e-01
   1.1040000e+01   3.2132842e-01
   1.1050000e+01   3.2141551e-01
   1.1060000e+01   3.2150032e-01
   1.1070000e+01   3.2158285e-01
   1.1080000e+01   3.2166310e-01
   1.1090000e+01   3.2174107e-01
   1.1100000e+01   3.2181676e-01
   1.1110000e+01   3.2189017e-01
   1.1120000e+01   3.2196131e-01
   1.1130000e+01   3.2203016e-01
   1.1140000e+01   3.2209675e-01
   1.1150000e+01   3.2216105e-01
   1.1160000e+01   3.2222308e-01
   1.1170000e+01   3.2228284e-01
   1.1180000e+01   3.2234033e-01
   1.1190000e+01   3.2239554e-01
   1.1200000e+01   3.2244849e-01
   1.1210000e+01   3.2249916e-01
   1.1220000e+01   3.2254757e-01
   1.1230000e+01   3.2259371e-01
   1.1240000e+01   3.2263759e-01
   1.1250000e+01   3.2267920e-01
   1.1260000e+01   3.2271855e-01
   1.1270000e+01   3.2275565e-01
   1.1280000e+01   3.2279048e-01
   1.1290000e+01   3.2282305e-01
   1.1300000e+01   3.2285337e-01
   1.1310000e+01   3.2288144e-01
   1.1320000e+01   3.2290725e-01
   1.1330000e+01   3.2293081e-01
   1.1340000e+01   3.2295213e-01
   1.1350000e+01   3.2297119e-01
   1.1360000e+01   3.2298802e-01
   1.1370000e+01   3.2300260e-01
   1.1380000e+01   3.2301494e-01
   1.1390000e+01   3.2302505e-01
   1.1400000e+01   3.2303291e-01
   1.1410000e+01   3.2303855e-01
   1.1420000e+01   3.2304195e-01
   1.1430000e+01   3.2304312e-01
   1.1440000e+01   3.2304207e-01
   1.1450000e+01   3.2303880e-01
   1.1460000e+01   3.2303330e-01
   1.1470000e+01   3.2302558e-01
   1.1480000e+01   3.2301565e-01
   1.1490000e+01   3.2300351e-01
   1.1500000e+01   3.2298915e-01
   1.1510000e+01   3.2297259e-01
   1.1520000e+01   3.2295382e-01
   1.1530000e+01   3.2293285e-01
   1.1540000e+01   3.2290968e-01
   1.1550000e+01   3.2288431e-01
   1.1560000e+01   3.2285676e-01
   1.1570000e+01   3.2282701e-01
   1.1580000e+01   3.2279507e-01
   1.1590000e+01   3.2276096e-01
   1.1600000e+01   3.2272466e-01
   1.1610000e+01   3.2268619e-01
   1.1620000e+01   3.2264554e-01
   1.1630000e+01   3.2260272e-01
   1.1640000e+01   3.2255774e-01
   1.1650000e+01   3.2251059e-01
   1.1660000e+01   3.2246129e-01
   1.1670000e+01   3.2240983e-01
   1.1680000e+01   3.2235621e-01
   1.1690000e+01   3.2230045e-01
   1.1700000e+01   3.2224255e-01
   1.1710000e+01   3.2218250e-01
   1.1720000e+01   3.2212032e-01
   1.1730000e+01   3.2205601e-01
   1.1740000e+01   3.2198957e-01
   1.1750000e+01   3.2192100e-01
   1.1760000e+01   3.2185031e-01
   1.1770000e+01   3.2177751e-01
   1.1780000e+01   3.2170260e-01
   1.1790000e+01   3.2162558e-01
   1.1800000e+01   3.2154645e-01
   1.1810000e+01   3.2146523e-01
   1.1820000e+01   3.2138191e-01
   1.1830000e+01   3.2129651e-01
   1.1840000e+01   3.2120902e-01
   1.1850000e+01   3.2111944e-01
   1.1860000e+01   3.2102780e-01
   1.1870000e+01   3.2093408e-01
   1.1880000e+01   3.2083829e-01
   1.1890000e+01   3.2074045e-01
   1.1900000e+01   3.2064054e-01
   1.1910000e+01   3.2053859e-01
   1.1920000e+01   3.2043458e-01
   1.1930000e+01   3.2032854e-01
   1.1940000e+01   3.2022046e-01
   1.1950000e+01   3.2011035e-01
   1.1960000e+01   3.1999821e-01
   1.1970000e+01   3.1988405e-01
   1.1980000e+01   3.1976787e-01
   1.1990000e+01   3.1964969e-01
   1.2000000e+01   3.1952950e-01
   1.2010000e+01   3.1940730e-01
   1.2020000e+01   3.1928312e-01
   1.2030000e+01   3.1915694e-01
   1.2040000e+01   3.1902879e-01
   1.2050000e+01   3.1889865e-01
   1.2060000e+01   3.1876654e-01
   1.2070000e+01   3.1863247e-01
   1.2080000e+01   3.1849643e-01
   1.2090000e+01   3.1835845e-01
   1.2100000e+01   3.1821851e-01
   1.2110000e+01   3.1807663e-01
   1.2120000e+01   3.1793281e-01
   1.2130000e+01   3.1778706e-01
   1.2140000e+01   3.1763939e-01
   1.2150000e+01   3.1748980e-01
   1.2160000e+01   3.1733829e-01
   1.2170000e+01   3.1718488e-01
   1.2180000e+01   3.1702957e-01
   1.2190000e+01   3.1687237e-01
   1.2200000e+01   3.1671328e-01
   1.2210000e+01   3.1655230e-01
   1.2220000e+01   3.1638946e-01
   1.2230000e+01   3.1622474e-01
   1.2240000e+01   3.1605817e-01
   1.2250000e+01   3.1588974e-01
   1.2260000e+01   3.1571946e-01
   1.2270000e+01   3.1554734e-01
   1.2280000e+01   3.1537338e-01
   1.2290000e+01   3.1519760e-01
   1.2300000e+01   3.1501999e-01
   1.2310000e+01   3.1484058e-01
   1.2320000e+01   3.1465935e-01
   1.2330000e+01   3.1447632e-01
   1.2340000e+01   3.1429151e-01
   1.2350000e+01   3.1410490e-01
   1.2360000e+01   3.1391652e-01
   1.2370000e+01   3.1372636e-01
   1.2380000e+01   3.1353444e-01
   1.2390000e+01   3.1334076e-01
   1.2400000e+01   3.1314533e-01
   1.2410000e+01   3.1294816e-01
   1.2420000e+01   3.1274926e-01
   1.2430000e+01   3.1254862e-01
   1.2440000e+01   3.1234627e-01
   1.2450000e+01   3.1214220e-01
   1.2460000e+01   3.1193643e-01
   1.2470000e+01   3.1172896e-01
   1.2480000e+01   3.1151980e-01
   1.2490000e+01   3.1130895e-01
   1.2500000e+01   3.1109644e-01
   1.2510000e+01   3.1088225e-01
   1.2520000e+01   3.1066641e-01
   1.2530000e+01   3.1044892e-01
   1.2540000e+01   3.1022978e-01
   1.2550000e+01   3.1000901e-01
   1.2560000e+01   3.0978661e-01
   1.2570000e+01   3.0956259e-01
   1.2580000e+01   3.0933697e-01
   1.2590000e+01   3.0910973e-01
   1.2600000e+01   3.0888091e-01
   1.2610000e+01   3.0865050e-01
   1.2620000e+01   3.0841851e-01
   1.2630000e+01   3.0818495e-01
   1.2640000e+01   3.0794983e-01
   1.2650000e+01   3.0771316e-01
   1.2660000e+01   3.0747494e-01
   1.2670000e+01   3.0723518e-01
   1.2680000e+01   3.0699390e-01
   1.2690000e+01   3.0675110e-01
   1.2700000e+01   3.0650680e-01
   1.2710000e+01   3.0626098e-01
   1.2720000e+01   3.0601368e-01
   1.2730000e+01   3.0576489e-01
   1.2740000e+01   3.0551463e-01
   1.2750000e+01   3.0526290e-01
   1.2760000e+01   3.0500971e-01
   1.2770000e+01   3.0475508e-01
   1.2780000e+01   3.0449900e-01
   1.2790000e+01   3.0424150e-01
   1.2800000e+01   3.0398257e-01
   1.2810000e+01   3.0372223e-01
   1.2820000e+01   3.0346049e-01
   1.2830000e+01   3.0319735e-01
   1.2840000e+01   3.0293283e-01
   1.2850000e+01   3.0266693e-01
   1.2860000e+01   3.0239966e-01
   1.2870000e+01   3.0213104e-01
   1.2880000e+01   3.0186107e-01
   1.2890000e+01   3.0158976e-01
   1.2900000e+01   3.0131712e-01
   1.2910000e+01   3.0104317e-01
   1.2920000e+01   3.0076790e-01
   1.2930000e+01   3.0049133e-01
   1.2940000e+01   3.0021347e-01
   1.2950000e+01   2.9993433e-01
   1.2960000e+01   2.9965392e-01
   1.2970000e+01   2.9937224e-01
   1.2980000e+01   2.9908931e-01
   1.2990000e+01   2.9880514e-01
   1.3000000e+01   2.9851974e-01
   1.3010000e+01   2.9823312e-01
   1.3020000e+01   2.9794528e-01
   1.3030000e+01   2.9765623e-01
   1.3040000e+01   2.9736600e-01
   1.3050000e+01   2.9707458e-01
   1.3060000e+01   2.9678199e-01
   1.3070000e+01   2.9648823e-01
   1.3080000e+01   2.9619332e-01
   1.3090000e+01   2.9589727e-01
   1.3100000e+01   2.9560009e-01
   1.3110000e+01   2.9530178e-01
   1.3120000e+01   2.9500236e-01
   1.3130000e+01   2.9470184e-01
   1.3140000e+01   2.9440022e-01
   1.3150000e+01   2.9409753e-01
   1.3160000e+01   2.9379376e-01
   1.3170000e+01   2.9348893e-01
   1.3180000e+01   2.9318305e-01
   1.3190000e+01   2.9287613e-01
   1.3200000e+01   2.9256818e-01
   1.3210000e+01   2.9225921e-01
   1.3220000e+01   2.9194924e-01
   1.3230000e+01   2.9163826e-01
   1.3240000e+01   2.9132630e-01
   1.3250000e+01   2.9101336e-01
   1.3260000e+01   2.9069946e-01
   1.3270000e+01   2.9038460e-01
   1.3280000e+01   2.9006880e-01
   1.3290000e+01   2.8975206e-01
   1.3300000e+01   2.8943440e-01
   1.3310000e+01   2.8911582e-01
   1.3320000e+01   2.8879635e-01
   1.3330000e+01   2.8847598e-01
   1.3340000e+01   2.8815474e-01
   1.3350000e+01   2.8783262e-01
   1.3360000e+01   2.8750965e-01
   1.3370000e+01   2.8718583e-01
   1.3380000e+01   2.8686118e-01
   1.3390000e+01   2.8653570e-01
   1.3400000e+01   2.8620941e-01
   1.3410000e+01   2.8588232e-01
   1.3420000e+01   2.8555443e-01
   1.3430000e+01   2.8522577e-01
   1.3440000e+01   2.8489633e-01
   1.3450000e+01   2.8456614e-01
   1.3460000e+01   2.8423520e-01
   1.3470000e+01   2.8390353e-01
   1.3480000e+01   2.8357114e-01
   1.3490000e+01   2.8323803e-01
   1.3500000e+01   2.8290422e-01
   1.3510000e+01   2.8256972e-01
   1.3520000e+01   2.8223454e-01
   1.3530000e+01   2.8189869e-01
   1.3540000e+01   2.8156219e-01
   1.3550000e+01   2.8122505e-01
   1.3560000e+01   2.8088727e-01
   1.3570000e+01   2.8054888e-01
   1.3580000e+01   2.8020987e-01
   1.3590000e+01   2.7987027e-01
   1.3600000e+01   2.7953007e-01
   1.3610000e+01   2.7918931e-01
   1.3620000e+01   2.7884798e-01
   1.3630000e+01   2.7850610e-01
   1.3640000e+01   2.7816369e-01
   1.3650000e+01   2.7782074e-01
   1.3660000e+01   2.7747728e-01
   1.3670000e+01   2.7713331e-01
   1.3680000e+01   2.7678885e-01
   1.3690000e+01   2.7644392e-01
   1.3700000e+01   2.7609851e-01
   1.3710000e+01   2.7575264e-01
   1.3720000e+01   2.7540633e-01
   1.3730000e+01   2.7505959e-01
   1.3740000e+01   2.7471243e-01
   1.3750000e+01   2.7436486e-01
   1.3760000e+01   2.7401689e-01
   1.3770000e+01   2.7366853e-01
   1.3780000e+01   2.7331980e-01
   1.3790000e+01   2.7297071e-01
   1.3800000e+01   2.7262127e-01
   1.3810000e+01   2.7227149e-01
   1.3820000e+01   2.7192139e-01
   1.3830000e+01   2.7157098e-01
   1.3840000e+01   2.7122026e-01
   1.3850000e+01   2.7086926e-01
   1.3860000e+01   2.7051798e-01
   1.3870000e+01   2.7016643e-01
   1.3880000e+01   2.6981463e-01
   1.3890000e+01   2.6946259e-01
   1.3900000e+01   2.6911033e-01
   1.3910000e+01   2.6875785e-01
   1.3920000e+01   2.6840516e-01
   1.3930000e+01   2.6805229e-01
   1.3940000e+01   2.6769923e-01
   1.3950000e+01   2.6734601e-01
   1.3960000e+01   2.6699263e-01
   1.3970000e+01   2.6663911e-01
   1.3980000e+01   2.6628547e-01
   1.3990000e+01   2.6593170e-01
   1.4000000e+01   2.6557783e-01
   1.4010000e+01   2.6522387e-01
   1.4020000e+01   2.6486983e-01
   1.4030000e+01   2.6451572e-01
   1.4040000e+01   2.6416155e-01
   1.4050000e+01   2.6380734e-01
   1.4060000e+01   2.6345311e-01
   1.4070000e+01   2.6309885e-01
   1.4080000e+01   2.6274459e-01
   1.4090000e+01   2.6239033e-01
   1.4100000e+01   2.6203610e-01
   1.4110000e+01   2.6168189e-01
   1.4120000e+01   2.6132773e-01
   1.4130000e+01   2.6097363e-01
   1.4140000e+01   2.6061960e-01
   1.4150000e+01   2.6026565e-01
   1.4160000e+01   2.5991179e-01
   1.4170000e+01   2.5955805e-01
   1.4180000e+01   2.5920442e-01
   1.4190000e+01   2.5885092e-01
   1.4200000e+01   2.5849757e-01
   1.4210000e+01   2.5814438e-01
   1.4220000e+01   2.5779135e-01
   1.4230000e+01   2.5743852e-01
   1.4240000e+01   2.5708587e-01
   1.4250000e+01   2.5673343e-01
   1.4260000e+01   2.5638122e-01
   1.4270000e+01   2.5602924e-01
   1.4280000e+01   2.5567750e-01
   1.4290000e+01   2.5532603e-01
   1.4300000e+01   2.5497482e-01
   1.4310000e+01   2.5462390e-01
   1.4320000e+01   2.5427328e-01
   1.4330000e+01   2.5392296e-01
   1.4340000e+01   2.5357297e-01
   1.4350000e+01   2.5322331e-01
   1.4360000e+01   2.5287400e-01
   1.4370000e+01   2.5252505e-01
   1.4380000e+01   2.5217648e-01
   1.4390000e+01   2.5182829e-01
   1.4400000e+01   2.5148050e-01
   1.4410000e+01   2.5113312e-01
   1.4420000e+01   2.5078616e-01
   1.4430000e+01   2.5043964e-01
   1.4440000e+01   2.5009357e-01
   1.4450000e+01   2.4974796e-01
   1.4460000e+01   2.4940283e-01
   1.4470000e+01   2.4905819e-01
   1.4480000e+01   2.4871404e-01
   1.4490000e+01   2.4837041e-01
   1.4500000e+01   2.4802731e-01
   1.4510000e+01   2.4768474e-01
   1.4520000e+01   2.4734273e-01
   1.4530000e+01   2.4700128e-01
   1.4540000e+01   2.4666041e-01
   1.4550000e+01   2.4632013e-01
   1.4560000e+01   2.4598045e-01
   1.4570000e+01   2.4564138e-01
   1.4580000e+01   2.4530295e-01
   1.4590000e+01   2.4496515e-01
   1.4600000e+01   2.4462801e-01
   1.4610000e+01   2.4429154e-01
   1.4620000e+01   2.4395574e-01
   1.4630000e+01   2.4362064e-01
   1.4640000e+01   2.4328624e-01
   1.4650000e+01   2.4295256e-01
   1.4660000e+01   2.4261960e-01
   1.4670000e+01   2.4228740e-01
   1.4680000e+01   2.4195594e-01
   1.4690000e+01   2.4162526e-01
   1.4700000e+01   2.4129536e-01
   1.4710000e+01   2.4096625e-01
   1.4720000e+01   2.4063794e-01
   1.4730000e+01   2.4031046e-01
   1.4740000e+01   2.3998381e-01
   1.4750000e+01   2.3965800e-01
   1.4760000e+01   2.3933305e-01
   1.4770000e+01   2.3900897e-01
   1.4780000e+01   2.3868578e-01
   1.4790000e+01   2.3836348e-01
   1.4800000e+01   2.3804209e-01
   1.4810000e+01   2.3772162e-01
   1.4820000e+01   2.3740208e-01
   1.4830000e+01   2.3708349e-01
   1.4840000e+01   2.3676585e-01
   1.4850000e+01   2.3644919e-01
   1.4860000e+01   2.3613352e-01
   1.4870000e+01   2.3581884e-01
   1.4880000e+01   2.3550517e-01
   1.4890000e+01   2.3519252e-01
   1.4900000e+01   2.3488090e-01
   1.4910000e+01   2.3457034e-01
   1.4920000e+01   2.3426083e-01
   1.4930000e+01   2.3395239e-01
   1.4940000e+01   2.3364504e-01
   1.4950000e+01   2.3333879e-01
   1.4960000e+01   2.3303365e-01
   1.4970000e+01   2.3272963e-01
   1.4980000e+01   2.3242675e-01
   1.4990000e+01   2.3212501e-01
   1.5000000e+01   2.3182443e-01
   1.5010000e+01   2.3152503e-01
   1.5020000e+01   2.3122681e-01
   1.5030000e+01   2.3092979e-01
   1.5040000e+01   2.3063398e-01
   1.5050000e+01   2.3033939e-01
   1.5060000e+01   2.3004604e-01
   1.5070000e+01   2.2975393e-01
   1.5080000e+01   2.2946308e-01
   1.5090000e+01   2.2917351e-01
   1.5100000e+01   2.2888522e-01
   1.5110000e+01   2.2859822e-01
   1.5120000e+01   2.2831254e-01
   1.5130000e+01   2.2802817e-01
   1.5140000e+01   2.2774514e-01
   1.5150000e+01   2.2746346e-01
   1.5160000e+01   2.2718314e-01
   1.5170000e+01   2.2690418e-01
   1.5180000e+01   2.2662661e-01
   1.5190000e+01   2.2635043e-01
   1.5200000e+01   2.2607566e-01
   1.5210000e+01   2.2580231e-01
   1.5220000e+01   2.2553039e-01
   1.5230000e+01   2.2525992e-01
   1.5240000e+01   2.2499090e-01
   1.5250000e+01   2.2472335e-01
   1.5260000e+01   2.2445728e-01
   1.5270000e+01   2.2419270e-01
   1.5280000e+01   2.2392963e-01
   1.5290000e+01   2.2366807e-01
   1.5300000e+01   2.2340804e-01
   1.5310000e+01   2.2314955e-01
   1.5320000e+01   2.2289262e-01
   1.5330000e+01   2.2263725e-01
   1.5340000e+01   2.2238345e-01
   1.5350000e+01   2.2213125e-01
   1.5360000e+01   2.2188064e-01
   1.5370000e+01   2.2163164e-01
   1.5380000e+01   2.2138427e-01
   1.5390000e+01   2.2113854e-01
   1.5400000e+01   2.2089445e-01
   1.5410000e+01   2.2065202e-01
   1.5420000e+01   2.2041127e-01
   1.5430000e+01   2.2017219e-01
   1.5440000e+01   2.1993482e-01
   1.5450000e+01   2.1969914e-01
   1.5460000e+01   2.1946519e-01
   1.5470000e+01   2.1923296e-01
   1.5480000e+01   2.1900248e-01
   1.5490000e+01   2.1877375e-01
   1.5500000e+01   2.1854679e-01
   1.5510000e+01   2.1832160e-01
   1.5520000e+01   2.1809820e-01
   1.5530000e+01   2.1787659e-01
   1.5540000e+01   2.1765680e-01
   1.5550000e+01   2.1743883e-01
   1.5560000e+01   2.1722270e-01
   1.5570000e+01   2.1700841e-01
   1.5580000e+01   2.1679597e-01
   1.5590000e+01   2.1658541e-01
   1.5600000e+01   2.1637672e-01
   1.5610000e+01   2.1616993e-01
   1.5620000e+01   2.1596503e-01
   1.5630000e+01   2.1576205e-01
   1.5640000e+01   2.1556099e-01
   1.5650000e+01   2.1536187e-01
   1.5660000e+01   2.1516470e-01
   1.5670000e+01   2.1496948e-01
   1.5680000e+01   2.1477623e-01
   1.5690000e+01   2.1458496e-01
   1.5700000e+01   2.1439569e-01
   1.5710000e+01   2.1420841e-01
   1.5720000e+01   2.1402315e-01
   1.5730000e+01   2.1383991e-01
   1.5740000e+01   2.1365871e-01
   1.5750000e+01   2.1347955e-01
   1.5760000e+01   2.1330245e-01
   1.5770000e+01   2.1312742e-01
   1.5780000e+01   2.1295446e-01
   1.5790000e+01   2.1278360e-01
   1.5800000e+01   2.1261483e-01
   1.5810000e+01   2.1244818e-01
   1.5820000e+01   2.1228364e-01
   1.5830000e+01   2.1212124e-01
   1.5840000e+01   2.1196098e-01
   1.5850000e+01   2.1180288e-01
   1.5860000e+01   2.1164694e-01
   1.5870000e+01   2.1149317e-01
   1.5880000e+01   2.1134159e-01
   1.5890000e+01   2.1119220e-01
   1.5900000e+01   2.1104502e-01
   1.5910000e+01   2.1090005e-01
   1.5920000e+01   2.1075731e-01
   1.5930000e+01   2.1061681e-01
   1.5940000e+01   2.1047856e-01
   1.5950000e+01   2.1034256e-01
   1.5960000e+01   2.1020883e-01
   1.5970000e+01   2.1007738e-01
   1.5980000e+01   2.0994821e-01
   1.5990000e+01   2.0982135e-01
   1.6000000e+01   2.0969679e-01
   1.6010000e+01   2.0957455e-01
   1.6020000e+01   2.0945463e-01
   1.6030000e+01   2.0933706e-01
   1.6040000e+01   2.0922183e-01
   1.6050000e+01   2.0910896e-01
   1.6060000e+01   2.0899846e-01
   1.6070000e+01   2.0889034e-01
   1.6080000e+01   2.0878460e-01
   1.6090000e+01   2.0868126e-01
   1.6100000e+01   2.0858033e-01
   1.6110000e+01   2.0848182e-01
   1.6120000e+01   2.0838573e-01
   1.6130000e+01   2.0829207e-01
   1.6140000e+01   2.0820086e-01
   1.6150000e+01   2.0811211e-01
   1.6160000e+01   2.0802582e-01
   1.6170000e+01   2.0794200e-01
   1.6180000e+01   2.0786067e-01
   1.6190000e+01   2.0778183e-01
   1.6200000e+01   2.0770549e-01
   1.6210000e+01   2.0763166e-01
   1.6220000e+01   2.0756035e-01
   1.6230000e+01   2.0749157e-01
   1.6240000e+01   2.0742533e-01
   1.6250000e+01   2.0736164e-01
   1.6260000e+01   2.0730050e-01
   1.6270000e+01   2.0724193e-01
   1.6280000e+01   2.0718594e-01
   1.6290000e+01   2.0713252e-01
   1.6300000e+01   2.0708170e-01
   1.6310000e+01   2.0703348e-01
   1.6320000e+01   2.0698787e-01
   1.6330000e+01   2.0694488e-01
   1.6340000e+01   2.0690452e-01
   1.6350000e+01   2.0686680e-01
   1.6360000e+01   2.0683172e-01
   1.6370000e+01   2.0679929e-01
   1.6380000e+01   2.0676952e-01
   1.6390000e+01   2.0674243e-01
   1.6400000e+01   2.0671801e-01
   1.6410000e+01   2.0669628e-01
   1.6420000e+01   2.0667725e-01
   1.6430000e+01   2.0666092e-01
   1.6440000e+01   2.0664731e-01
   1.6450000e+01   2.0663641e-01
   1.6460000e+01   2.0662824e-01
   1.6470000e+01   2.0662282e-01
   1.6480000e+01   2.0662013e-01
   1.6490000e+01   2.0662020e-01
   1.6500000e+01   2.0662303e-01
   1.6510000e+01   2.0662863e-01
   1.6520000e+01   2.0663700e-01
   1.6530000e+01   2.0664817e-01
   1.6540000e+01   2.0666212e-01
   1.6550000e+01   2.0667887e-01
   1.6560000e+01   2.0669844e-01
   1.6570000e+01   2.0672081e-01
   1.6580000e+01   2.0674602e-01
   1.6590000e+01   2.0677405e-01
   1.6600000e+01   2.0680492e-01
   1.6610000e+01   2.0683864e-01
   1.6620000e+01   2.0687521e-01
   1.6630000e+01   2.0691464e-01
   1.6640000e+01   2.0695694e-01
   1.6650000e+01   2.0700212e-01
   1.6660000e+01   2.0705018e-01
   1.6670000e+01   2.0710113e-01
   1.6680000e+01   2.0715497e-01
   1.6690000e+01   2.0721172e-01
   1.6700000e+01   2.0727138e-01
   1.6710000e+01   2.0733396e-01
   1.6720000e+01   2.0739947e-01
   1.6730000e+01   2.0746791e-01
   1.6740000e+01   2.0753928e-01
   1.6750000e+01   2.0761360e-01
   1.6760000e+01   2.0769088e-01
   1.6770000e+01   2.0777111e-01
   1.6780000e+01   2.0785431e-01
   1.6790000e+01   2.0794049e-01
   1.6800000e+01   2.0802964e-01
   1.6810000e+01   2.0812177e-01
   1.6820000e+01   2.0821690e-01
   1.6830000e+01   2.0831503e-01
   1.6840000e+01   2.0841616e-01
   1.6850000e+01   2.0852030e-01
   1.6860000e+01   2.0862746e-01
   1.6870000e+01   2.0873765e-01
   1.6880000e+01   2.0885086e-01
   1.6890000e+01   2.0896711e-01
   1.6900000e+01   2.0908640e-01
   1.6910000e+01   2.0920873e-01
   1.6920000e+01   2.0933412e-01
   1.6930000e+01   2.0946257e-01
   1.6940000e+01   2.0959409e-01
   1.6950000e+01   2.0972867e-01
   1.6960000e+01   2.0986634e-01
   1.6970000e+01   2.1000708e-01
   1.6980000e+01   2.1015091e-01
   1.6990000e+01   2.1029784e-01
   1.7000000e+01   2.1044786e-01
   1.7010000e+01   2.1060099e-01
   1.7020000e+01   2.1075723e-01
   1.7030000e+01   2.1091658e-01
   1.7040000e+01   2.1107906e-01
   1.7050000e+01   2.1124466e-01
   1.7060000e+01   2.1141338e-01
   1.7070000e+01   2.1158525e-01
   1.7080000e+01   2.1176025e-01
   1.7090000e+01   2.1193841e-01
   1.7100000e+01   2.1211971e-01
   1.7110000e+01   2.1230417e-01
   1.7120000e+01   2.1249178e-01
   1.7130000e+01   2.1268257e-01
   1.7140000e+01   2.1287652e-01
   1.7150000e+01   2.1307364e-01
   1.7160000e+01   2.1327395e-01
   1.7170000e+01   2.1347744e-01
   1.7180000e+01   2.1368412e-01
   1.7190000e+01   2.1389399e-01
   1.7200000e+01   2.1410706e-01
   1.7210000e+01   2.1432332e-01
   1.7220000e+01   2.1454280e-01
   1.7230000e+01   2.1476548e-01
   1.7240000e+01   2.1499138e-01
   1.7250000e+01   2.1522049e-01
   1.7260000e+01   2.1545283e-01
   1.7270000e+01   2.1568839e-01
   1.7280000e+01   2.1592718e-01
   1.7290000e+01   2.1616921e-01
   1.7300000e+01   2.1641447e-01
   1.7310000e+01   2.1666298e-01
   1.7320000e+01   2.1691473e-01
   1.7330000e+01   2.1716973e-01
   1.7340000e+01   2.1742798e-01
   1.7350000e+01   2.1768948e-01
   1.7360000e+01   2.1795425e-01
   1.7370000e+01   2.1822227e-01
   1.7380000e+01   2.1849357e-01
   1.7390000e+01   2.1876813e-01
   1.7400000e+01   2.1904596e-01
   1.7410000e+01   2.1932707e-01
   1.7420000e+01   2.1961146e-01
   1.7430000e+01   2.1989913e-01
   1.7440000e+01   2.2019008e-01
   1.7450000e+01   2.2048432e-01
   1.7460000e+01   2.2078186e-01
   1.7470000e+01   2.2108268e-01
   1.7480000e+01   2.2138680e-01
   1.7490000e+01   2.2169422e-01
   1.7500000e+01   2.2200494e-01
   1.7510000e+01   2.2231896e-01
   1.7520000e+01   2.2263629e-01
   1.7530000e+01   2.2295693e-01
   1.7540000e+01   2.2328088e-01
   1.7550000e+01   2.2360814e-01
   1.7560000e+01   2.2393872e-01
   1.7570000e+01   2.2427262e-01
   1.7580000e+01   2.2460983e-01
   1.7590000e+01   2.2495037e-01
   1.7600000e+01   2.2529423e-01
   1.7610000e+01   2.2564142e-01
   1.7620000e+01   2.2599194e-01
   1.7630000e+01   2.2634578e-01
   1.7640000e+01   2.2670296e-01
   1.7650000e+01   2.2706347e-01
   1.7660000e+01   2.2742732e-01
   1.7670000e+01   2.2779450e-01
   1.7680000e+01   2.2816502e-01
   1.7690000e+01   2.2853888e-01
   1.7700000e+01   2.2891608e-01
   1.7710000e+01   2.2929662e-01
   1.7720000e+01   2.2968051e-01
   1.7730000e+01   2.3006774e-01
   1.7740000e+01   2.3045832e-01
   1.7750000e+01   2.3085224e-01
   1.7760000e+01   2.3124951e-01
   1.7770000e+01   2.3165013e-01
   1.7780000e+01   2.3205410e-01
   1.7790000e+01   2.3246143e-01
   1.7800000e+01   2.3287210e-01
   1.7810000e+01   2.3328613e-01
   1.7820000e+01   2.3370351e-01
   1.7830000e+01   2.3412424e-01
   1.7840000e+01   2.3454833e-01
   1.7850000e+01   2.3497577e-01
   1.7860000e+01   2.3540657e-01
   1.7870000e+01   2.3584072e-01
   1.7880000e+01   2.3627823e-01
   1.7890000e+01   2.3671909e-01
   1.7900000e+01   2.3716332e-01
   1.7910000e+01   2.3761089e-01
   1.7920000e+01   2.3806183e-01
   1.7930000e+01   2.3851612e-01
   1.7940000e+01   2.3897377e-01
   1.7950000e+01   2.3943477e-01
   1.7960000e+01   2.3989913e-01
   1.7970000e+01   2.4036684e-01
   1.7980000e+01   2.4083792e-01
   1.7990000e+01   2.4131234e-01
   1.8000000e+01   2.4179012e-01
   1.8010000e+01   2.4227126e-01
   1.8020000e+01   2.4275575e-01
   1.8030000e+01   2.4324359e-01
   1.8040000e+01   2.4373478e-01
   1.8050000e+01   2.4422933e-01
   1.8060000e+01   2.4472723e-01
   1.8070000e+01   2.4522848e-01
   1.8080000e+01   2.4573307e-01
   1.8090000e+01   2.4624102e-01
   1.8100000e+01   2.4675231e-01
   1.8110000e+01   2.4726694e-01
   1.8120000e+01   2.4778493e-01
   1.8130000e+01   2.4830625e-01
   1.8140000e+01   2.4883092e-01
   1.8150000e+01   2.4935893e-01
   1.8160000e+01   2.4989027e-01
   1.8170000e+01   2.5042496e-01
   1.8180000e+01   2.5096298e-01
   1.8190000e+01   2.5150434e-01
   1.8200000e+01   2.5204903e-01
   1.8210000e+01   2.5259705e-01
   1.8220000e+01   2.5314840e-01
   1.8230000e+01   2.5370307e-01
   1.8240000e+01   2.5426108e-01
   1.8250000e+01   2.5482241e-01
   1.8260000e+01   2.5538705e-01
   1.8270000e+01   2.5595502e-01
   1.8280000e+01   2.5652631e-01
   1.8290000e+01   2.5710091e-01
   1.8300000e+01   2.5767882e-01
   1.8310000e+01   2.5826005e-01
   1.8320000e+01   2.5884458e-01
   1.8330000e+01   2.5943241e-01
   1.8340000e+01   2.6002356e-01
   1.8350000e+01   2.6061800e-01
   1.8360000e+01   2.6121573e-01
   1.8370000e+01   2.6181677e-01
   1.8380000e+01   2.6242109e-01
   1.8390000e+01   2.6302871e-01
   1.8400000e+01   2.6363961e-01
   1.8410000e+01   2.6425379e-01
   1.8420000e+01   2.6487126e-01
   1.8430000e+01   2.6549200e-01
   1.8440000e+01   2.6611602e-01
   1.8450000e+01   2.6674331e-01
   1.8460000e+01   2.6737386e-01
   1.8470000e+01   2.6800768e-01
   1.8480000e+01   2.6864476e-01
   1.8490000e+01   2.6928510e-01
   1.8500000e+01   2.6992869e-01
   1.8510000e+01   2.7057553e-01
   1.8520000e+01   2.7122562e-01
   1.8530000e+01   2.7187895e-01
   1.8540000e+01   2.7253552e-01
   1.8550000e+01   2.7319533e-01
   1.8560000e+01   2.7385836e-01
   1.8570000e+01   2.7452463e-01
   1.8580000e+01   2.7519412e-01
   1.8590000e+01   2.7586682e-01
   1.8600000e+01   2.7654274e-01
   1.8610000e+01   2.7722188e-01
   1.8620000e+01   2.7790422e-01
   1.8630000e+01   2.7858976e-01
   1.8640000e+01   2.7927850e-01
   1.8650000e+01   2.7997043e-01
   1.8660000e+01   2.8066555e-01
   1.8670000e+01   2.8136386e-01
   1.8680000e+01   2.8206535e-01
   1.8690000e+01   2.8277001e-01
   1.8700000e+01   2.8347784e-01
   1.8710000e+01   2.8418884e-01
   1.8720000e+01   2.8490300e-01
   1.8730000e+01   2.8562031e-01
   1.8740000e+01   2.8634078e-01
   1.8750000e+01   2.8706439e-01
   1.8760000e+01   2.8779114e-01
   1.8770000e+01   2.8852103e-01
   1.8780000e+01   2.8925404e-01
   1.8790000e+01   2.8999019e-01
   1.8800000e+01   2.9072945e-01
   1.8810000e+01   2.9147183e-01
   1.8820000e+01   2.9221731e-01
   1.8830000e+01   2.9296590e-01
   1.8840000e+01   2.9371758e-01
   1.8850000e+01   2.9447236e-01
   1.8860000e+01   2.9523023e-01
   1.8870000e+01   2.9599117e-01
   1.8880000e+01   2.9675519e-01
   1.8890000e+01   2.9752228e-01
   1.8900000e+01   2.9829243e-01
   1.8910000e+01   2.9906564e-01
   1.8920000e+01   2.9984190e-01
   1.8930000e+01   3.0062120e-01
   1.8940000e+01   3.0140354e-01
   1.8950000e+01   3.0218892e-01
   1.8960000e+01   3.0297732e-01
   1.8970000e+01   3.0376874e-01
   1.8980000e+01   3.0456318e-01
   1.8990000e+01   3.0536062e-01
   1.9000000e+01   3.0616106e-01
   1.9010000e+01   3.0696449e-01
   1.9020000e+01   3.0777092e-01
   1.9030000e+01   3.0858032e-01
   1.9040000e+01   3.0939270e-01
   1.9050000e+01   3.1020804e-01
   1.9060000e+01   3.1102635e-01
   1.9070000e+01   3.1184761e-01
   1.9080000e+01   3.1267181e-01
   1.9090000e+01   3.1349896e-01
   1.9100000e+01   3.1432903e-01
   1.9110000e+01   3.1516203e-01
   1.9120000e+01   3.1599795e-01
   1.9130000e+01   3.1683678e-01
   1.9140000e+01   3.1767852e-01
   1.9150000e+01   3.1852315e-01
   1.9160000e+01   3.1937066e-01
   1.9170000e+01   3.2022106e-01
   1.9180000e+01   3.2107434e-01
   1.9190000e+01   3.2193048e-01
   1.9200000e+01   3.2278947e-01
   1.9210000e+01   3.2365132e-01
   1.9220000e+01   3.2451601e-01
   1.9230000e+01   3.2538354e-01
   1.9240000e+01   3.2625389e-01
   1.9250000e+01   3.2712707e-01
   1.9260000e+01   3.2800305e-01
   1.9270000e+01   3.2888184e-01
   1.9280000e+01   3.2976343e-01
   1.9290000e+01   3.3064780e-01
   1.9300000e+01   3.3153495e-01
   1.9310000e+01   3.3242487e-01
   1.9320000e+01   3.3331756e-01
   1.9330000e+01   3.3421300e-01
   1.9340000e+01   3.3511118e-01
   1.9350000e+01   3.3601211e-01
   1.9360000e+01   3.3691576e-01
   1.9370000e+01   3.3782213e-01
   1.9380000e+01   3.3873122e-01
   1.9390000e+01   3.3964301e-01
   1.9400000e+01   3.4055749e-01
   1.9410000e+01   3.4147466e-01
   1.9420000e+01   3.4239451e-01
   1.9430000e+01   3.4331702e-01
   1.9440000e+01   3.4424220e-01
   1.9450000e+01   3.4517002e-01
   1.9460000e+01   3.4610049e-01
   1.9470000e+01   3.4703359e-01
   1.9480000e+01   3.4796931e-01
   1.9490000e+01   3.4890765e-01
   1.9500000e+01   3.4984859e-01
   1.9510000e+01   3.5079212e-01
   1.9520000e+01   3.5173825e-01
   1.9530000e+01   3.5268695e-01
   1.9540000e+01   3.5363822e-01
   1.9550000e+01   3.5459205e-01
   1.9560000e+01   3.5554842e-01
   1.9570000e+01   3.5650734e-01
   1.9580000e+01   3.5746879e-01
   1.9590000e+01   3.5843275e-01
   1.9600000e+01   3.5939923e-01
   1.9610000e+01   3.6036820e-01
   1.9620000e+01   3.6133967e-01
   1.9630000e+01   3.6231362e-01
   1.9640000e+01   3.6329004e-01
   1.9650000e+01   3.6426892e-01
   1.9660000e+01   3.6525026e-01
   1.9670000e+01   3.6623403e-01
   1.9680000e+01   3.6722024e-01
   1.9690000e+01   3.6820886e-01
   1.9700000e+01   3.6919990e-01
   1.9710000e+01   3.7019334e-01
   1.9720000e+01   3.7118917e-01
   1.9730000e+01   3.7218738e-01
   1.9740000e+01   3.7318796e-01
   1.9750000e+01   3.7419090e-01
   1.9760000e+01   3.7519618e-01
   1.9770000e+01   3.7620381e-01
   1.9780000e+01   3.7721377e-01
   1.9790000e+01   3.7822604e-01
   1.9800000e+01   3.7924062e-01
   1.9810000e+01   3.8025750e-01
   1.9820000e+01   3.8127666e-01
   1.9830000e+01   3.8229810e-01
   1.9840000e+01   3.8332180e-01
   1.9850000e+01   3.8434775e-01
   1.9860000e+01   3.8537595e-01
   1.9870000e+01   3.8640638e-01
   1.9880000e+01   3.8743903e-01
   1.9890000e+01   3.8847389e-01
   1.9900000e+01   3.8951094e-01
   1.9910000e+01   3.9055019e-01
   1.9920000e+01   3.9159161e-01
   1.9930000e+01   3.9263520e-01
   1.9940000e+01   3.9368094e-01
   1.9950000e+01   3.9472883e-01
   1.9960000e+01   3.9577884e-01
   1.9970000e+01   3.9683098e-01
   1.9980000e+01   3.9788523e-01
   1.9990000e+01   3.9894157e-01
   2.0000000e+01   4.0000000e-01
   2.0010000e+01   4.0106050e-01
   2.0020000e+01   4.0212307e-01
   2.0030000e+01   4.0318769e-01
   2.0040000e+01   4.0425435e-01
   2.0050000e+01   4.0532304e-01
   2.0060000e+01   4.0639374e-01
   2.0070000e+01   4.0746645e-01
   2.0080000e+01   4.0854116e-01
   2.0090000e+01   4.0961784e-01
   2.0100000e+01   4.1069650e-01
   2.0110000e+01   4.1177711e-01
   2.0120000e+01   4.1285967e-01
   2.0130000e+01   4.1394416e-01
   2.0140000e+01   4.1503057e-01
   2.0150000e+01   4.1611890e-01
   2.0160000e+01   4.1720912e-01
   2.0170000e+01   4.1830123e-01
   2.0180000e+01   4.1939521e-01
   2.0190000e+01   4.2049106e-01
   2.0200000e+01   4.2158875e-01
   2.0210000e+01   4.2268828e-01
   2.0220000e+01   4.2378964e-01
   2.0230000e+01   4.2489281e-01
   2.0240000e+01   4.2599778e-01
   2.0250000e+01   4.2710454e-01
   2.0260000e+01   4.2821308e-01
   2.0270000e+01   4.2932337e-01
   2.0280000e+01   4.3043542e-01
   2.0290000e+01   4.3154921e-01
   2.0300000e+01   4.3266473e-01
   2.0310000e+01   4.3378196e-01
   2.0320000e+01   4.3490088e-01
   2.0330000e+01   4.3602150e-01
   2.0340000e+01   4.3714379e-01
   2.0350000e+01   4.3826775e-01
   2.0360000e+01   4.3939336e-01
   2.0370000e+01   4.4052060e-01
   2.0380000e+01   4.4164947e-01
   2.0390000e+01   4.4277995e-01
   2.0400000e+01   4.4391203e-01
   2.0410000e+01   4.4504570e-01
   2.0420000e+01   4.4618094e-01
   2.0430000e+01   4.4731775e-01
   2.0440000e+01   4.4845610e-01
   2.0450000e+01   4.4959598e-01
   2.0460000e+01   4.5073739e-01
   2.0470000e+01   4.5188031e-01
   2.0480000e+01   4.5302472e-01
   2.0490000e+01   4.5417061e-01
   2.0500000e+01   4.5531798e-01
   2.0510000e+01   4.5646680e-01
   2.0520000e+01   4.5761706e-01
   2.0530000e+01   4.5876876e-01
   2.0540000e+01   4.5992187e-01
   2.0550000e+01   4.6107639e-01
   2.0560000e+01   4.6223230e-01
   2.0570000e+01   4.6338958e-01
   2.0580000e+01   4.6454823e-01
   2.0590000e+01   4.6570823e-01
   2.0600000e+01   4.6686957e-01
   2.0610000e+01   4.6803223e-01
   2.0620000e+01   4.6919620e-01
   2.0630000e+01   4.7036147e-01
   2.0640000e+01   4.7152803e-01
   2.0650000e+01   4.7269585e-01
   2.0660000e+01   4.7386493e-01
   2.0670000e+01   4.7503526e-01
   2.0680000e+01   4.7620681e-01
   2.0690000e+01   4.7737959e-01
   2.0700000e+01   4.7855356e-01
   2.0710000e+01   4.7972873e-01
   2.0720000e+01   4.8090507e-01
   2.0730000e+01   4.8208257e-01
   2.0740000e+01   4.8326122e-01
   2.0750000e+01   4.8444101e-01
   2.0760000e+01   4.8562191e-01
   2.0770000e+01   4.8680393e-01
   2.0780000e+01   4.8798704e-01
   2.0790000e+01   4.8917123e-01
   2.0800000e+01   4.9035648e-01
   2.0810000e+01   4.9154279e-01
   2.0820000e+01   4.9273014e-01
   2.0830000e+01   4.9391851e-01
   2.0840000e+01   4.9510789e-01
   2.0850000e+01   4.9629827e-01
   2.0860000e+01   4.9748964e-01
   2.0870000e+01   4.9868197e-01
   2.0880000e+01   4.9987526e-01
   2.0890000e+01   5.0106949e-01
   2.0900000e+01   5.0226465e-01
   2.0910000e+01   5.0346072e-01
   2.0920000e+01   5.0465770e-01
   2.0930000e+01   5.0585556e-01
   2.0940000e+01   5.0705429e-01
   2.0950000e+01   5.0825388e-01
   2.0960000e+01   5.0945431e-01
   2.0970000e+01   5.1065558e-01
   2.0980000e+01   5.1185766e-01
   2.0990000e+01   5.1306054e-01
   2.1000000e+01   5.1426421e-01
   2.1010000e+01   5.1546866e-01
   2.1020000e+01   5.1667386e-01
   2.1030000e+01   5.1787982e-01
   2.1040000e+01   5.1908650e-01
   2.1050000e+01   5.2029390e-01
   2.1060000e+01   5.2150201e-01
   2.1070000e+01   5.2271080e-01
   2.1080000e+01   5.2392027e-01
   2.1090000e+01   5.2513040e-01
   2.1100000e+01   5.2634118e-01
   2.1110000e+01   5.2755259e-01
   2.1120000e+01   5.2876462e-01
   2.1130000e+01   5.2997726e-01
   2.1140000e+01   5.3119048e-01
   2.1150000e+01   5.3240428e-01
   2.1160000e+01   5.3361865e-01
   2.1170000e+01   5.3483356e-01
   2.1180000e+01   5.3604901e-01
   2.1190000e+01   5.3726497e-01
   2.1200000e+01   5.3848144e-01
   2.1210000e+01   5.3969840e-01
   2.1220000e+01   5.4091584e-01
   2.1230000e+01   5.4213374e-01
   2.1240000e+01   5.4335209e-01
   2.1250000e+01   5.4457088e-01
   2.1260000e+01   5.4579008e-01
   2.1270000e+01   5.4700969e-01
   2.1280000e+01   5.4822970e-01
   2.1290000e+01   5.4945007e-01
   2.1300000e+01   5.5067082e-01
   2.1310000e+01   5.5189191e-01
   2.1320000e+01   5.5311333e-01
   2.1330000e+01   5.5433508e-01
   2.1340000e+01   5.5555713e-01
   2.1350000e+01   5.5677947e-01
   2.1360000e+01   5.5800209e-01
   2.1370000e+01   5.5922498e-01
   2.1380000e+01   5.6044811e-01
   2.1390000e+01   5.6167148e-01
   2.1400000e+01   5.6289507e-01
   2.1410000e+01   5.6411886e-01
   2.1420000e+01   5.6534285e-01
   2.1430000e+01   5.6656701e-01
   2.1440000e+01   5.6779134e-01
   2.1450000e+01   5.6901582e-01
   2.1460000e+01   5.7024043e-01
   2.1470000e+01   5.7146516e-01
   2.1480000e+01   5.7269000e-01
   2.1490000e+01   5.7391493e-01
   2.1500000e+01   5.7513994e-01
   2.1510000e+01   5.7636501e-01
   2.1520000e+01   5.7759014e-01
   2.1530000e+01   5.7881529e-01
   2.1540000e+01   5.8004047e-01
   2.1550000e+01   5.8126566e-01
   2.1560000e+01   5.8249084e-01
   2.1570000e+01   5.8371600e-01
   2.1580000e+01   5.8494112e-01
   2.1590000e+01   5.8616619e-01
   2.1600000e+01   5.8739120e-01
   2.1610000e+01   5.8861613e-01
   2.1620000e+01   5.8984097e-01
   2.1630000e+01   5.9106570e-01
   2.1640000e+01   5.9229031e-01
   2.1650000e+01   5.9351479e-01
   2.1660000e+01   5.9473911e-01
   2.1670000e+01   5.9596328e-01
   2.1680000e+01   5.9718726e-01
   2.1690000e+01   5.9841106e-01
   2.1700000e+01   5.9963465e-01
   2.1710000e+01   6.0085802e-01
   2.1720000e+01   6.0208116e-01
   2.1730000e+01   6.0330405e-01
   2.1740000e+01   6.0452668e-01
   2.1750000e+01   6.0574903e-01
   2.1760000e+01   6.0697110e-01
   2.1770000e+01   6.0819286e-01
   2.1780000e+01   6.0941430e-01
   2.1790000e+01   6.1063541e-01
   2.1800000e+01   6.1185618e-01
   2.1810000e+01   6.1307659e-01
   2.1820000e+01   6.1429662e-01
   2.1830000e+01   6.1551626e-01
   2.1840000e+01   6.1673551e-01
   2.1850000e+01   6.1795434e-01
   2.1860000e+01   6.1917274e-01
   2.1870000e+01   6.2039070e-01
   2.1880000e+01   6.2160820e-01
   2.1890000e+01   6.2282523e-01
   2.1900000e+01   6.2404178e-01
   2.1910000e+01   6.2525783e-01
   2.1920000e+01   6.2647336e-01
   2.1930000e+01   6.2768837e-01
   2.1940000e+01   6.2890285e-01
   2.1950000e+01   6.3011676e-01
   2.1960000e+01   6.3133012e-01
   2.1970000e+01   6.3254289e-01
   2.1980000e+01   6.3375506e-01
   2.1990000e+01   6.3496663e-01
   2.2000000e+01   6.3617758e-01
   2.2010000e+01   6.3738789e-01
   2.2020000e+01   6.3859756e-01
   2.2030000e+01   6.3980656e-01
   2.2040000e+01   6.4101489e-01
   2.2050000e+01   6.4222252e-01
   2.2060000e+01   6.4342946e-01
   2.2070000e+01   6.4463568e-01
   2.2080000e+01   6.4584116e-01
   2.2090000e+01   6.4704591e-01
   2.2100000e+01   6.4824990e-01
   2.2110000e+01   6.4945312e-01
   2.2120000e+01   6.5065555e-01
   2.2130000e+01   6.5185719e-01
   2.2140000e+01   6.5305802e-01
   2.2150000e+01   6.5425802e-01
   2.2160000e+01   6.5545719e-01
   2.2170000e+01   6.5665551e-01
   2.2180000e+01   6.5785296e-01
   2.2190000e+01   6.5904954e-01
   2.2200000e+01   6.6024523e-01
   2.2210000e+01   6.6144002e-01
   2.2220000e+01   6.6263389e-01
   2.2230000e+01   6.6382684e-01
   2.2240000e+01   6.6501884e-01
   2.2250000e+01   6.6620988e-01
   2.2260000e+01   6.6739996e-01
   2.2270000e+01   6.6858906e-01
   2.2280000e+01   6.6977716e-01
   2.2290000e+01   6.7096426e-01
   2.2300000e+01   6.7215033e-01
   2.2310000e+01   6.7333538e-01
   2.2320000e+01   6.7451938e-01
   2.2330000e+01   6.7570232e-01
   2.2340000e+01   6.7688419e-01
   2.2350000e+01   6.7806497e-01
   2.2360000e+01   6.7924466e-01
   2.2370000e+01   6.8042324e-01
   2.2380000e+01   6.8160070e-01
   2.2390000e+01   6.8277702e-01
   2.2400000e+01   6.8395220e-01
   2.2410000e+01   6.8512622e-01
   2.2420000e+01   6.8629906e-01
   2.2430000e+01   6.8747072e-01
   2.2440000e+01   6.8864119e-01
   2.2450000e+01   6.8981044e-01
   2.2460000e+01   6.9097847e-01
   2.2470000e+01   6.9214527e-01
   2.2480000e+01   6.9331082e-01
   2.2490000e+01   6.9447511e-01
   2.2500000e+01   6.9563813e-01
   2.2510000e+01   6.9679987e-01
   2.2520000e+01   6.9796031e-01
   2.2530000e+01   6.9911945e-01
   2.2540000e+01   7.0027726e-01
   2.2550000e+01   7.0143374e-01
   2.2560000e+01   7.0258888e-01
   2.2570000e+01   7.0374266e-01
   2.2580000e+01   7.0489507e-01
   2.2590000e+01   7.0604611e-01
   2.2600000e+01   7.0719575e-01
   2.2610000e+01   7.0834399e-01
   2.2620000e+01   7.0949081e-01
   2.2630000e+01   7.1063620e-01
   2.2640000e+01   7.1178016e-01
   2.2650000e+01   7.1292266e-01
   2.2660000e+01   7.1406370e-01
   2.2670000e+01   7.1520327e-01
   2.2680000e+01   7.1634135e-01
   2.2690000e+01   7.1747794e-01
   2.2700000e+01   7.1861301e-01
   2.2710000e+01   7.1974657e-01
   2.2720000e+01   7.2087859e-01
   2.2730000e+01   7.2200907e-01
   2.2740000e+01   7.2313800e-01
   2.2750000e+01   7.2426536e-01
   2.2760000e+01   7.2539114e-01
   2.2770000e+01   7.2651533e-01
   2.2780000e+01   7.2763793e-01
   2.2790000e+01   7.2875891e-01
   2.2800000e+01   7.2987827e-01
   2.2810000e+01   7.3099600e-01
   2.2820000e+01   7.3211208e-01
   2.2830000e+01   7.3322651e-01
   2.2840000e+01   7.3433928e-01
   2.2850000e+01   7.3545036e-01
   2.2860000e+01   7.3655976e-01
   2.2870000e+01   7.3766746e-01
   2.2880000e+01   7.3877345e-01
   2.2890000e+01   7.3987772e-01
   2.2900000e+01   7.4098026e-01
   2.2910000e+01   7.4208106e-01
   2.2920000e+01   7.4318011e-01
   2.2930000e+01   7.4427739e-01
   2.2940000e+01   7.4537291e-01
   2.2950000e+01   7.4646663e-01
   2.2960000e+01   7.4755857e-01
   2.2970000e+01   7.4864870e-01
   2.2980000e+01   7.4973702e-01
   2.2990000e+01   7.5082351e-01
   2.3000000e+01   7.5190816e-01
   2.3010000e+01   7.5299097e-01
   2.3020000e+01   7.5407193e-01
   2.3030000e+01   7.5515102e-01
   2.3040000e+01   7.5622824e-01
   2.3050000e+01   7.5730357e-01
   2.3060000e+01   7.5837700e-01
   2.3070000e+01   7.5944853e-01
   2.3080000e+01   7.6051814e-01
   2.3090000e+01   7.6158583e-01
   2.3100000e+01   7.6265159e-01
   2.3110000e+01   7.6371540e-01
   2.3120000e+01   7.6477726e-01
   2.3130000e+01   7.6583715e-01
   2.3140000e+01   7.6689507e-01
   2.3150000e+01   7.6795101e-01
   2.3160000e+01   7.6900496e-01
   2.3170000e+01   7.7005690e-01
   2.3180000e+01   7.7110684e-01
   2.3190000e+01   7.7215475e-01
   2.3200000e+01   7.7320064e-01
   2.3210000e+01   7.7424448e-01
   2.3220000e+01   7.7528628e-01
   2.3230000e+01   7.7632603e-01
   2.3240000e+01   7.7736371e-01
   2.3250000e+01   7.7839931e-01
   2.3260000e+01   7.7943283e-01
   2.3270000e+01   7.8046426e-01
   2.3280000e+01   7.8149358e-01
   2.3290000e+01   7.8252080e-01
   2.3300000e+01   7.8354590e-01
   2.3310000e+01   7.8456887e-01
   2.3320000e+01   7.8558970e-01
   2.3330000e+01   7.8660839e-01
   2.3340000e+01   7.8762493e-01
   2.3350000e+01   7.8863931e-01
   2.3360000e+01   7.8965151e-01
   2.3370000e+01   7.9066154e-01
   2.3380000e+01   7.9166938e-01
   2.3390000e+01   7.9267503e-01
   2.3400000e+01   7.9367847e-01
   2.3410000e+01   7.9467971e-01
   2.3420000e+01   7.9567872e-01
   2.3430000e+01   7.9667551e-01
   2.3440000e+01   7.9767006e-01
   2.3450000e+01   7.9866237e-01
   2.3460000e+01   7.9965243e-01
   2.3470000e+01   8.0064023e-01
   2.3480000e+01   8.0162576e-01
   2.3490000e+01   8.0260902e-01
   2.3500000e+01   8.0359000e-01
   2.3510000e+01   8.0456869e-01
   2.3520000e+01   8.0554509e-01
   2.3530000e+01   8.0651918e-01
   2.3540000e+01   8.0749095e-01
   2.3550000e+01   8.0846041e-01
   2.3560000e+01   8.0942755e-01
   2.3570000e+01   8.1039235e-01
   2.3580000e+01   8.1135481e-01
   2.3590000e+01   8.1231492e-01
   2.3600000e+01   8.1327268e-01
   2.3610000e+01   8.1422808e-01
   2.3620000e+01   8.1518111e-01
   2.3630000e+01   8.1613176e-01
   2.3640000e+01   8.1708003e-01
   2.3650000e+01   8.1802591e-01
   2.3660000e+01   8.1896940e-01
   2.3670000e+01   8.1991048e-01
   2.3680000e+01   8.2084916e-01
   2.3690000e+01   8.2178542e-01
   2.3700000e+01   8.2271926e-01
   2.3710000e+01   8.2365067e-01
   2.3720000e+01   8.2457965e-01
   2.3730000e+01   8.2550618e-01
   2.3740000e+01   8.2643027e-01
   2.3750000e+01   8.2735191e-01
   2.3760000e+01   8.2827109e-01
   2.3770000e+01   8.2918780e-01
   2.3780000e+01   8.3010204e-01
   2.3790000e+01   8.3101380e-01
   2.3800000e+01   8.3192308e-01
   2.3810000e+01   8.3282988e-01
   2.3820000e+01   8.3373417e-01
   2.3830000e+01   8.3463597e-01
   2.3840000e+01   8.3553526e-01
   2.3850000e+01   8.3643204e-01
   2.3860000e+01   8.3732631e-01
   2.3870000e+01   8.3821805e-01
   2.3880000e+01   8.3910726e-01
   2.3890000e+01   8.3999394e-01
   2.3900000e+01   8.4087809e-01
   2.3910000e+01   8.4175969e-01
   2.3920000e+01   8.4263874e-01
   2.3930000e+01   8.4351524e-01
   2.3940000e+01   8.4438917e-01
   2.3950000e+01   8.4526055e-01
   2.3960000e+01   8.4612936e-01
   2.3970000e+01   8.4699559e-01
   2.3980000e+01   8.4785925e-01
   2.3990000e+01   8.4872032e-01
   2.4000000e+01   8.4957881e-01
   2.4010000e+01   8.5043470e-01
   2.4020000e+01   8.5128800e-01
   2.4030000e+01   8.5213870e-01
   2.4040000e+01   8.5298679e-01
   2.4050000e+01   8.5383228e-01
   2.4060000e+01   8.5467515e-01
   2.4070000e+01   8.5551540e-01
   2.4080000e+01   8.5635303e-01
   2.4090000e+01   8.5718804e-01
   2.4100000e+01   8.5802041e-01
   2.4110000e+01   8.5885015e-01
   2.4120000e+01   8.5967725e-01
   2.4130000e+01   8.6050171e-01
   2.4140000e+01   8.6132353e-01
   2.4150000e+01   8.6214269e-01
   2.4160000e+01   8.6295921e-01
   2.4170000e+01   8.6377307e-01
   2.4180000e+01   8.6458426e-01
   2.4190000e+01   8.6539280e-01
   2.4200000e+01   8.6619867e-01
   2.4210000e+01   8.6700186e-01
   2.4220000e+01   8.6780239e-01
   2.4230000e+01   8.6860024e-01
   2.4240000e+01   8.6939541e-01
   2.4250000e+01   8.7018789e-01
   2.4260000e+01   8.7097769e-01
   2.4270000e+01   8.7176481e-01
   2.4280000e+01   8.7254923e-01
   2.4290000e+01   8.7333095e-01
   2.4300000e+01   8.7410999e-01
   2.4310000e+01   8.7488632e-01
   2.4320000e+01   8.7565995e-01
   2.4330000e+01   8.7643087e-01
   2.4340000e+01   8.7719909e-01
   2.4350000e+01   8.7796460e-01
   2.4360000e+01   8.7872739e-01
   2.4370000e+01   8.7948747e-01
   2.4380000e+01   8.8024484e-01
   2.4390000e+01   8.8099949e-01
   2.4400000e+01   8.8175141e-01
   2.4410000e+01   8.8250062e-01
   2.4420000e+01   8.8324709e-01
   2.4430000e+01   8.8399085e-01
   2.4440000e+01   8.8473187e-01
   2.4450000e+01   8.8547016e-01
   2.4460000e+01   8.8620573e-01
   2.4470000e+01   8.8693855e-01
   2.4480000e+01   8.8766865e-01
   2.4490000e+01   8.8839600e-01
   2.4500000e+01   8.8912062e-01
   2.4510000e+01   8.8984250e-01
   2.4520000e+01   8.9056164e-01
   2.4530000e+01   8.9127803e-01
   2.4540000e+01   8.9199169e-01
   2.4550000e+01   8.9270259e-01
   2.4560000e+01   8.9341075e-01
   2.4570000e+01   8.9411617e-01
   2.4580000e+01   8.9481884e-01
   2.4590000e+01   8.9551876e-01
   2.4600000e+01   8.9621593e-01
   2.4610000e+01   8.9691035e-01
   2.4620000e+01   8.9760202e-01
   2.4630000e+01   8.9829093e-01
   2.4640000e+01   8.9897710e-01
   2.4650000e+01   8.9966051e-01
   2.4660000e+01   9.0034117e-01
   2.4670000e+01   9.0101908e-01
   2.4680000e+01   9.0169423e-01
   2.4690000e+01   9.0236663e-01
   2.4700000e+01   9.0303627e-01
   2.4710000e+01   9.0370316e-01
   2.4720000e+01   9.0436730e-01
   2.4730000e+01   9.0502868e-01
   2.4740000e+01   9.0568731e-01
   2.4750000e+01   9.0634318e-01
   2.4760000e+01   9.0699630e-01
   2.4770000e+01   9.0764666e-01
   2.4780000e+01   9.0829428e-01
   2.4790000e+01   9.0893913e-01
   2.4800000e+01   9.0958124e-01
   2.4810000e+01   9.1022059e-01
   2.4820000e+01   9.1085719e-01
   2.4830000e+01   9.1149104e-01
   2.4840000e+01   9.1212214e-01
   2.4850000e+01   9.1275049e-01
   2.4860000e+01   9.1337609e-01
   2.4870000e+01   9.1399895e-01
   2.4880000e+01   9.1461905e-01
   2.4890000e+01   9.1523641e-01
   2.4900000e+01   9.1585102e-01
   2.4910000e+01   9.1646289e-01
   2.4920000e+01   9.1707202e-01
   2.4930000e+01   9.1767841e-01
   2.4940000e+01   9.1828205e-01
   2.4950000e+01   9.1888296e-01
   2.4960000e+01   9.1948112e-01
   2.4970000e+01   9.2007656e-01
   2.4980000e+01   9.2066925e-01
   2.4990000e+01   9.2125922e-01
   2.5000000e+01   9.2184645e-01
   2.5010000e+01   9.2243095e-01
   2.5020000e+01   9.2301272e-01
   2.5030000e+01   9.2359177e-01
   2.5040000e+01   9.2416810e-01
   2.5050000e+01   9.2474170e-01
   2.5060000e+01   9.2531258e-01
   2.5070000e+01   9.2588074e-01
   2.5080000e+01   9.2644619e-01
   2.5090000e+01   9.2700892e-01
   2.5100000e+01   9.2756894e-01
   2.5110000e+01   9.2812625e-01
   2.5120000e+01   9.2868085e-01
   2.5130000e+01   9.2923275e-01
   2.5140000e+01   9.2978194e-01
   2.5150000e+01   9.3032844e-01
   2.5160000e+01   9.3087224e-01
   2.5170000e+01   9.3141334e-01
   2.5180000e+01   9.3195176e-01
   2.5190000e+01   9.3248748e-01
   2.5200000e+01   9.3302052e-01
   2.5210000e+01   9.3355087e-01
   2.5220000e+01   9.3407854e-01
   2.5230000e+01   9.3460354e-01
   2.5240000e+01   9.3512586e-01
   2.5250000e+01   9.3564550e-01
   2.5260000e+01   9.3616248e-01
   2.5270000e+01   9.3667680e-01
   2.5280000e+01   9.3718845e-01
   2.5290000e+01   9.3769745e-01
   2.5300000e+01   9.3820379e-01
   2.5310000e+01   9.3870748e-01
   2.5320000e+01   9.3920852e-01
   2.5330000e+01   9.3970691e-01
   2.5340000e+01   9.4020266e-01
   2.5350000e+01   9.4069578e-01
   2.5360000e+01   9.4118626e-01
   2.5370000e+01   9.4167412e-01
   2.5380000e+01   9.4215934e-01
   2.5390000e+01   9.4264195e-01
   2.5400000e+01   9.4312193e-01
   2.5410000e+01   9.4359930e-01
   2.5420000e+01   9.4407406e-01
   2.5430000e+01   9.4454622e-01
   2.5440000e+01   9.4501577e-01
   2.5450000e+01   9.4548272e-01
   2.5460000e+01   9.4594708e-01
   2.5470000e+01   9.4640885e-01
   2.5480000e+01   9.4686804e-01
   2.5490000e+01   9.4732464e-01
   2.5500000e+01   9.4777867e-01
   2.5510000e+01   9.4823012e-01
   2.5520000e+01   9.4867901e-01
   2.5530000e+01   9.4912534e-01
   2.5540000e+01   9.4956911e-01
   2.5550000e+01   9.5001032e-01
   2.5560000e+01   9.5044899e-01
   2.5570000e+01   9.5088511e-01
   2.5580000e+01   9.5131869e-01
   2.5590000e+01   9.5174974e-01
   2.5600000e+01   9.5217826e-01
   2.5610000e+01   9.5260425e-01
   2.5620000e+01   9.5302773e-01
   2.5630000e+01   9.5344869e-01
   2.5640000e+01   9.5386714e-01
   2.5650000e+01   9.5428309e-01
   2.5660000e+01   9.5469654e-01
   2.5670000e+01   9.5510750e-01
   2.5680000e+01   9.5551597e-01
   2.5690000e+01   9.5592196e-01
   2.5700000e+01   9.5632547e-01
   2.5710000e+01   9.5672651e-01
   2.5720000e+01   9.5712508e-01
   2.5730000e+01   9.5752119e-01
   2.5740000e+01   9.5791485e-01
   2.5750000e+01   9.5830606e-01
   2.5760000e+01   9.5869482e-01
   2.5770000e+01   9.5908115e-01
   2.5780000e+01   9.5946504e-01
   2.5790000e+01   9.5984651e-01
   2.5800000e+01   9.6022556e-01
   2.5810000e+01   9.6060219e-01
   2.5820000e+01   9.6097642e-01
   2.5830000e+01   9.6134824e-01
   2.5840000e+01   9.6171767e-01
   2.5850000e+01   9.6208470e-01
   2.5860000e+01   9.6244935e-01
   2.5870000e+01   9.6281163e-01
   2.5880000e+01   9.6317153e-01
   2.5890000e+01   9.6352907e-01
   2.5900000e+01   9.6388424e-01
   2.5910000e+01   9.6423707e-01
   2.5920000e+01   9.6458755e-01
   2.5930000e+01   9.6493569e-01
   2.5940000e+01   9.6528149e-01
   2.5950000e+01   9.6562497e-01
   2.5960000e+01   9.6596613e-01
   2.5970000e+01   9.6630497e-01
   2.5980000e+01   9.6664151e-01
   2.5990000e+01   9.6697575e-01
   2.6000000e+01   9.6730769e-01
   2.6010000e+01   9.6763734e-01
   2.6020000e+01   9.6796472e-01
   2.6030000e+01   9.6828982e-01
   2.6040000e+01   9.6861266e-01
   2.6050000e+01   9.6893323e-01
   2.6060000e+01   9.6925156e-01
   2.6070000e+01   9.6956763e-01
   2.6080000e+01   9.6988147e-01
   2.6090000e+01   9.7019308e-01
   2.6100000e+01   9.7050246e-01
   2.6110000e+01   9.7080962e-01
   2.6120000e+01   9.7111458e-01
   2.6130000e+01   9.7141733e-01
   2.6140000e+01   9.7171788e-01
   2.6150000e+01   9.7201625e-01
   2.6160000e+01   9.7231244e-01
   2.6170000e+01   9.7260645e-01
   2.6180000e+01   9.7289829e-01
   2.6190000e+01   9.7318798e-01
   2.6200000e+01   9.7347551e-01
   2.6210000e+01   9.7376090e-01
   2.6220000e+01   9.7404415e-01
   2.6230000e+01   9.7432527e-01
   2.6240000e+01   9.7460427e-01
   2.6250000e+01   9.7488115e-01
   2.6260000e+01   9.7515593e-01
   2.6270000e+01   9.7542861e-01
   2.6280000e+01   9.7569920e-01
   2.6290000e+01   9.7596771e-01
   2.6300000e+01   9.7623413e-01
   2.6310000e+01   9.7649849e-01
   2.6320000e+01   9.7676079e-01
   2.6330000e+01   9.7702104e-01
   2.6340000e+01   9.7727924e-01
   2.6350000e+01   9.7753541e-01
   2.6360000e+01   9.7778954e-01
   2.6370000e+01   9.7804166e-01
   2.6380000e+01   9.7829176e-01
   2.6390000e+01   9.7853986e-01
   2.6400000e+01   9.7878596e-01
   2.6410000e+01   9.7903007e-01
   2.6420000e+01   9.7927220e-01
   2.6430000e+01   9.7951235e-01
   2.6440000e+01   9.7975054e-01
   2.6450000e+01   9.7998678e-01
   2.6460000e+01   9.8022106e-01
   2.6470000e+01   9.8045341e-01
   2.6480000e+01   9.8068382e-01
   2.6490000e+01   9.8091231e-01
   2.6500000e+01   9.8113888e-01
   2.6510000e+01   9.8136355e-01
   2.6520000e+01   9.8158631e-01
   2.6530000e+01   9.8180719e-01
   2.6540000e+01   9.8202618e-01
   2.6550000e+01   9.8224330e-01
   2.6560000e+01   9.8245855e-01
   2.6570000e+01   9.8267194e-01
   2.6580000e+01   9.8288349e-01
   2.6590000e+01   9.8309319e-01
   2.6600000e+01   9.8330106e-01
   2.6610000e+01   9.8350711e-01
   2.6620000e+01   9.8371134e-01
   2.6630000e+01   9.8391377e-01
   2.6640000e+01   9.8411440e-01
   2.6650000e+01   9.8431324e-01
   2.6660000e+01   9.8451029e-01
   2.6670000e+01   9.8470558e-01
   2.6680000e+01   9.8489909e-01
   2.6690000e+01   9.8509086e-01
   2.6700000e+01   9.8528087e-01
   2.6710000e+01   9.8546915e-01
   2.6720000e+01   9.8565570e-01
   2.6730000e+01   9.8584053e-01
   2.6740000e+01   9.8602365e-01
   2.6750000e+01   9.8620506e-01
   2.6760000e+01   9.8638477e-01
   2.6770000e+01   9.8656280e-01
   2.6780000e+01   9.8673916e-01
   2.6790000e+01   9.8691384e-01
   2.6800000e+01   9.8708686e-01
   2.6810000e+01   9.8725824e-01
   2.6820000e+01   9.8742797e-01
   2.6830000e+01   9.8759606e-01
   2.6840000e+01   9.8776253e-01
   2.6850000e+01   9.8792739e-01
   2.6860000e+01   9.8809063e-01
   2.6870000e+01   9.8825228e-01
   2.6880000e+01   9.8841234e-01
   2.6890000e+01   9.8857082e-01
   2.6900000e+01   9.8872772e-01
   2.6910000e+01   9.8888306e-01
   2.6920000e+01   9.8903685e-01
   2.6930000e+01   9.8918909e-01
   2.6940000e+01   9.8933980e-01
   2.6950000e+01   9.8948897e-01
   2.6960000e+01   9.8963663e-01
   2.6970000e+01   9.8978278e-01
   2.6980000e+01   9.8992742e-01
   2.6990000e+01   9.9007058e-01
   2.7000000e+01   9.9021225e-01
   2.7010000e+01   9.9035244e-01
   2.7020000e+01   9.9049117e-01
   2.7030000e+01   9.9062844e-01
   2.7040000e+01   9.9076427e-01
   2.7050000e+01   9.9089865e-01
   2.7060000e+01   9.9103160e-01
   2.7070000e+01   9.9116314e-01
   2.7080000e+01   9.9129326e-01
   2.7090000e+01   9.9142197e-01
   2.7100000e+01   9.9154930e-01
   2.7110000e+01   9.9167523e-01
   2.7120000e+01   9.9179979e-01
   2.7130000e+01   9.9192298e-01
   2.7140000e+01   9.9204482e-01
   2.7150000e+01   9.9216530e-01
   2.7160000e+01   9.9228444e-01
   2.7170000e+01   9.9240225e-01
   2.7180000e+01   9.9251873e-01
   2.7190000e+01   9.9263390e-01
   2.7200000e+01   9.9274776e-01
   2.7210000e+01   9.9286033e-01
   2.7220000e+01   9.9297161e-01
   2.7230000e+01   9.9308161e-01
   2.7240000e+01   9.9319034e-01
   2.7250000e+01   9.9329780e-01
   2.7260000e+01   9.9340402e-01
   2.7270000e+01   9.9350899e-01
   2.7280000e+01   9.9361272e-01
   2.7290000e+01   9.9371523e-01
   2.7300000e+01   9.9381652e-01
   2.7310000e+01   9.9391660e-01
   2.7320000e+01   9.9401549e-01
   2.7330000e+01   9.9411318e-01
   2.7340000e+01   9.9420969e-01
   2.7350000e+01   9.9430502e-01
   2.7360000e+01   9.9439919e-01
   2.7370000e+01   9.9449220e-01
   2.7380000e+01   9.9458407e-01
   2.7390000e+01   9.9467480e-01
   2.7400000e+01   9.9476440e-01
   2.7410000e+01   9.9485287e-01
   2.7420000e+01   9.9494024e-01
   2.7430000e+01   9.9502650e-01
   2.7440000e+01   9.9511166e-01
   2.7450000e+01   9.9519574e-01
   2.7460000e+01   9.9527874e-01
   2.7470000e+01   9.9536067e-01
   2.7480000e+01   9.9544154e-01
   2.7490000e+01   9.9552136e-01
   2.7500000e+01   9.9560013e-01
   2.7510000e+01   9.9567787e-01
   2.7520000e+01   9.9575458e-01
   2.7530000e+01   9.9583027e-01
   2.7540000e+01   9.9590496e-01
   2.7550000e+01   9.9597864e-01
   2.7560000e+01   9.9605133e-01
   2.7570000e+01   9.9612304e-01
   2.7580000e+01   9.9619377e-01
   2.7590000e+01   9.9626353e-01
   2.7600000e+01   9.9633233e-01
   2.7610000e+01   9.9640018e-01
   2.7620000e+01   9.9646709e-01
   2.7630000e+01   9.9653307e-01
   2.7640000e+01   9.9659812e-01
   2.7650000e+01   9.9666225e-01
   2.7660000e+01   9.9672548e-01
   2.7670000e+01   9.9678780e-01
   2.7680000e+01   9.9684923e-01
   2.7690000e+01   9.9690978e-01
   2.7700000e+01   9.9696945e-01
   2.7710000e+01   9.9702825e-01
   2.7720000e+01   9.9708619e-01
   2.7730000e+01   9.9714328e-01
   2.7740000e+01   9.9719952e-01
   2.7750000e+01   9.9725493e-01
   2.7760000e+01   9.9730952e-01
   2.7770000e+01   9.9736328e-01
   2.7780000e+01   9.9741623e-01
   2.7790000e+01   9.9746837e-01
   2.7800000e+01   9.9751972e-01
   2.7810000e+01   9.9757029e-01
   2.7820000e+01   9.9762007e-01
   2.7830000e+01   9.9766908e-01
   2.7840000e+01   9.9771732e-01
   2.7850000e+01   9.9776481e-01
   2.7860000e+01   9.9781155e-01
   2.7870000e+01   9.9785755e-01
   2.7880000e+01   9.9790282e-01
   2.7890000e+01   9.9794735e-01
   2.7900000e+01   9.9799117e-01
   2.7910000e+01   9.9803428e-01
   2.7920000e+01   9.9807669e-01
   2.7930000e+01   9.9811840e-01
   2.7940000e+01   9.9815943e-01
   2.7950000e+01   9.9819977e-01
   2.7960000e+01   9.9823944e-01
   2.7970000e+01   9.9827845e-01
   2.7980000e+01   9.9831679e-01
   2.7990000e+01   9.9835449e-01
   2.8000000e+01   9.9839154e-01
   2.8010000e+01   9.9842796e-01
   2.8020000e+01   9.9846374e-01
   2.8030000e+01   9.9849891e-01
   2.8040000e+01   9.9853346e-01
   2.8050000e+01   9.9856740e-01
   2.8060000e+01   9.9860074e-01
   2.8070000e+01   9.9863349e-01
   2.8080000e+01   9.9866566e-01
   2.8090000e+01   9.9869724e-01
   2.8100000e+01   9.9872826e-01
   2.8110000e+01   9.9875870e-01
   2.8120000e+01   9.9878859e-01
   2.8130000e+01   9.9881793e-01
   2.8140000e+01   9.9884673e-01
   2.8150000e+01   9.9887498e-01
   2.8160000e+01   9.9890271e-01
   2.8170000e+01   9.9892991e-01
   2.8180000e+01   9.9895659e-01
   2.8190000e+01   9.9898277e-01
   2.8200000e+01   9.9900844e-01
   2.8210000e+01   9.9903361e-01
   2.8220000e+01   9.9905829e-01
   2.8230000e+01   9.9908248e-01
   2.8240000e+01   9.9910620e-01
   2.8250000e+01   9.9912945e-01
   2.8260000e+01   9.9915223e-01
   2.8270000e+01   9.9917455e-01
   2.8280000e+01   9.9919642e-01
   2.8290000e+01   9.9921784e-01
   2.8300000e+01   9.9923882e-01
   2.8310000e+01   9.9925937e-01
   2.8320000e+01   9.9927949e-01
   2.8330000e+01   9.9929919e-01
   2.8340000e+01   9.9931847e-01
   2.8350000e+01   9.9933734e-01
   2.8360000e+01   9.9935581e-01
   2.8370000e+01   9.9937389e-01
   2.8380000e+01   9.9939157e-01
   2.8390000e+01   9.9940886e-01
   2.8400000e+01   9.9942577e-01
   2.8410000e+01   9.9944231e-01
   2.8420000e+01   9.9945848e-01
   2.8430000e+01   9.9947429e-01
   2.8440000e+01   9.9948974e-01
   2.8450000e+01   9.9950484e-01
   2.8460000e+01   9.9951959e-01
   2.8470000e+01   9.9953400e-01
   2.8480000e+01   9.9954808e-01
   2.8490000e+01   9.9956182e-01
   2.8500000e+01   9.9957525e-01
   2.8510000e+01   9.9958835e-01
   2.8520000e+01   9.9960114e-01
   2.8530000e+01   9.9961362e-01
   2.8540000e+01   9.9962579e-01
   2.8550000e+01   9.9963767e-01
   2.8560000e+01   9.9964925e-01
   2.8570000e+01   9.9966055e-01
   2.8580000e+01   9.9967156e-01
   2.8590000e+01   9.9968230e-01
   2.8600000e+01   9.9969276e-01
   2.8610000e+01   9.9970295e-01
   2.8620000e+01   9.9971288e-01
   2.8630000e+01   9.9972255e-01
   2.8640000e+01   9.9973197e-01
   2.8650000e+01   9.9974114e-01
   2.8660000e+01   9.9975006e-01
   2.8670000e+01   9.9975874e-01
   2.8680000e+01   9.9976719e-01
   2.8690000e+01   9.9977541e-01
   2.8700000e+01   9.9978340e-01
   2.8710000e+01   9.9979116e-01
   2.8720000e+01   9.9979871e-01
   2.8730000e+01   9.9980605e-01
   2.8740000e+01   9.9981317e-01
   2.8750000e+01   9.9982010e-01
   2.8760000e+01   9.9982682e-01
   2.8770000e+01   9.9983334e-01
   2.8780000e+01   9.9983967e-01
   2.8790000e+01   9.9984581e-01
   2.8800000e+01   9.9985177e-01
   2.8810000e+01   9.9985755e-01
   2.8820000e+01   9.9986315e-01
   2.8830000e+01   9.9986858e-01
   2.8840000e+01   9.9987384e-01
   2.8850000e+01   9.9987893e-01
   2.8860000e+01   9.9988386e-01
   2.8870000e+01   9.9988864e-01
   2.8880000e+01   9.9989326e-01
   2.8890000e+01   9.9989773e-01
   2.8900000e+01   9.9990205e-01
   2.8910000e+01   9.9990622e-01
   2.8920000e+01   9.9991026e-01
   2.8930000e+01   9.9991416e-01
   2.8940000e+01   9.9991793e-01
   2.8950000e+01   9.9992157e-01
   2.8960000e+01   9.9992508e-01
   2.8970000e+01   9.9992846e-01
   2.8980000e+01   9.9993173e-01
   2.8990000e+01   9.9993487e-01
   2.9000000e+01   9.9993791e-01
   2.9010000e+01   9.9994083e-01
   2.9020000e+01   9.9994364e-01
   2.9030000e+01   9.9994635e-01
   2.9040000e+01   9.9994895e-01
   2.9050000e+01   9.9995146e-01
   2.9060000e+01   9.9995386e-01
   2.9070000e+01   9.9995617e-01
   2.9080000e+01   9.9995839e-01
   2.9090000e+01   9.9996053e-01
   2.9100000e+01   9.9996257e-01
   2.9110000e+01   9.9996453e-01
   2.9120000e+01   9.9996641e-01
   2.9130000e+01   9.9996821e-01
   2.9140000e+01   9.9996994e-01
   2.9150000e+01   9.9997159e-01
   2.9160000e+01   9.9997316e-01
   2.9170000e+01   9.9997467e-01
   2.9180000e+01   9.9997611e-01
   2.9190000e+01   9.9997749e-01
   2.9200000e+01   9.9997880e-01
   2.9210000e+01   9.9998005e-01
   2.9220000e+01   9.9998124e-01
   2.9230000e+01   9.9998238e-01
   2.9240000e+01   9.9998346e-01
   2.9250000e+01   9.9998449e-01
   2.9260000e+01   9.9998547e-01
   2.9270000e+01   9.9998639e-01
   2.9280000e+01   9.9998727e-01
   2.9290000e+01   9.9998811e-01
   2.9300000e+01   9.9998890e-01
   2.9310000e+01   9.9998965e-01
   2.9320000e+01   9.9999036e-01
   2.9330000e+01   9.9999103e-01
   2.9340000e+01   9.9999166e-01
   2.9350000e+01   9.9999226e-01
   2.9360000e+01   9.9999282e-01
   2.9370000e+01   9.9999335e-01
   2.9380000e+01   9.9999385e-01
   2.9390000e+01   9.9999432e-01
   2.9400000e+01   9.9999476e-01
   2.9410000e+01   9.9999517e-01
   2.9420000e+01   9.9999556e-01
   2.9430000e+01   9.9999592e-01
   2.9440000e+01   9.9999626e-01
   2.9450000e+01   9.9999657e-01
   2.9460000e+01   9.9999687e-01
   2.9470000e+01   9.9999714e-01
   2.9480000e+01   9.9999740e-01
   2.9490000e+01   9.9999763e-01
   2.9500000e+01   9.9999785e-01
   2.9510000e+01   9.9999805e-01
   2.9520000e+01   9.9999824e-01
   2.9530000e+01   9.9999841e-01
   2.9540000e+01   9.9999857e-01
   2.9550000e+01   9.9999872e-01
   2.9560000e+01   9.9999885e-01
   2.9570000e+01   9.9999897e-01
   2.9580000e+01   9.9999909e-01
   2.9590000e+01   9.9999919e-01
   2.9600000e+01   9.9999928e-01
   2.9610000e+01   9.9999937e-01
   2.9620000e+01   9.9999944e-01
   2.9630000e+01   9.9999951e-01
   2.9640000e+01   9.9999957e-01
   2.9650000e+01   9.9999963e-01
   2.9660000e+01   9.9999968e-01
   2.9670000e+01   9.9999972e-01
   2.9680000e+01   9.9999976e-01
   2.9690000e+01   9.9999980e-01
   2.9700000e+01   9.9999983e-01
   2.9710000e+01   9.9999985e-01
   2.9720000e+01   9.9999988e-01
   2.9730000e+01   9.9999990e-01
   2.9740000e+01   9.9999991e-01
   2.9750000e+01   9.9999993e-01
   2.9760000e+01   9.9999994e-01
   2.9770000e+01   9.9999995e-01
   2.9780000e+01   9.9999996e-01
   2.9790000e+01   9.9999997e-01
   2.9800000e+01   9.9999998e-01
   2.9810000e+01   9.9999998e-01
   2.9820000e+01   9.9999999e-01
   2.9830000e+01   9.9999999e-01
   2.9840000e+01   9.9999999e-01
   2.9850000e+01   9.9999999e-01
   2.9860000e+01   1.0000000e+00
   2.9870000e+01   1.0000000e+00
   2.9880000e+01   1.0000000e+00
   2.9890000e+01   1.0000000e+00
   2.9900000e+01   1.0000000e+00
   2.9910000e+01   1.0000000e+00
   2.9920000e+01   1.0000000e+00
   2.9930000e+01   1.0000000e+00
   2.9940000e+01   1.0000000e+00
   2.9950000e+01   1.0000000e+00
   2.9960000e+01   1.0000000e+00
   2.9970000e+01   1.0000000e+00
   2.9980000e+01   1.0000000e+00
   2.9990000e+01   1.0000000e+00
   3.0000000e+01   1.0000000e+00
