   4.0882858e-04  -1.3414488e-03
   2.8335666e-03   6.3206931e-04
  -1.3664476e-03  -1.3606774e-03
   1.5636346e-03  -1.7007437e-03
  -1.6563323e-04  -7.9534265e-04
   4.0409905e-04  -1.1862926e-03
   2.0251189e-03   9.7440016e-04
   1.0756385e-03   3.8709743e-04
   1.1430435e-03  -2.1272944e-04
   1.7637997e-03  -1.6031723e-03
   8.0046807e-04   1.1770222e-03
  -2.1586315e-03  -9.4024991e-04
  -1.5366226e-03  -1.5808838e-03
  -1.1078441e-03  -1.3936096e-03
  -1.7911488e-03   3.6920009e-04
  -6.1032502e-04  -1.9940142e-04
   8.3374248e-04  -1.0277696e-03
   9.4504448e-04   5.4452235e-04
   2.3742590e-03   1.5620055e-03
   1.1587690e-03   4.7180412e-04
  -1.3024790e-03   2.2550851e-03
   9.9629822e-04   7.4652236e-04
  -1.7354153e-03   8.9362067e-04
   1.4240896e-03  -1.9194545e-04
  -5.2620934e-05   1.8574609e-04
   1.7874228e-03  -1.4905144e-04
  -1.0390460e-04   1.2115482e-04
  -7.8826364e-04  -1.0086154e-03
   1.0011817e-03   2.1903857e-03
  -1.9945707e-03   1.7076001e-04
   5.8548705e-04   1.7095838e-03
  -6.6878630e-04   8.5539645e-04
   4.6163910e-04   2.4455522e-03
   3.8735043e-05  -1.9170967e-03
  -2.2354364e-04   1.9776174e-03
   2.9637091e-04   1.0127980e-03
  -1.0513416e-04   1.7527056e-04
  -2.2823707e-03   5.0184277e-04
  -1.6145657e-03   8.9312113e-05
  -1.1616591e-03   3.1801903e-03
  -1.7525070e-04   2.0895293e-03
  -2.3790201e-03   1.9858770e-03
  -1.6224023e-03   2.3399674e-03
  -1.6867967e-03   1.5748473e-03
  -2.3505994e-03   3.6465326e-03
  -1.9082113e-03   3.5928657e-03
  -1.8474315e-03   4.2117262e-03
  -2.2744316e-03   3.6623583e-03
  -2.7506753e-03   4.5085120e-03
  -3.8460198e-04   3.7286820e-03
  -1.9572075e-03   5.4593222e-03
  -2.9627939e-03   5.1127866e-03
  -3.1514788e-03   5.4667097e-03
  -4.9584608e-03   4.9952621e-03
  -4.6563155e-03   7.4612820e-03
  -4.2588981e-03   8.5502460e-03
  -4.9808419e-03   6.1661564e-03
  -4.6756248e-03   9.3699170e-03
  -4.2738386e-03   1.0156139e-02
  -3.4265418e-03   8.5877490e-03
  -5.0007176e-03   1.1512074e-02
  -5.0493344e-03   9.4319181e-03
  -4.0296685e-03   1.1605616e-02
  -4.4956782e-03   1.0402333e-02
  -8.0718884e-03   1.2992412e-02
  -6.9307813e-03   1.4922310e-02
  -8.9211220e-03   1.4463843e-02
  -7.8343026e-03   1.5696770e-02
  -8.0793819e-03   1.6379257e-02
  -7.8560361e-03   1.6000008e-02
  -9.5409842e-03   1.7328417e-02
  -9.8706120e-03   1.9065233e-02
  -9.5967884e-03   2.0725755e-02
  -1.0810978e-02   1.6531354e-02
  -1.0964090e-02   2.0908070e-02
  -1.0457263e-02   2.1768499e-02
  -1.1914338e-02   2.4155467e-02
  -1.3533792e-02   2.3721849e-02
  -1.2242679e-02   2.1936353e-02
  -1.0868241e-02   2.4363553e-02
  -1.1397057e-02   2.7725351e-02
  -1.3334840e-02   2.7341266e-02
  -1.4872200e-02   2.8624889e-02
  -1.2592033e-02   2.6401339e-02
  -1.4448156e-02   2.9204604e-02
  -1.5472592e-02   3.0776198e-02
  -1.7639823e-02   3.3592046e-02
  -1.5582581e-02   3.4152118e-02
  -1.8086585e-02   3.5158252e-02
  -1.8786791e-02   3.4889342e-02
  -1.5669074e-02   3.4798660e-02
  -1.8382973e-02   3.4863595e-02
  -1.6599405e-02   3.6843268e-02
  -2.0406108e-02   3.8474368e-02
  -2.0053934e-02   4.0808459e-02
  -1.8985300e-02   4.2408749e-02
  -2.0537206e-02   4.2940948e-02
  -2.0902092e-02   4.5019695e-02
  -2.2157878e-02   4.2984626e-02
  -2.1403027e-02   4.2352469e-02
  -2.1718334e-02   4.6062297e-02
  -2.0967563e-02   4.6977391e-02
  -2.1886436e-02   4.7350604e-02
  -2.2386174e-02   4.8331342e-02
  -2.3519949e-02   4.7838236e-02
  -2.3700600e-02   4.7982547e-02
  -2.3988953e-02   4.8823664e-02
  -2.5160784e-02   5.0666454e-02
  -2.5392141e-02   5.1640374e-02
  -2.4885988e-02   5.3073035e-02
  -2.5988867e-02   5.2736340e-02
  -2.5700124e-02   5.4296736e-02
  -2.4019745e-02   5.3298454e-02
  -2.6936825e-02   5.7533302e-02
  -2.5652548e-02   5.8293012e-02
  -2.7962352e-02   5.6658558e-02
  -2.6772130e-02   5.7833894e-02
  -2.7662782e-02   5.9725224e-02
  -2.8068610e-02   5.9404273e-02
  -2.8475396e-02   6.1268335e-02
  -2.7145296e-02   5.9675156e-02
  -2.9035820e-02   6.2174309e-02
  -2.7417628e-02   6.1099839e-02
  -2.8363102e-02   6.2326392e-02
  -2.8823466e-02   6.3067896e-02
  -2.9492268e-02   6.2369767e-02
  -3.0756693e-02   6.3836950e-02
  -2.8501204e-02   6.5449629e-02
  -3.0398947e-02   6.5552178e-02
  -2.7949348e-02   6.4243582e-02
  -3.2592848e-02   6.4498560e-02
  -3.1090445e-02   6.5554487e-02
  -3.1136770e-02   6.5506561e-02
  -3.1689106e-02   6.5766322e-02
  -3.3723178e-02   6.8739068e-02
  -3.2269639e-02   6.8751107e-02
  -3.2995968e-02   6.7640205e-02
  -3.3425386e-02   6.8515823e-02
  -3.1968390e-02   6.9192884e-02
  -3.1000745e-02   6.9909303e-02
  -3.2617151e-02   6.9640784e-02
  -3.0949572e-02   7.0010211e-02
  -3.1769080e-02   6.8720200e-02
  -3.3104085e-02   6.9297015e-02
  -3.3370776e-02   6.8652178e-02
  -3.3051550e-02   7.1974704e-02
  -3.1764257e-02   7.0931562e-02
  -3.2765585e-02   7.0934382e-02
  -3.3545193e-02   6.9840068e-02
  -3.3426360e-02   6.9430272e-02
  -3.1679059e-02   7.0050250e-02
  -3.3230147e-02   7.0664280e-02
  -3.1858716e-02   7.2080817e-02
  -3.1738970e-02   7.0654280e-02
  -3.3283124e-02   7.0694303e-02
  -3.2887931e-02   7.2145221e-02
  -3.2151925e-02   6.9943505e-02
  -3.1028078e-02   7.0395109e-02
  -3.2549043e-02   7.1043341e-02
  -3.2800837e-02   7.0843407e-02
  -3.2311962e-02   6.8524650e-02
  -3.3343579e-02   7.0375115e-02
  -3.2608996e-02   7.0961525e-02
  -3.2725284e-02   6.9553494e-02
  -3.1982785e-02   7.0456792e-02
  -3.1160179e-02   6.9006442e-02
  -3.2977400e-02   7.0574044e-02
  -2.9380133e-02   7.0725318e-02
  -2.9804564e-02   7.0746305e-02
  -3.2396771e-02   6.8020067e-02
  -3.1011913e-02   6.9716160e-02
  -3.0995391e-02   6.8519371e-02
  -3.2459751e-02   6.9209564e-02
  -3.0550117e-02   6.7511905e-02
  -3.3759157e-02   6.8167433e-02
  -3.4337581e-02   7.0375648e-02
  -3.2215904e-02   6.8945265e-02
  -2.9925219e-02   6.8344183e-02
  -3.1488506e-02   6.6825124e-02
  -3.1499261e-02   6.8060447e-02
  -3.2048862e-02   7.0045809e-02
  -3.1649468e-02   6.7224374e-02
  -3.1402315e-02   6.6015076e-02
  -3.1960459e-02   6.7708287e-02
  -3.1049168e-02   6.6103873e-02
  -2.9408806e-02   6.5461522e-02
  -3.1387594e-02   6.6255598e-02
  -3.0456987e-02   6.7452249e-02
  -3.0182852e-02   6.6433784e-02
  -3.0016789e-02   6.6756491e-02
  -2.8094836e-02   6.3443945e-02
  -3.0818397e-02   6.3381491e-02
  -3.1453301e-02   6.3797749e-02
  -3.0363554e-02   6.4490556e-02
  -2.9385030e-02   6.2441665e-02
  -3.0369783e-02   6.4296775e-02
  -3.0271976e-02   6.2514309e-02
  -2.7954857e-02   6.3605988e-02
  -3.0962133e-02   6.4411260e-02
  -3.0488962e-02   6.3870403e-02
  -3.0030281e-02   6.2800001e-02
  -2.8531013e-02   6.2316139e-02
  -2.8771092e-02   6.4211257e-02
  -2.6882575e-02   6.2695121e-02
  -2.8579942e-02   6.4515336e-02
  -2.8549849e-02   6.2532726e-02
  -2.9321927e-02   6.0866069e-02
  -2.6908952e-02   6.2297071e-02
  -2.7759197e-02   6.1828202e-02
  -2.8393782e-02   6.1306122e-02
  -2.7409881e-02   6.1916896e-02
  -2.8011495e-02   6.2587090e-02
  -2.7595618e-02   5.9629737e-02
  -2.7114236e-02   5.9514113e-02
  -2.5626057e-02   6.1181924e-02
  -2.7162034e-02   5.9064892e-02
  -2.5876652e-02   6.0090470e-02
  -2.7754034e-02   5.9852072e-02
  -2.6889195e-02   6.0931714e-02
  -2.8765760e-02   6.1002680e-02
  -2.6099664e-02   6.0891255e-02
  -2.5300171e-02   6.0598955e-02
  -2.6105943e-02   5.9056973e-02
  -2.9051816e-02   6.0083810e-02
  -2.5977445e-02   6.0259131e-02
  -2.4264501e-02   5.9488900e-02
  -2.6546961e-02   5.9283519e-02
  -2.5724210e-02   6.1255658e-02
  -2.8754790e-02   5.7938755e-02
  -2.4915469e-02   5.8464502e-02
  -2.3254581e-02   5.9793093e-02
  -2.4354925e-02   5.9652518e-02
  -2.5851994e-02   6.1184945e-02
  -2.7907224e-02   5.8249618e-02
  -2.4301670e-02   5.7965117e-02
  -2.5664703e-02   5.8425608e-02
  -2.4384758e-02   5.8420230e-02
  -2.5179771e-02   5.9427624e-02
  -2.3982414e-02   5.7553118e-02
  -2.6620645e-02   5.8536759e-02
  -2.4481844e-02   5.7894425e-02
  -2.4076245e-02   5.8123638e-02
  -2.5167392e-02   5.6261853e-02
  -2.4463610e-02   5.7172820e-02
  -2.3117342e-02   5.8627705e-02
  -2.4309009e-02   5.9341010e-02
  -2.5098682e-02   5.8820702e-02
  -2.4756492e-02   5.9727832e-02
  -2.2959935e-02   5.5143664e-02
  -2.3438168e-02   5.6324220e-02
  -2.3387840e-02   5.7541017e-02
  -2.4239777e-02   6.1622956e-02
  -2.4249573e-02   5.8192646e-02
  -2.2044589e-02   5.8956216e-02
  -2.3854823e-02   5.6968522e-02
  -2.3177570e-02   5.7852541e-02
  -2.4117561e-02   5.8086719e-02
  -2.1030479e-02   5.6948155e-02
  -2.1768500e-02   5.4328315e-02
  -1.8085265e-02   5.8539388e-02
  -2.0905731e-02   5.7819686e-02
  -2.1114003e-02   5.8507452e-02
  -2.1312133e-02   5.7572358e-02
  -2.0487357e-02   5.6270859e-02
  -2.0390233e-02   5.7021095e-02
  -1.8875797e-02   5.7168098e-02
  -1.8365749e-02   5.7525636e-02
  -1.8942943e-02   5.8609995e-02
  -1.9043388e-02   5.7341177e-02
  -1.7995722e-02   5.6670878e-02
  -1.7445114e-02   5.5329997e-02
  -1.7992866e-02   5.6238376e-02
  -1.6966691e-02   5.6689567e-02
  -1.8343598e-02   5.6708068e-02
  -1.6901295e-02   5.6731966e-02
  -1.8036315e-02   5.5803065e-02
  -1.5612299e-02   5.6123009e-02
  -2.0054326e-02   5.4570001e-02
  -1.6795935e-02   5.7001012e-02
  -1.6070337e-02   5.7129351e-02
  -1.5831021e-02   5.5095893e-02
  -1.4865852e-02   5.5007365e-02
  -1.3039988e-02   5.6313540e-02
  -1.3524937e-02   5.3716930e-02
  -1.4906543e-02   5.4325143e-02
  -1.4207198e-02   5.4368129e-02
  -1.2962928e-02   5.5129114e-02
  -1.4153550e-02   5.3339422e-02
  -1.3277136e-02   5.3327048e-02
  -1.3647608e-02   5.2404604e-02
  -1.1666893e-02   5.3713709e-02
  -1.2412309e-02   5.4394006e-02
  -1.2620730e-02   5.3350123e-02
  -1.0984045e-02   5.3008282e-02
  -9.1769005e-03   5.4573729e-02
  -1.2055754e-02   5.3743206e-02
  -1.1144206e-02   5.3292438e-02
  -9.5619234e-03   5.2438657e-02
  -8.3859085e-03   5.4174908e-02
  -9.4170731e-03   5.3885959e-02
  -1.0754868e-02   5.2509343e-02
  -9.6293849e-03   5.3075220e-02
  -8.9903774e-03   5.3818415e-02
  -6.6588809e-03   5.2527718e-02
  -5.7825086e-03   4.9904886e-02
  -5.2729096e-03   5.0733952e-02
  -4.6761530e-03   4.9732301e-02
  -5.3121770e-03   5.1814162e-02
  -7.1886470e-03   4.9653288e-02
  -5.7724349e-03   5.0672541e-02
  -2.8657007e-03   4.9205988e-02
  -4.1071103e-03   4.8864474e-02
  -5.7279865e-04   4.9761226e-02
  -3.4640408e-03   4.9607357e-02
  -9.3483485e-04   4.9994557e-02
  -3.6984355e-03   4.8075372e-02
  -1.3847571e-03   4.9084326e-02
  -7.7453905e-04   4.7427880e-02
   3.8173258e-04   4.7864876e-02
   1.2980659e-03   4.7089010e-02
   3.6808927e-04   4.8823150e-02
   8.9408177e-04   4.6458233e-02
   6.7028865e-04   4.5644578e-02
   3.0132090e-03   4.4997186e-02
   1.5919243e-03   4.7582741e-02
   2.3019330e-03   4.6743111e-02
   4.5161592e-03   4.7008863e-02
   4.9352447e-03   4.6419507e-02
   5.1375038e-03   4.6916074e-02
   5.2805527e-03   4.5845743e-02
   6.1111026e-03   4.7558520e-02
   6.6248981e-03   4.4029361e-02
   7.7671642e-03   4.4197729e-02
   8.5343500e-03   4.5748043e-02
   9.9608043e-03   4.4597388e-02
   9.4724669e-03   4.6331312e-02
   1.0271152e-02   4.2652553e-02
   9.1499762e-03   4.3756578e-02
   1.3086784e-02   4.4702534e-02
   1.3142962e-02   4.1599458e-02
   1.1399628e-02   4.1095672e-02
   1.3535414e-02   4.2348603e-02
   1.4505853e-02   4.3219929e-02
   1.5578422e-02   4.1153329e-02
   1.6368794e-02   4.0071457e-02
   1.3192166e-02   4.1180896e-02
   1.7903962e-02   4.2060528e-02
   1.7628492e-02   4.1651762e-02
   1.7782437e-02   3.9077403e-02
   1.8031854e-02   4.1725570e-02
   1.7486291e-02   4.1274007e-02
   2.0714359e-02   4.1069011e-02
   2.0987972e-02   4.1893907e-02
   2.0666434e-02   3.8995327e-02
   2.1700408e-02   3.9294263e-02
   2.0508518e-02   3.8815649e-02
   2.2727052e-02   3.9895477e-02
   2.4186009e-02   3.8514178e-02
   2.6085336e-02   3.8666323e-02
   2.3277014e-02   3.8722521e-02
   2.8457022e-02   3.7059520e-02
   2.5736287e-02   3.5253098e-02
   2.5937591e-02   3.7257856e-02
   3.0883520e-02   3.8190041e-02
   2.9252766e-02   3.6776868e-02
   2.9664016e-02   3.6767473e-02
   3.0771700e-02   3.5677927e-02
   3.0988229e-02   3.7607264e-02
   3.4598972e-02   3.6349288e-02
   3.6738722e-02   3.7559505e-02
   3.3370162e-02   3.6377638e-02
   3.6274728e-02   3.4307705e-02
   3.3868507e-02   3.5023231e-02
   3.6349540e-02   3.4462909e-02
   3.5005352e-02   3.5128975e-02
   3.7769684e-02   3.5533061e-02
   3.9355453e-02   3.4615063e-02
   3.8578781e-02   3.4558645e-02
   3.9164354e-02   3.3437389e-02
   4.0283820e-02   3.4541381e-02
   4.1808307e-02   3.1673483e-02
   4.3816216e-02   3.3539240e-02
   4.2535382e-02   3.2721275e-02
   4.4564686e-02   3.2637370e-02
   4.6797631e-02   3.1725038e-02
   4.4215286e-02   3.2008748e-02
   4.6640031e-02   3.3603588e-02
   4.5983460e-02   3.0568896e-02
   4.8234608e-02   3.3459520e-02
   4.9229400e-02   3.1884422e-02
   4.8773082e-02   3.1553690e-02
   5.0761092e-02   3.1782795e-02
   5.0091161e-02   2.9095973e-02
   5.3446305e-02   3.0835459e-02
   5.3182532e-02   3.3019411e-02
   5.3336173e-02   2.9830804e-02
   5.4309499e-02   3.1072719e-02
   5.6229131e-02   2.9870167e-02
   5.7126983e-02   2.7154646e-02
   5.6492150e-02   2.9159912e-02
   5.7872644e-02   2.7293924e-02
   6.1386050e-02   2.9098987e-02
   6.2978133e-02   2.8210821e-02
   6.1160345e-02   2.8507651e-02
   6.2471239e-02   2.7311406e-02
   6.3284342e-02   2.5899701e-02
   6.3665680e-02   2.9325044e-02
   6.5902472e-02   2.5476642e-02
   6.6149931e-02   2.8053210e-02
   6.7854165e-02   2.6311408e-02
   6.7411934e-02   2.4753178e-02
   7.1292175e-02   2.6025627e-02
   6.9314564e-02   2.7551567e-02
   6.9612589e-02   2.5489647e-02
   7.1469414e-02   2.4481949e-02
   7.4160099e-02   2.4794199e-02
   7.6018730e-02   2.3824818e-02
   7.6580317e-02   2.5831503e-02
   7.7404082e-02   2.2613288e-02
   7.6822959e-02   2.5321934e-02
   7.9282429e-02   2.5021855e-02
   7.9031431e-02   2.3052293e-02
   8.1783393e-02   2.3811074e-02
   8.2240045e-02   2.3734044e-02
   8.4163487e-02   2.2067977e-02
   8.4272805e-02   2.1071912e-02
   8.4131486e-02   2.0300530e-02
   8.4520547e-02   1.9480904e-02
   8.7437127e-02   1.8488336e-02
   8.7637921e-02   1.9567534e-02
   8.9697074e-02   2.0022450e-02
   9.0652916e-02   1.9379459e-02
   9.1505126e-02   1.9347656e-02
   9.0651374e-02   1.9918420e-02
   9.4983867e-02   1.9438424e-02
   9.3755679e-02   1.9454664e-02
   9.6233358e-02   1.9033051e-02
   9.7013416e-02   1.8104837e-02
   9.8503301e-02   1.8803754e-02
   9.9763449e-02   1.8560808e-02
   1.0164461e-01   1.7757815e-02
   1.0136776e-01   1.7183107e-02
   1.0213845e-01   1.6945083e-02
   1.0394215e-01   1.7466678e-02
   1.0582000e-01   1.5753081e-02
   1.0862343e-01   1.5808531e-02
   1.0841446e-01   1.4322222e-02
   1.0973275e-01   1.6442489e-02
   1.1106469e-01   1.5015190e-02
   1.1265398e-01   1.2941993e-02
   1.1426614e-01   1.4903325e-02
   1.1498783e-01   1.3915551e-02
   1.1556528e-01   1.3735451e-02
   1.1982747e-01   1.4648754e-02
   1.2071885e-01   1.2939968e-02
   1.1857929e-01   1.2065839e-02
   1.2154898e-01   1.2621623e-02
   1.2238303e-01   1.4005583e-02
   1.2496199e-01   1.2963933e-02
   1.2662022e-01   1.2156788e-02
   1.2745226e-01   1.0166440e-02
   1.2780442e-01   9.4675901e-03
   1.2896967e-01   1.1557938e-02
   1.3060288e-01   1.1586373e-02
   1.3158890e-01   8.7894586e-03
   1.3284083e-01   1.1371126e-02
   1.3597413e-01   9.2120571e-03
   1.3797574e-01   8.8184899e-03
   1.3974009e-01   8.1249257e-03
   1.4030628e-01   7.9313222e-03
   1.4278761e-01   9.1893793e-03
   1.4612494e-01   7.4368317e-03
   1.4351100e-01   9.0228397e-03
   1.4510120e-01   7.6819005e-03
   1.4749562e-01   9.0383766e-03
   1.5056852e-01   7.5489064e-03
   1.5053229e-01   7.8511389e-03
   1.5224682e-01   7.1643444e-03
   1.5501773e-01   6.9502969e-03
   1.5249782e-01   5.3998862e-03
   1.5413170e-01   5.3718107e-03
   1.5882022e-01   5.1482643e-03
   1.5901576e-01   3.8160472e-03
   1.5889011e-01   4.7518999e-03
   1.6251810e-01   6.2393339e-03
   1.6300314e-01   6.7260745e-03
   1.6598706e-01   4.8681202e-03
   1.6631457e-01   3.6051705e-03
   1.6947346e-01   3.9185755e-03
   1.7079278e-01   4.7621942e-03
   1.7124596e-01   1.9700053e-03
   1.7351921e-01   3.2783947e-03
   1.7497882e-01   2.2042537e-03
   1.7794097e-01   8.1559669e-04
   1.7861519e-01   3.0696079e-03
   1.8079094e-01   2.5382271e-03
   1.8384906e-01   1.0782072e-03
   1.8258751e-01   1.2009067e-03
   1.8640743e-01  -7.6161857e-04
   1.8713238e-01  -2.2065650e-04
   1.8702172e-01  -1.2288571e-03
   1.9166980e-01   4.4237883e-05
   1.9100302e-01  -1.6842368e-03
   1.9443885e-01  -6.7704976e-04
   1.9656321e-01  -1.6682891e-03
   1.9554571e-01  -2.3718704e-03
   1.9572812e-01  -1.8676020e-03
   2.0087500e-01  -1.6360506e-03
   2.0066673e-01  -2.0203599e-03
   2.0340469e-01  -2.0984047e-03
   2.0567480e-01  -2.2363802e-03
   2.0589479e-01  -3.2597121e-03
   2.0825969e-01  -2.8821058e-03
   2.1119172e-01  -2.6658434e-03
   2.1203214e-01  -4.4362809e-03
   2.1469770e-01  -4.7084921e-03
   2.1580109e-01  -4.1839083e-03
   2.1833358e-01  -5.8308273e-03
   2.1974720e-01  -5.0796952e-03
   2.1983711e-01  -7.2722238e-03
   2.2310213e-01  -5.1668818e-03
   2.2441764e-01  -7.2254844e-03
   2.2684809e-01  -7.7792184e-03
   2.2622105e-01  -7.6626750e-03
   2.3043797e-01  -7.8037748e-03
   2.3023739e-01  -6.1597227e-03
   2.3496331e-01  -9.1566263e-03
   2.3660453e-01  -7.7335423e-03
   2.3682800e-01  -6.4009073e-03
   2.4155359e-01  -7.8958614e-03
   2.4047344e-01  -9.7787423e-03
   2.4431254e-01  -1.2067484e-02
   2.4516373e-01  -7.8858731e-03
   2.4760664e-01  -8.3776582e-03
   2.4719829e-01  -1.2462989e-02
   2.4965051e-01  -1.0699314e-02
   2.5309837e-01  -1.1110083e-02
   2.5454616e-01  -1.1610716e-02
   2.5576364e-01  -1.1398610e-02
   2.5890430e-01  -1.0233570e-02
   2.6015833e-01  -1.0717968e-02
   2.6453746e-01  -1.1273281e-02
   2.6363994e-01  -1.4627700e-02
   2.6484909e-01  -1.2389176e-02
   2.6824011e-01  -1.3476912e-02
   2.7187669e-01  -1.4460432e-02
   2.7037180e-01  -1.4866709e-02
   2.7146506e-01  -1.3293096e-02
   2.7643394e-01  -1.4865793e-02
   2.7687601e-01  -1.5837774e-02
   2.7986608e-01  -1.3579719e-02
   2.8308174e-01  -1.6105295e-02
   2.8461009e-01  -1.7839234e-02
   2.8561453e-01  -1.7365724e-02
   2.8746803e-01  -1.6924874e-02
   2.8892848e-01  -1.6585152e-02
   2.9461524e-01  -1.6465131e-02
   2.9290757e-01  -1.6903585e-02
   2.9609155e-01  -1.5328000e-02
   2.9831088e-01  -1.9839315e-02
   2.9974188e-01  -1.9737473e-02
   3.0075912e-01  -2.1114061e-02
   3.0454135e-01  -2.0465319e-02
   3.0821266e-01  -1.9550321e-02
   3.0865967e-01  -2.0051959e-02
   3.1047811e-01  -2.1415096e-02
   3.1167441e-01  -1.8943408e-02
   3.1399853e-01  -1.9890776e-02
   3.1653425e-01  -2.2283985e-02
   3.1774942e-01  -1.9788014e-02
   3.2206475e-01  -2.1980336e-02
   3.2224818e-01  -2.4067611e-02
   3.2590652e-01  -2.0393232e-02
   3.2659972e-01  -2.2252276e-02
   3.3050682e-01  -2.0947968e-02
   3.3064887e-01  -2.3537867e-02
   3.3425743e-01  -2.3421519e-02
   3.3447676e-01  -2.3092014e-02
   3.3859664e-01  -2.4125593e-02
   3.3993005e-01  -2.4695167e-02
   3.4490262e-01  -2.6225936e-02
   3.4292038e-01  -2.4622018e-02
   3.4917059e-01  -2.3598246e-02
   3.4807110e-01  -2.7034746e-02
   3.5246861e-01  -2.6483870e-02
   3.5117470e-01  -2.3640995e-02
   3.5565551e-01  -2.7119060e-02
   3.5833257e-01  -2.6491159e-02
   3.5910703e-01  -2.6536583e-02
   3.6414580e-01  -2.7387505e-02
   3.6740757e-01  -2.8398368e-02
   3.6629560e-01  -2.6957981e-02
   3.6960637e-01  -2.9424776e-02
   3.7195153e-01  -2.7168291e-02
   3.7460475e-01  -2.6859404e-02
   3.7707610e-01  -2.7963132e-02
   3.7667372e-01  -2.9813384e-02
   3.8128158e-01  -2.8844010e-02
   3.8312963e-01  -2.8483465e-02
   3.8663621e-01  -2.9836459e-02
   3.8759156e-01  -2.9357996e-02
   3.8940794e-01  -2.8503694e-02
   3.9107401e-01  -3.0278955e-02
   3.9474783e-01  -3.0522517e-02
   3.9661172e-01  -2.8712581e-02
   3.9717698e-01  -3.0408844e-02
   3.9955096e-01  -3.1764293e-02
   4.0550534e-01  -3.3038490e-02
   4.0649262e-01  -3.0857469e-02
   4.1055818e-01  -3.2689505e-02
   4.0964937e-01  -3.3549289e-02
   4.1311754e-01  -3.0631553e-02
   4.1651822e-01  -3.3086748e-02
   4.1832920e-01  -3.2699234e-02
   4.1983053e-01  -3.2601679e-02
   4.2419853e-01  -3.4422325e-02
   4.2595922e-01  -3.4333067e-02
   4.2636337e-01  -3.5279680e-02
   4.3051192e-01  -3.2595055e-02
   4.3285242e-01  -3.4528539e-02
   4.3688575e-01  -3.6017416e-02
   4.3636052e-01  -3.5975539e-02
   4.3999396e-01  -3.5825289e-02
   4.4200556e-01  -3.5775175e-02
   4.4567066e-01  -3.4253094e-02
   4.4933033e-01  -3.6155655e-02
   4.4692465e-01  -3.9045527e-02
   4.5222843e-01  -3.5433906e-02
   4.5569307e-01  -3.5600532e-02
   4.5645779e-01  -3.7711211e-02
   4.5834933e-01  -3.7095330e-02
   4.6328131e-01  -3.7403812e-02
   4.6365026e-01  -3.7874079e-02
   4.6842289e-01  -3.9135136e-02
   4.7099155e-01  -3.9931697e-02
   4.7438422e-01  -3.8506667e-02
   4.7347707e-01  -3.6427063e-02
   4.7685456e-01  -3.8793421e-02
   4.7988027e-01  -3.8988088e-02
   4.8130878e-01  -3.8264923e-02
   4.8533336e-01  -3.7535847e-02
   4.8859818e-01  -3.9170029e-02
   4.9022396e-01  -4.2062666e-02
   4.9121486e-01  -3.8383550e-02
   4.9303736e-01  -4.0679545e-02
   4.9763067e-01  -4.1831339e-02
   4.9984614e-01  -4.1473013e-02
   5.0269661e-01  -3.8922696e-02
   5.0540791e-01  -4.1506113e-02
   5.0736039e-01  -4.2793595e-02
   5.0964695e-01  -4.2040759e-02
   5.1331161e-01  -4.1332584e-02
   5.1706709e-01  -4.1690277e-02
   5.1982419e-01  -4.3429154e-02
   5.2334503e-01  -4.5422392e-02
   5.2398554e-01  -4.2146773e-02
   5.2712997e-01  -4.3649136e-02
   5.3100469e-01  -4.5170584e-02
   5.3051974e-01  -4.2219964e-02
   5.3280921e-01  -4.4074161e-02
   5.3587212e-01  -4.2091390e-02
   5.3807167e-01  -4.3576661e-02
   5.4478088e-01  -4.4388436e-02
   5.4325718e-01  -4.3893631e-02
   5.4788685e-01  -4.6306301e-02
   5.4815031e-01  -4.4690325e-02
   5.5362284e-01  -4.4772518e-02
   5.5765434e-01  -4.5523982e-02
   5.5997068e-01  -4.4271145e-02
   5.6030469e-01  -4.7102704e-02
   5.6207214e-01  -4.5715548e-02
   5.6871900e-01  -4.4264852e-02
   5.6972928e-01  -4.7104857e-02
   5.7024233e-01  -4.3918143e-02
   5.7077605e-01  -4.6654841e-02
   5.7477398e-01  -4.6717534e-02
   5.7908077e-01  -4.7944322e-02
   5.8308199e-01  -4.7927630e-02
   5.8215775e-01  -4.5331762e-02
   5.8615197e-01  -4.6115025e-02
   5.9082786e-01  -4.7072401e-02
   5.9166081e-01  -4.7794914e-02
   5.9447086e-01  -4.5684738e-02
   6.0291222e-01  -4.8673706e-02
   6.0062141e-01  -4.7217817e-02
   6.0447274e-01  -5.0329514e-02
   6.0741837e-01  -5.0121089e-02
   6.1027813e-01  -4.9983671e-02
   6.1144296e-01  -4.9593259e-02
   6.1408598e-01  -5.2378241e-02
   6.1883106e-01  -4.9694862e-02
   6.2151040e-01  -5.0810303e-02
   6.2389704e-01  -4.9325640e-02
   6.2602881e-01  -5.1168655e-02
   6.2815258e-01  -5.0546134e-02
   6.3174513e-01  -5.1876439e-02
   6.3599622e-01  -5.1432421e-02
   6.3831004e-01  -5.0001101e-02
   6.3889845e-01  -5.1946191e-02
   6.4291028e-01  -5.3040247e-02
   6.4611086e-01  -5.3248627e-02
   6.5047226e-01  -5.1510197e-02
   6.5041536e-01  -5.1615252e-02
   6.5412945e-01  -5.1169975e-02
   6.5590963e-01  -5.2105638e-02
   6.5939827e-01  -5.3272742e-02
   6.6111891e-01  -5.3047508e-02
   6.6581950e-01  -5.3446857e-02
   6.6864391e-01  -5.4276468e-02
   6.7166169e-01  -5.4046996e-02
   6.7293425e-01  -5.3741259e-02
   6.7654755e-01  -5.2549820e-02
   6.7996971e-01  -5.5163812e-02
   6.8434460e-01  -5.5299455e-02
   6.8708829e-01  -5.4240591e-02
   6.8908039e-01  -5.3715680e-02
   6.9177138e-01  -5.4473062e-02
   6.9289317e-01  -5.5433867e-02
   6.9731613e-01  -5.4491737e-02
   6.9792449e-01  -5.6688342e-02
   7.0263224e-01  -5.7451303e-02
   7.0518900e-01  -5.5521683e-02
   7.0923543e-01  -5.6365571e-02
   7.1111413e-01  -5.6101160e-02
   7.1373527e-01  -5.7405243e-02
   7.1682819e-01  -5.8326292e-02
   7.2013223e-01  -5.6447171e-02
   7.2386010e-01  -5.7422607e-02
   7.2577512e-01  -5.7594874e-02
   7.2924417e-01  -5.6915949e-02
   7.2900545e-01  -5.6459128e-02
   7.3551065e-01  -5.8194261e-02
   7.3519358e-01  -5.9606057e-02
   7.3907277e-01  -5.9029751e-02
   7.4148278e-01  -5.8975192e-02
   7.4422146e-01  -5.9256735e-02
   7.4704647e-01  -5.8227308e-02
   7.5449656e-01  -5.8764686e-02
   7.5283825e-01  -5.9893063e-02
   7.5803195e-01  -5.9802599e-02
   7.5927347e-01  -5.8858180e-02
   7.6176730e-01  -5.9154160e-02
   7.6466243e-01  -5.9501038e-02
   7.6857730e-01  -5.8159175e-02
   7.7153449e-01  -5.7220900e-02
   7.7593761e-01  -6.1301527e-02
   7.7760929e-01  -5.9487189e-02
   7.8245231e-01  -6.0878217e-02
   7.8225992e-01  -5.7330981e-02
   7.8835454e-01  -6.0644015e-02
   7.8654712e-01  -6.0987950e-02
   7.9266701e-01  -6.0099790e-02
   7.9634723e-01  -6.0295137e-02
   7.9838058e-01  -6.1734474e-02
   7.9956400e-01  -6.0936393e-02
   8.0331116e-01  -6.2066610e-02
   8.0564726e-01  -6.2401992e-02
   8.0722857e-01  -6.1262371e-02
   8.1358379e-01  -6.1702394e-02
   8.1346047e-01  -6.1238891e-02
   8.1864527e-01  -6.1837698e-02
   8.2298118e-01  -6.4466170e-02
   8.2323946e-01  -6.2981807e-02
   8.2869435e-01  -6.2068485e-02
   8.3251221e-01  -6.2812888e-02
   8.3338197e-01  -6.1094429e-02
   8.3818325e-01  -6.3285444e-02
   8.4081522e-01  -6.1464744e-02
   8.4294488e-01  -6.4428946e-02
   8.4551338e-01  -6.0964696e-02
   8.4751354e-01  -6.3277830e-02
   8.5290010e-01  -6.1807542e-02
   8.5399778e-01  -6.1007550e-02
   8.5697642e-01  -6.2361196e-02
   8.6037233e-01  -6.3273227e-02
   8.6625970e-01  -6.2486043e-02
   8.6691717e-01  -6.1846782e-02
   8.6958578e-01  -6.2721241e-02
   8.7187958e-01  -6.3697595e-02
   8.7554903e-01  -6.3209914e-02
   8.7755737e-01  -6.1313429e-02
   8.8006428e-01  -6.3454391e-02
   8.8259779e-01  -6.2849277e-02
   8.8562805e-01  -6.3838822e-02
   8.9032572e-01  -6.5556786e-02
   8.9463158e-01  -6.1284890e-02
   8.9474345e-01  -6.4546121e-02
   8.9658593e-01  -6.1811308e-02
   9.0278288e-01  -6.5341505e-02
   9.0427009e-01  -6.3447732e-02
   9.0987870e-01  -6.4576158e-02
   9.0918354e-01  -6.3386788e-02
   9.1317145e-01  -6.3530861e-02
   9.1554288e-01  -6.3166912e-02
   9.1863690e-01  -6.3756440e-02
   9.2121556e-01  -6.3247312e-02
   9.2685244e-01  -6.3695101e-02
   9.2885345e-01  -6.4699553e-02
   9.3220997e-01  -6.2942024e-02
   9.3785629e-01  -6.3945018e-02
   9.3669827e-01  -6.3680111e-02
   9.4152230e-01  -6.6808078e-02
   9.4287027e-01  -6.2983663e-02
   9.4569960e-01  -6.3135822e-02
   9.4922256e-01  -6.4450821e-02
   9.5280065e-01  -6.2465827e-02
   9.5677091e-01  -6.4406178e-02
   9.5674129e-01  -6.2148992e-02
   9.6215024e-01  -6.3181065e-02
   9.6591482e-01  -6.4271896e-02
   9.6840483e-01  -6.4911906e-02
   9.7089490e-01  -6.2631978e-02
   9.7300114e-01  -6.2162533e-02
   9.7651800e-01  -6.5878025e-02
   9.7954150e-01  -6.4301809e-02
   9.8167882e-01  -6.3649602e-02
   9.8325113e-01  -6.4754092e-02
   9.8896755e-01  -6.2336604e-02
   9.9151807e-01  -6.3945949e-02
   9.9566211e-01  -6.4793272e-02
   9.9828924e-01  -6.4585965e-02
   1.0008343e+00  -6.3769190e-02
   1.0034943e+00  -6.4500841e-02
   1.0042373e+00  -6.4343464e-02
   1.0093061e+00  -6.4811448e-02
   1.0102729e+00  -6.4775719e-02
   1.0145466e+00  -6.5320961e-02
   1.0181334e+00  -6.4874547e-02
   1.0223183e+00  -6.4551828e-02
   1.0226969e+00  -6.2966923e-02
   1.0267432e+00  -6.3798691e-02
   1.0282966e+00  -6.4583807e-02
   1.0331597e+00  -6.4061632e-02
   1.0348083e+00  -6.3960526e-02
   1.0367628e+00  -6.5609560e-02
   1.0416367e+00  -6.6052509e-02
   1.0439125e+00  -6.3756446e-02
   1.0472099e+00  -6.4743985e-02
   1.0505091e+00  -6.1193668e-02
   1.0538049e+00  -6.4164376e-02
   1.0548085e+00  -6.5018700e-02
   1.0582647e+00  -6.3001221e-02
   1.0615630e+00  -6.5706248e-02
   1.0638733e+00  -6.5251956e-02
   1.0656811e+00  -6.4268805e-02
   1.0691036e+00  -6.5196107e-02
   1.0731549e+00  -6.4061727e-02
   1.0770936e+00  -6.5732247e-02
   1.0789679e+00  -6.2849087e-02
   1.0828437e+00  -6.1377912e-02
   1.0843444e+00  -6.5552458e-02
   1.0875559e+00  -6.3710353e-02
   1.0909364e+00  -6.3346207e-02
   1.0936691e+00  -6.2651721e-02
   1.0970500e+00  -6.4116504e-02
   1.0993614e+00  -6.4386512e-02
   1.1012555e+00  -6.4341073e-02
   1.1041203e+00  -6.3593395e-02
   1.1092245e+00  -6.4934678e-02
   1.1069675e+00  -6.5167592e-02
   1.1130536e+00  -6.3751996e-02
   1.1146713e+00  -6.5880860e-02
   1.1195083e+00  -6.3255759e-02
   1.1204378e+00  -6.4158584e-02
   1.1256749e+00  -6.2551514e-02
   1.1278440e+00  -6.2373853e-02
   1.1280865e+00  -6.3022776e-02
   1.1327070e+00  -6.3637061e-02
   1.1341745e+00  -6.2647340e-02
   1.1383968e+00  -6.0495893e-02
   1.1417387e+00  -6.3039249e-02
   1.1439524e+00  -6.3093195e-02
   1.1477603e+00  -6.0680588e-02
   1.1490825e+00  -6.2086704e-02
   1.1531902e+00  -6.2440750e-02
   1.1561960e+00  -6.1099254e-02
   1.1582910e+00  -6.1894910e-02
   1.1596128e+00  -6.1394446e-02
   1.1649489e+00  -6.0925652e-02
   1.1636318e+00  -6.3238906e-02
   1.1681921e+00  -6.1827435e-02
   1.1739351e+00  -6.3214772e-02
   1.1737512e+00  -6.0596060e-02
   1.1756741e+00  -6.0691624e-02
   1.1808883e+00  -5.8616566e-02
   1.1826595e+00  -6.1211055e-02
   1.1856604e+00  -5.9086318e-02
   1.1885259e+00  -6.0743497e-02
   1.1905819e+00  -5.9368714e-02
   1.1921137e+00  -5.9354832e-02
   1.1967198e+00  -6.1281039e-02
   1.1996849e+00  -6.0190629e-02
   1.2015427e+00  -6.0162621e-02
   1.2047858e+00  -6.0220426e-02
   1.2057606e+00  -6.1270817e-02
   1.2106934e+00  -5.9359204e-02
   1.2137928e+00  -5.9103109e-02
   1.2156182e+00  -5.9164262e-02
   1.2178267e+00  -5.9110456e-02
   1.2223229e+00  -5.9809434e-02
   1.2251296e+00  -5.7610172e-02
   1.2270992e+00  -5.5927937e-02
   1.2298465e+00  -5.9180425e-02
   1.2322831e+00  -5.9062298e-02
   1.2338578e+00  -5.7850686e-02
   1.2372867e+00  -5.8052627e-02
   1.2392569e+00  -5.7374919e-02
   1.2427918e+00  -5.7487355e-02
   1.2468885e+00  -5.6429083e-02
   1.2462034e+00  -5.6927017e-02
   1.2497160e+00  -5.7010310e-02
   1.2521206e+00  -5.7670034e-02
   1.2561505e+00  -5.8302115e-02
   1.2591422e+00  -5.8282740e-02
   1.2607029e+00  -5.5551813e-02
   1.2621837e+00  -5.7732433e-02
   1.2666211e+00  -5.3814823e-02
   1.2690350e+00  -5.6973650e-02
   1.2722529e+00  -5.5470120e-02
   1.2768649e+00  -5.5744029e-02
   1.2759734e+00  -5.4744393e-02
   1.2804640e+00  -5.5606732e-02
   1.2822295e+00  -5.3061566e-02
   1.2862590e+00  -5.4599143e-02
   1.2865328e+00  -5.4971145e-02
   1.2908200e+00  -5.4793223e-02
   1.2922847e+00  -5.3355147e-02
   1.2938238e+00  -5.4707079e-02
   1.2969864e+00  -5.4317894e-02
   1.2993942e+00  -5.2471776e-02
   1.3022906e+00  -5.4038180e-02
   1.3037976e+00  -5.1148010e-02
   1.3071818e+00  -5.1845174e-02
   1.3096559e+00  -5.1684428e-02
   1.3117812e+00  -5.1762662e-02
   1.3148159e+00  -5.0514883e-02
   1.3190447e+00  -5.0438026e-02
   1.3204939e+00  -5.0819247e-02
   1.3211987e+00  -5.0487178e-02
   1.3250373e+00  -5.1851040e-02
   1.3271986e+00  -5.1578311e-02
   1.3315562e+00  -5.0176153e-02
   1.3331195e+00  -4.9737038e-02
   1.3344623e+00  -5.1319395e-02
   1.3362392e+00  -5.0865239e-02
   1.3419752e+00  -4.7526495e-02
   1.3419180e+00  -4.7703843e-02
   1.3462723e+00  -4.8300476e-02
   1.3488316e+00  -4.7618283e-02
   1.3494597e+00  -4.5267709e-02
   1.3527165e+00  -4.8706903e-02
   1.3538963e+00  -4.7276358e-02
   1.3553117e+00  -4.8603510e-02
   1.3604782e+00  -4.7521273e-02
   1.3622855e+00  -4.6700012e-02
   1.3643555e+00  -4.8010285e-02
   1.3667706e+00  -4.7893747e-02
   1.3687858e+00  -4.6771617e-02
   1.3708301e+00  -4.5330275e-02
   1.3761234e+00  -4.5331384e-02
   1.3775583e+00  -4.4967786e-02
   1.3806258e+00  -4.5274373e-02
   1.3824693e+00  -4.5995078e-02
   1.3832793e+00  -4.3738020e-02
   1.3848969e+00  -4.2979478e-02
   1.3886201e+00  -4.4115382e-02
   1.3913400e+00  -4.1848118e-02
   1.3934065e+00  -4.2082333e-02
   1.3965614e+00  -4.2223203e-02
   1.3967728e+00  -4.2677682e-02
   1.3996929e+00  -4.1455676e-02
   1.4021186e+00  -4.0385908e-02
   1.4024819e+00  -4.0587259e-02
   1.4086998e+00  -4.0861334e-02
   1.4090558e+00  -4.0650823e-02
   1.4105773e+00  -4.0633127e-02
   1.4128206e+00  -4.0752033e-02
   1.4145862e+00  -4.0082564e-02
   1.4192266e+00  -3.8869721e-02
   1.4200332e+00  -4.0009635e-02
   1.4210983e+00  -3.9251737e-02
   1.4234386e+00  -3.7423336e-02
   1.4275800e+00  -3.8793229e-02
   1.4290551e+00  -3.6740522e-02
   1.4309725e+00  -3.8094494e-02
   1.4345516e+00  -3.6756926e-02
   1.4348783e+00  -3.7918297e-02
   1.4364297e+00  -3.4500542e-02
   1.4417874e+00  -3.8196020e-02
   1.4425619e+00  -3.5290289e-02
   1.4415873e+00  -3.5440541e-02
   1.4460312e+00  -3.3610927e-02
   1.4483760e+00  -3.4352367e-02
   1.4497015e+00  -3.3989815e-02
   1.4516123e+00  -3.5055359e-02
   1.4547885e+00  -3.1044297e-02
   1.4578498e+00  -3.3076077e-02
   1.4609721e+00  -2.9453068e-02
   1.4599040e+00  -3.2383539e-02
   1.4632481e+00  -3.2851030e-02
   1.4639277e+00  -3.0708496e-02
   1.4655482e+00  -3.0185712e-02
   1.4714001e+00  -2.9675234e-02
   1.4722736e+00  -2.9884182e-02
   1.4737511e+00  -2.7452202e-02
   1.4750137e+00  -2.8813130e-02
   1.4763569e+00  -2.9884687e-02
   1.4799802e+00  -2.6887323e-02
   1.4829113e+00  -2.7894561e-02
   1.4830702e+00  -2.7793209e-02
   1.4856744e+00  -2.8038220e-02
   1.4855230e+00  -2.8542147e-02
   1.4902290e+00  -2.5601644e-02
   1.4911234e+00  -2.5821332e-02
   1.4925870e+00  -2.5048747e-02
   1.4942564e+00  -2.6550589e-02
   1.4954538e+00  -2.6045699e-02
   1.4998016e+00  -2.4236054e-02
   1.4995485e+00  -2.5356028e-02
   1.5051972e+00  -2.4940204e-02
   1.5026496e+00  -2.4018786e-02
   1.5044250e+00  -2.3155133e-02
   1.5071180e+00  -2.2380087e-02
   1.5097735e+00  -2.2169283e-02
   1.5122338e+00  -2.2942979e-02
   1.5100779e+00  -1.9962645e-02
   1.5154039e+00  -1.9150561e-02
   1.5193206e+00  -2.0903114e-02
   1.5216959e+00  -2.3029855e-02
   1.5222370e+00  -1.9929261e-02
   1.5227620e+00  -1.7007502e-02
   1.5243539e+00  -1.7614939e-02
   1.5274872e+00  -1.7781588e-02
   1.5276304e+00  -1.8705630e-02
   1.5317182e+00  -1.8134196e-02
   1.5295890e+00  -1.7157400e-02
   1.5358052e+00  -1.5579965e-02
   1.5339214e+00  -1.6695381e-02
   1.5374038e+00  -1.8168464e-02
   1.5388536e+00  -1.5424994e-02
   1.5412112e+00  -1.3092639e-02
   1.5417662e+00  -1.3013602e-02
   1.5448407e+00  -1.6294352e-02
   1.5441885e+00  -1.2731554e-02
   1.5462461e+00  -1.2721936e-02
   1.5484275e+00  -1.2569733e-02
   1.5516131e+00  -9.9857239e-03
   1.5529698e+00  -1.0225314e-02
   1.5551418e+00  -1.1140763e-02
   1.5554818e+00  -9.9964188e-03
   1.5584078e+00  -9.2436489e-03
   1.5603036e+00  -1.0122743e-02
   1.5586704e+00  -8.5702146e-03
   1.5614346e+00  -5.9874222e-03
   1.5641347e+00  -7.7248470e-03
   1.5649184e+00  -7.0989943e-03
   1.5663111e+00  -6.7883061e-03
   1.5709279e+00  -6.7713777e-03
   1.5721196e+00  -6.6064167e-03
   1.5728774e+00  -4.4605664e-03
   1.5756416e+00  -5.5617849e-03
   1.5753347e+00  -3.0944892e-03
   1.5758137e+00  -4.4630413e-03
   1.5793125e+00  -3.3845395e-03
   1.5798552e+00  -2.0389704e-03
   1.5812296e+00  -2.1108565e-03
   1.5830498e+00  -1.8260308e-03
   1.5842397e+00  -1.2522539e-03
   1.5869320e+00   4.3630271e-05
   1.5877425e+00  -7.6452720e-04
   1.5888541e+00  -1.4318595e-04
   1.5891896e+00   1.8767235e-03
   1.5911142e+00   2.0342432e-03
   1.5915629e+00   3.4806160e-04
   1.5954986e+00   3.0005909e-03
   1.5972023e+00   4.5863271e-03
   1.5989985e+00   2.9167187e-03
   1.6004428e+00   4.7304430e-03
   1.6016906e+00   5.4113985e-03
   1.6015952e+00   5.4739195e-03
   1.6043188e+00   3.3803514e-03
   1.6059121e+00   5.7203137e-03
   1.6075262e+00   5.7920962e-03
   1.6067044e+00   7.1056672e-03
   1.6105392e+00   8.3979428e-03
   1.6116586e+00   9.8329839e-03
   1.6121300e+00   9.9761389e-03
   1.6143679e+00   1.1806759e-02
   1.6135413e+00   9.5441273e-03
   1.6178298e+00   1.0332241e-02
   1.6197499e+00   1.0329159e-02
   1.6193048e+00   1.3166028e-02
   1.6203742e+00   1.2773636e-02
   1.6217837e+00   1.2034244e-02
   1.6227485e+00   1.1894469e-02
   1.6263082e+00   1.4443838e-02
   1.6247058e+00   1.4698332e-02
   1.6272782e+00   1.4996540e-02
   1.6269869e+00   1.6079712e-02
   1.6282972e+00   1.5575917e-02
   1.6299987e+00   1.7247279e-02
   1.6282498e+00   1.8731230e-02
   1.6302598e+00   1.7900948e-02
   1.6334474e+00   1.9743473e-02
   1.6337327e+00   1.8663140e-02
   1.6385291e+00   2.0195741e-02
   1.6369400e+00   1.9029178e-02
   1.6397667e+00   2.1849183e-02
   1.6393727e+00   2.4812286e-02
   1.6403147e+00   2.4638569e-02
   1.6416161e+00   2.3068187e-02
   1.6422318e+00   2.4188917e-02
   1.6445798e+00   2.3862986e-02
   1.6457149e+00   2.4074969e-02
   1.6468586e+00   2.6060084e-02
   1.6450090e+00   2.4382409e-02
   1.6512218e+00   2.6071956e-02
   1.6488100e+00   2.6341373e-02
   1.6526004e+00   2.6280947e-02
   1.6521466e+00   2.9787412e-02
   1.6508901e+00   2.8188769e-02
   1.6525066e+00   2.9573818e-02
   1.6540452e+00   3.2106794e-02
   1.6544664e+00   3.2727886e-02
   1.6549797e+00   3.2583886e-02
   1.6588854e+00   3.4090850e-02
   1.6572172e+00   3.2926897e-02
   1.6591139e+00   3.3946036e-02
   1.6611409e+00   3.4187414e-02
   1.6621674e+00   3.6557598e-02
   1.6616441e+00   3.6391139e-02
   1.6629935e+00   3.6165891e-02
   1.6636022e+00   3.8019954e-02
   1.6665176e+00   3.7548882e-02
   1.6664837e+00   3.8746577e-02
   1.6667044e+00   3.5549075e-02
   1.6686203e+00   4.0399747e-02
   1.6713694e+00   4.0791438e-02
   1.6687690e+00   4.4191683e-02
   1.6688041e+00   4.3556706e-02
   1.6707433e+00   4.3428231e-02
   1.6719927e+00   4.4734802e-02
   1.6725178e+00   4.3680199e-02
   1.6750269e+00   4.5471513e-02
   1.6736996e+00   4.5308898e-02
   1.6753895e+00   4.5754168e-02
   1.6752562e+00   4.7113527e-02
   1.6778480e+00   4.8004561e-02
   1.6784311e+00   4.9724573e-02
   1.6758538e+00   4.7778844e-02
   1.6797866e+00   4.7910383e-02
   1.6773307e+00   5.1752664e-02
   1.6819297e+00   5.2256084e-02
   1.6819080e+00   5.1485281e-02
   1.6811871e+00   5.4574146e-02
   1.6858887e+00   5.3776938e-02
   1.6828815e+00   5.3825275e-02
   1.6834271e+00   5.5574849e-02
   1.6851538e+00   5.6212569e-02
   1.6840329e+00   5.6369689e-02
   1.6847549e+00   5.6335745e-02
   1.6858283e+00   6.0699892e-02
   1.6849523e+00   5.8779326e-02
   1.6875295e+00   6.0835095e-02
   1.6871718e+00   6.1303603e-02
   1.6878552e+00   6.2921912e-02
   1.6924078e+00   6.0944009e-02
   1.6907820e+00   6.2691405e-02
   1.6895573e+00   6.4583426e-02
   1.6925518e+00   6.4457910e-02
   1.6924038e+00   6.3803683e-02
   1.6946301e+00   6.5506021e-02
   1.6925169e+00   6.6850424e-02
   1.6932773e+00   6.7326953e-02
   1.6950700e+00   7.0962674e-02
   1.6946224e+00   6.7901830e-02
   1.6946885e+00   7.1953395e-02
   1.6953819e+00   7.1760479e-02
   1.6951872e+00   7.1262705e-02
   1.6968106e+00   7.1046637e-02
   1.6963153e+00   7.3306239e-02
   1.6981086e+00   7.5001666e-02
   1.6976378e+00   7.3270625e-02
   1.6980195e+00   7.4437326e-02
   1.6994619e+00   7.6394651e-02
   1.6979233e+00   7.6814290e-02
   1.6997504e+00   7.7247580e-02
   1.6997026e+00   7.8630423e-02
   1.6999895e+00   8.0156292e-02
   1.7014482e+00   8.0175801e-02
   1.6992289e+00   8.1472723e-02
   1.7013907e+00   8.1168494e-02
   1.7027391e+00   8.2058802e-02
   1.7027708e+00   8.5464398e-02
   1.7031067e+00   8.4755646e-02
   1.7026510e+00   8.4373099e-02
   1.7014770e+00   8.5133503e-02
   1.7059171e+00   8.6672693e-02
   1.7022265e+00   8.8201815e-02
   1.7031746e+00   9.0271335e-02
   1.7026969e+00   8.7985843e-02
   1.7048444e+00   8.8876147e-02
   1.7044897e+00   8.8990852e-02
   1.7031491e+00   9.1512272e-02
   1.7046683e+00   9.2671558e-02
   1.7055099e+00   9.3524101e-02
   1.7064888e+00   9.2872452e-02
   1.7060261e+00   9.5654288e-02
   1.7056736e+00   9.7571025e-02
   1.7064766e+00   9.7184944e-02
   1.7083228e+00   9.7646084e-02
   1.7063003e+00   9.7160057e-02
   1.7059992e+00   9.8998824e-02
   1.7075657e+00   9.8596040e-02
   1.7067758e+00   1.0255333e-01
   1.7080731e+00   1.0176185e-01
   1.7064047e+00   1.0184925e-01
   1.7069320e+00   1.0316849e-01
   1.7077672e+00   1.0319446e-01
   1.7096285e+00   1.0595085e-01
   1.7090686e+00   1.0492857e-01
   1.7105897e+00   1.0596041e-01
   1.7070644e+00   1.0899266e-01
   1.7084649e+00   1.0820858e-01
   1.7102825e+00   1.0878549e-01
   1.7070701e+00   1.0890740e-01
   1.7099471e+00   1.1355257e-01
   1.7088731e+00   1.1293000e-01
   1.7080149e+00   1.0988604e-01
   1.7086376e+00   1.1526947e-01
   1.7079441e+00   1.1490908e-01
   1.7088423e+00   1.1658000e-01
   1.7098767e+00   1.1715858e-01
   1.7104745e+00   1.1969383e-01
   1.7065816e+00   1.1922061e-01
   1.7078390e+00   1.2017720e-01
   1.7094604e+00   1.1958178e-01
   1.7091837e+00   1.2185201e-01
   1.7065945e+00   1.2134807e-01
   1.7069372e+00   1.2243120e-01
   1.7068421e+00   1.2152173e-01
   1.7103863e+00   1.2515809e-01
   1.7074834e+00   1.2700299e-01
   1.7078032e+00   1.2642237e-01
   1.7084989e+00   1.2894650e-01
   1.7089328e+00   1.2805239e-01
   1.7073789e+00   1.2750113e-01
   1.7077083e+00   1.2941999e-01
   1.7090164e+00   1.3045595e-01
   1.7088906e+00   1.3235565e-01
   1.7062678e+00   1.3202625e-01
   1.7082046e+00   1.3254974e-01
   1.7058895e+00   1.3426645e-01
   1.7086935e+00   1.3559787e-01
   1.7090824e+00   1.3780987e-01
   1.7053409e+00   1.3694798e-01
   1.7066195e+00   1.3857402e-01
   1.7077305e+00   1.3875715e-01
   1.7060086e+00   1.3694144e-01
   1.7068348e+00   1.3951256e-01
   1.7059303e+00   1.4194712e-01
   1.7071392e+00   1.4314342e-01
   1.7044247e+00   1.4290227e-01
   1.7056077e+00   1.4410918e-01
   1.7060938e+00   1.4486409e-01
   1.7062629e+00   1.4464046e-01
   1.7063801e+00   1.4557375e-01
   1.7026980e+00   1.4594208e-01
   1.7038988e+00   1.4968755e-01
   1.7030389e+00   1.5043229e-01
   1.7027673e+00   1.4911563e-01
   1.7043337e+00   1.5101115e-01
   1.7030464e+00   1.5119870e-01
   1.7040441e+00   1.5170084e-01
   1.7037994e+00   1.5324286e-01
   1.7011784e+00   1.5280823e-01
   1.7007802e+00   1.5523937e-01
   1.7001767e+00   1.5778331e-01
   1.7020072e+00   1.5666957e-01
   1.7005814e+00   1.5742575e-01
   1.7026156e+00   1.5982030e-01
   1.7000797e+00   1.5921334e-01
   1.6984350e+00   1.6291906e-01
   1.6999883e+00   1.6271083e-01
   1.6993186e+00   1.6575812e-01
   1.7001894e+00   1.6538237e-01
   1.6989628e+00   1.6670223e-01
   1.6979702e+00   1.6837755e-01
   1.6973718e+00   1.6623282e-01
   1.6977004e+00   1.6834458e-01
   1.6966746e+00   1.6892979e-01
   1.6992867e+00   1.6868703e-01
   1.6971295e+00   1.7072323e-01
   1.6962852e+00   1.7055759e-01
   1.6945794e+00   1.7353126e-01
   1.6944951e+00   1.7368743e-01
   1.6924833e+00   1.7515762e-01
   1.6926154e+00   1.7637719e-01
   1.6936798e+00   1.7652418e-01
   1.6903459e+00   1.7918260e-01
   1.6904577e+00   1.7789090e-01
   1.6920655e+00   1.7964153e-01
   1.6926340e+00   1.7971502e-01
   1.6918909e+00   1.8275932e-01
   1.6912787e+00   1.8382551e-01
   1.6922812e+00   1.8502854e-01
   1.6904334e+00   1.8668290e-01
   1.6898372e+00   1.8630898e-01
   1.6907147e+00   1.8755558e-01
   1.6884312e+00   1.8846125e-01
   1.6876082e+00   1.8879941e-01
   1.6840293e+00   1.8972897e-01
   1.6870615e+00   1.9159658e-01
   1.6868384e+00   1.9319291e-01
   1.6840114e+00   1.9264562e-01
   1.6840297e+00   1.9444939e-01
   1.6840823e+00   1.9420982e-01
   1.6848821e+00   1.9834185e-01
   1.6817618e+00   1.9886430e-01
   1.6823279e+00   1.9711642e-01
   1.6814637e+00   1.9700635e-01
   1.6821375e+00   1.9942758e-01
   1.6814605e+00   2.0139563e-01
   1.6793796e+00   2.0032700e-01
   1.6815250e+00   2.0486127e-01
   1.6790842e+00   2.0442765e-01
   1.6788934e+00   2.0456950e-01
   1.6785287e+00   2.0540811e-01
   1.6768099e+00   2.0851335e-01
   1.6762449e+00   2.0778087e-01
   1.6761379e+00   2.1008967e-01
   1.6742204e+00   2.1184685e-01
   1.6749177e+00   2.1283279e-01
   1.6732847e+00   2.1119613e-01
   1.6731459e+00   2.1201749e-01
   1.6730032e+00   2.1393577e-01
   1.6727799e+00   2.1680548e-01
   1.6724540e+00   2.1759247e-01
   1.6700018e+00   2.1817438e-01
   1.6679877e+00   2.1949752e-01
   1.6687243e+00   2.2066595e-01
   1.6698645e+00   2.2135716e-01
   1.6682377e+00   2.2207008e-01
   1.6677710e+00   2.2209671e-01
   1.6649179e+00   2.2325438e-01
   1.6646545e+00   2.2543716e-01
   1.6649608e+00   2.2710650e-01
   1.6654624e+00   2.2881897e-01
   1.6646810e+00   2.3170853e-01
   1.6618200e+00   2.2933543e-01
   1.6602903e+00   2.3136531e-01
   1.6605638e+00   2.3279758e-01
   1.6627782e+00   2.3385629e-01
   1.6593905e+00   2.3508769e-01
   1.6569374e+00   2.3335259e-01
   1.6571757e+00   2.3565177e-01
   1.6549993e+00   2.3803844e-01
   1.6561537e+00   2.3821724e-01
   1.6526543e+00   2.3777433e-01
   1.6541338e+00   2.4032347e-01
   1.6537523e+00   2.4166668e-01
   1.6524234e+00   2.4108216e-01
   1.6522805e+00   2.4504542e-01
   1.6508837e+00   2.4336579e-01
   1.6489110e+00   2.4629990e-01
   1.6487676e+00   2.4731043e-01
   1.6480693e+00   2.4792815e-01
   1.6494572e+00   2.4770863e-01
   1.6456690e+00   2.5031972e-01
   1.6475027e+00   2.5015574e-01
   1.6455162e+00   2.5298298e-01
   1.6447503e+00   2.5442571e-01
   1.6426504e+00   2.5461461e-01
   1.6410785e+00   2.5600558e-01
   1.6413944e+00   2.5909686e-01
   1.6400893e+00   2.5758259e-01
   1.6356037e+00   2.5924970e-01
   1.6385446e+00   2.5929985e-01
   1.6401732e+00   2.6143051e-01
   1.6369192e+00   2.6255144e-01
   1.6348193e+00   2.6342414e-01
   1.6344473e+00   2.6400488e-01
   1.6328412e+00   2.6605804e-01
   1.6326952e+00   2.6646922e-01
   1.6322722e+00   2.6635657e-01
   1.6303512e+00   2.6911806e-01
   1.6322423e+00   2.7242960e-01
   1.6298079e+00   2.7103897e-01
   1.6292064e+00   2.7063338e-01
   1.6290517e+00   2.7452653e-01
   1.6288633e+00   2.7285066e-01
   1.6252366e+00   2.7355232e-01
   1.6243946e+00   2.7692842e-01
   1.6231175e+00   2.7769159e-01
   1.6238612e+00   2.7749098e-01
   1.6236059e+00   2.7997597e-01
   1.6220095e+00   2.8145993e-01
   1.6218570e+00   2.8258334e-01
   1.6209649e+00   2.8239776e-01
   1.6195148e+00   2.8617374e-01
   1.6166965e+00   2.8335315e-01
   1.6186071e+00   2.8933740e-01
   1.6153009e+00   2.8831587e-01
   1.6147383e+00   2.9056349e-01
   1.6136098e+00   2.9217469e-01
   1.6123103e+00   2.9148022e-01
   1.6128590e+00   2.9108357e-01
   1.6106636e+00   2.9316047e-01
   1.6097756e+00   2.9472081e-01
   1.6091729e+00   2.9666454e-01
   1.6084280e+00   2.9669776e-01
   1.6078785e+00   2.9629489e-01
   1.6075899e+00   2.9783362e-01
   1.6056335e+00   3.0000076e-01
   1.6047855e+00   3.0196255e-01
   1.6046861e+00   2.9988456e-01
   1.6049359e+00   3.0424015e-01
   1.6024116e+00   3.0533892e-01
   1.6003351e+00   3.0687156e-01
   1.5998757e+00   3.0657512e-01
   1.6003846e+00   3.0907209e-01
   1.5972625e+00   3.0959340e-01
   1.5969777e+00   3.0722452e-01
   1.5954772e+00   3.1013677e-01
   1.5935834e+00   3.1392297e-01
   1.5934966e+00   3.1198974e-01
   1.5933746e+00   3.1435691e-01
   1.5939585e+00   3.1441761e-01
   1.5917156e+00   3.1691102e-01
   1.5886666e+00   3.1804013e-01
   1.5899779e+00   3.1789372e-01
   1.5880026e+00   3.2016816e-01
   1.5866986e+00   3.1986459e-01
   1.5855917e+00   3.2298304e-01
   1.5862312e+00   3.2439361e-01
   1.5835500e+00   3.2774496e-01
   1.5857249e+00   3.2581746e-01
   1.5822518e+00   3.2523958e-01
   1.5824896e+00   3.2618421e-01
   1.5820546e+00   3.2860579e-01
   1.5798843e+00   3.2977985e-01
   1.5793612e+00   3.3226693e-01
   1.5776545e+00   3.3560810e-01
   1.5767735e+00   3.3478771e-01
   1.5753211e+00   3.3469001e-01
   1.5758642e+00   3.3493251e-01
   1.5724705e+00   3.3611536e-01
   1.5733958e+00   3.3990951e-01
   1.5721853e+00   3.4120653e-01
   1.5704782e+00   3.4234300e-01
   1.5706847e+00   3.4213078e-01
   1.5683099e+00   3.4450400e-01
   1.5684286e+00   3.4505807e-01
   1.5676694e+00   3.4343018e-01
   1.5655618e+00   3.4857793e-01
   1.5657654e+00   3.4663932e-01
   1.5646172e+00   3.4874714e-01
   1.5638677e+00   3.4990328e-01
   1.5610247e+00   3.5220144e-01
   1.5618219e+00   3.5230980e-01
   1.5611386e+00   3.5264350e-01
   1.5616305e+00   3.5393304e-01
   1.5579802e+00   3.5639781e-01
   1.5572788e+00   3.5854881e-01
   1.5575406e+00   3.5590512e-01
   1.5557498e+00   3.6077752e-01
   1.5576877e+00   3.5933547e-01
   1.5535824e+00   3.6138860e-01
   1.5525667e+00   3.6423419e-01
   1.5536949e+00   3.6484226e-01
   1.5511839e+00   3.6469955e-01
   1.5498002e+00   3.6680932e-01
   1.5506751e+00   3.6736814e-01
   1.5481723e+00   3.6794035e-01
   1.5472042e+00   3.6950442e-01
   1.5481054e+00   3.7122862e-01
   1.5445085e+00   3.7387376e-01
   1.5425687e+00   3.7258845e-01
   1.5412891e+00   3.7407473e-01
   1.5420873e+00   3.7535533e-01
   1.5404961e+00   3.7713583e-01
   1.5402692e+00   3.8041307e-01
   1.5387010e+00   3.7923633e-01
   1.5400440e+00   3.8091320e-01
   1.5391885e+00   3.8181447e-01
   1.5377964e+00   3.8348517e-01
   1.5365087e+00   3.8412213e-01
   1.5349098e+00   3.8616833e-01
   1.5347425e+00   3.8701827e-01
   1.5327240e+00   3.8395718e-01
   1.5330568e+00   3.8720035e-01
   1.5302688e+00   3.9019390e-01
   1.5290338e+00   3.9186645e-01
   1.5288498e+00   3.9243329e-01
   1.5289897e+00   3.9189001e-01
   1.5267792e+00   3.9411510e-01
   1.5256824e+00   3.9561410e-01
   1.5243223e+00   3.9556684e-01
   1.5246788e+00   3.9567837e-01
   1.5244778e+00   3.9927095e-01
   1.5237776e+00   3.9898286e-01
   1.5188297e+00   4.0138619e-01
   1.5214578e+00   4.0159127e-01
   1.5205673e+00   4.0423753e-01
   1.5198224e+00   4.0514764e-01
   1.5183511e+00   4.0539994e-01
   1.5159817e+00   4.0909471e-01
   1.5162473e+00   4.0874982e-01
   1.5151326e+00   4.0948418e-01
   1.5135453e+00   4.1046741e-01
   1.5132160e+00   4.1402262e-01
   1.5104344e+00   4.1341718e-01
   1.5118783e+00   4.1238396e-01
   1.5110232e+00   4.1595443e-01
   1.5119439e+00   4.1901244e-01
   1.5093171e+00   4.1983655e-01
   1.5074097e+00   4.1863751e-01
   1.5073551e+00   4.2108287e-01
   1.5066158e+00   4.2206256e-01
   1.5039363e+00   4.2405742e-01
   1.5061584e+00   4.2584642e-01
   1.5034627e+00   4.2596890e-01
   1.4998852e+00   4.2715336e-01
   1.5003984e+00   4.2826001e-01
   1.5026461e+00   4.2821757e-01
   1.5002560e+00   4.2866781e-01
   1.5026801e+00   4.3094088e-01
   1.4980776e+00   4.3293831e-01
   1.4978243e+00   4.3387209e-01
   1.4978849e+00   4.3620806e-01
   1.4972002e+00   4.3600104e-01
   1.4931408e+00   4.3831683e-01
   1.4943753e+00   4.3815653e-01
   1.4907567e+00   4.4046108e-01
   1.4912956e+00   4.4010503e-01
   1.4940709e+00   4.4286969e-01
   1.4903203e+00   4.4384214e-01
   1.4902379e+00   4.4294626e-01
   1.4907604e+00   4.4576701e-01
   1.4896152e+00   4.4669990e-01
   1.4873203e+00   4.4844342e-01
   1.4876296e+00   4.4920588e-01
   1.4874761e+00   4.4915099e-01
   1.4858395e+00   4.5198822e-01
   1.4845628e+00   4.5380278e-01
   1.4840355e+00   4.5331160e-01
   1.4815090e+00   4.5755507e-01
   1.4832842e+00   4.5736026e-01
   1.4821997e+00   4.5679277e-01
   1.4817455e+00   4.5799567e-01
   1.4791913e+00   4.6029375e-01
   1.4796830e+00   4.5853268e-01
   1.4802357e+00   4.6223079e-01
   1.4783452e+00   4.6290822e-01
   1.4778334e+00   4.6439360e-01
   1.4785168e+00   4.6677214e-01
   1.4761052e+00   4.6756663e-01
   1.4734413e+00   4.6597032e-01
   1.4737851e+00   4.7053921e-01
   1.4716115e+00   4.6968155e-01
   1.4724417e+00   4.7041006e-01
   1.4729417e+00   4.7259843e-01
   1.4709095e+00   4.7564247e-01
   1.4710879e+00   4.7528478e-01
   1.4695795e+00   4.7678433e-01
   1.4700397e+00   4.7662845e-01
   1.4686054e+00   4.7863700e-01
   1.4681270e+00   4.8065026e-01
   1.4677520e+00   4.8051817e-01
   1.4668816e+00   4.8113451e-01
   1.4658862e+00   4.8207359e-01
   1.4651122e+00   4.8410731e-01
   1.4642899e+00   4.8495150e-01
   1.4651119e+00   4.8291978e-01
   1.4630595e+00   4.8902010e-01
   1.4634937e+00   4.8958084e-01
   1.4621019e+00   4.8970515e-01
   1.4647226e+00   4.9082973e-01
   1.4608790e+00   4.9246674e-01
   1.4602257e+00   4.9123495e-01
   1.4573684e+00   4.9596806e-01
   1.4589899e+00   4.9485560e-01
   1.4581903e+00   4.9490371e-01
   1.4606019e+00   4.9853049e-01
   1.4582076e+00   5.0028955e-01
   1.4573090e+00   5.0145844e-01
   1.4557824e+00   5.0154870e-01
   1.4562033e+00   5.0051501e-01
   1.4557854e+00   5.0455912e-01
   1.4556687e+00   5.0510642e-01
   1.4568000e+00   5.0400117e-01
   1.4532958e+00   5.0683583e-01
   1.4542595e+00   5.0754561e-01
   1.4553646e+00   5.0719898e-01
   1.4519658e+00   5.0981475e-01
   1.4518423e+00   5.0965577e-01
   1.4525149e+00   5.1320952e-01
   1.4507112e+00   5.1375469e-01
   1.4505446e+00   5.1480783e-01
   1.4508801e+00   5.1605447e-01
   1.4501868e+00   5.1798345e-01
   1.4526242e+00   5.1991282e-01
   1.4508048e+00   5.1797858e-01
   1.4496841e+00   5.2157423e-01
   1.4492159e+00   5.2170203e-01
   1.4491020e+00   5.2159879e-01
   1.4485720e+00   5.2335761e-01
   1.4474528e+00   5.2652307e-01
   1.4460308e+00   5.2741662e-01
   1.4477714e+00   5.2742880e-01
   1.4453138e+00   5.2839315e-01
   1.4445834e+00   5.2870834e-01
   1.4457759e+00   5.3078720e-01
   1.4453431e+00   5.3171534e-01
   1.4445814e+00   5.3131113e-01
   1.4444579e+00   5.3399349e-01
   1.4441796e+00   5.3701255e-01
   1.4444587e+00   5.3825234e-01
   1.4434035e+00   5.3919390e-01
   1.4444381e+00   5.3842345e-01
   1.4456675e+00   5.3888201e-01
   1.4428080e+00   5.4180604e-01
   1.4433537e+00   5.4201873e-01
   1.4418794e+00   5.4193416e-01
   1.4416559e+00   5.4503464e-01
   1.4416928e+00   5.4660373e-01
   1.4437901e+00   5.4650779e-01
   1.4408785e+00   5.5075948e-01
   1.4419475e+00   5.4896657e-01
   1.4409533e+00   5.5326071e-01
   1.4406221e+00   5.5415645e-01
   1.4431956e+00   5.5374063e-01
   1.4430620e+00   5.5501847e-01
   1.4406523e+00   5.5504968e-01
   1.4400350e+00   5.5730622e-01
   1.4395686e+00   5.5848276e-01
   1.4412406e+00   5.5979172e-01
   1.4395461e+00   5.6028320e-01
   1.4391774e+00   5.6202048e-01
   1.4409090e+00   5.6375376e-01
   1.4429495e+00   5.6198549e-01
   1.4403028e+00   5.6465992e-01
   1.4391201e+00   5.6761619e-01
   1.4408212e+00   5.6726332e-01
   1.4386300e+00   5.6654711e-01
   1.4401209e+00   5.6873048e-01
   1.4392303e+00   5.7084297e-01
   1.4364604e+00   5.7073907e-01
   1.4405654e+00   5.7273680e-01
   1.4388705e+00   5.7345097e-01
   1.4408020e+00   5.7737434e-01
   1.4395467e+00   5.7592525e-01
   1.4395669e+00   5.7772785e-01
   1.4393034e+00   5.7950724e-01
   1.4403524e+00   5.8014419e-01
   1.4397466e+00   5.8147447e-01
   1.4396701e+00   5.8267676e-01
   1.4392766e+00   5.8225071e-01
   1.4393429e+00   5.8481082e-01
   1.4400116e+00   5.8494778e-01
   1.4394020e+00   5.8449893e-01
   1.4418467e+00   5.8764264e-01
   1.4409666e+00   5.8811192e-01
   1.4398484e+00   5.8870565e-01
   1.4391871e+00   5.9050966e-01
   1.4398912e+00   5.9276485e-01
   1.4400113e+00   5.9200944e-01
   1.4418801e+00   5.9669454e-01
   1.4421102e+00   5.9392777e-01
   1.4402688e+00   5.9705193e-01
   1.4411637e+00   5.9843108e-01
   1.4417626e+00   5.9958743e-01
   1.4420818e+00   6.0067858e-01
   1.4417393e+00   6.0027882e-01
   1.4411384e+00   6.0265823e-01
   1.4415318e+00   6.0355718e-01
   1.4435715e+00   6.0656625e-01
   1.4429478e+00   6.0268951e-01
   1.4443538e+00   6.0867580e-01
   1.4424598e+00   6.0857471e-01
   1.4431719e+00   6.0972762e-01
   1.4456835e+00   6.0898629e-01
   1.4436741e+00   6.1075096e-01
   1.4426234e+00   6.1294170e-01
   1.4420777e+00   6.1363031e-01
   1.4444863e+00   6.1492021e-01
   1.4442856e+00   6.1261194e-01
   1.4441323e+00   6.1498927e-01
   1.4457184e+00   6.1546638e-01
   1.4454210e+00   6.1817012e-01
   1.4449016e+00   6.1891236e-01
   1.4453968e+00   6.2009583e-01
   1.4469893e+00   6.2165905e-01
   1.4443541e+00   6.2324393e-01
   1.4448064e+00   6.2470981e-01
   1.4460357e+00   6.2416800e-01
   1.4466923e+00   6.2355807e-01
   1.4486347e+00   6.2619857e-01
   1.4482636e+00   6.2731290e-01
   1.4485179e+00   6.2827450e-01
   1.4484096e+00   6.2996591e-01
   1.4482718e+00   6.3270482e-01
   1.4492889e+00   6.3273152e-01
   1.4524323e+00   6.3241590e-01
   1.4496380e+00   6.3404106e-01
   1.4522198e+00   6.3751948e-01
   1.4513689e+00   6.3696995e-01
   1.4531275e+00   6.3674603e-01
   1.4526151e+00   6.3799395e-01
   1.4522993e+00   6.3822343e-01
   1.4503122e+00   6.4279772e-01
   1.4538178e+00   6.4044008e-01
   1.4553534e+00   6.4389753e-01
   1.4535836e+00   6.4541962e-01
   1.4530446e+00   6.4662241e-01
   1.4551588e+00   6.4569260e-01
   1.4550788e+00   6.4924206e-01
   1.4551834e+00   6.4967537e-01
   1.4557627e+00   6.4961773e-01
   1.4577637e+00   6.5067423e-01
   1.4595656e+00   6.5289332e-01
   1.4579560e+00   6.5183003e-01
   1.4594721e+00   6.5512412e-01
   1.4600629e+00   6.5414147e-01
   1.4612907e+00   6.5672592e-01
   1.4606101e+00   6.5614474e-01
   1.4627948e+00   6.5646008e-01
   1.4638081e+00   6.5925889e-01
   1.4636531e+00   6.6174195e-01
   1.4652578e+00   6.5946098e-01
   1.4650626e+00   6.6294100e-01
   1.4658269e+00   6.6442351e-01
   1.4656786e+00   6.6388396e-01
   1.4648451e+00   6.6719128e-01
   1.4667483e+00   6.6588089e-01
   1.4695684e+00   6.6590298e-01
   1.4689008e+00   6.6980554e-01
   1.4713264e+00   6.7224346e-01
   1.4698810e+00   6.7217369e-01
   1.4731235e+00   6.7194264e-01
   1.4701330e+00   6.7234773e-01
   1.4725490e+00   6.7304134e-01
   1.4750107e+00   6.7522466e-01
   1.4751588e+00   6.7385844e-01
   1.4779858e+00   6.7818850e-01
   1.4772418e+00   6.7909603e-01
   1.4780072e+00   6.8096048e-01
   1.4779511e+00   6.8061748e-01
   1.4813728e+00   6.8191624e-01
   1.4825875e+00   6.8318892e-01
   1.4806426e+00   6.8368419e-01
   1.4819352e+00   6.8554239e-01
   1.4843832e+00   6.8461177e-01
   1.4868709e+00   6.8709002e-01
   1.4852514e+00   6.8762877e-01
   1.4858751e+00   6.9002871e-01
   1.4885683e+00   6.9066469e-01
   1.4897948e+00   6.9163959e-01
   1.4885731e+00   6.9339139e-01
   1.4916612e+00   6.9564501e-01
   1.4932759e+00   6.9441549e-01
   1.4916521e+00   6.9406971e-01
   1.4962334e+00   6.9458393e-01
   1.4944677e+00   6.9804520e-01
   1.4970330e+00   6.9929047e-01
   1.4978706e+00   7.0078195e-01
   1.4986659e+00   7.0304134e-01
   1.5004917e+00   7.0096826e-01
   1.5001205e+00   7.0171375e-01
   1.5023186e+00   7.0576593e-01
   1.5057302e+00   7.0443557e-01
   1.5047927e+00   7.0604308e-01
   1.5073298e+00   7.0900989e-01
   1.5064783e+00   7.0677127e-01
   1.5092333e+00   7.0800141e-01
   1.5096640e+00   7.0950896e-01
   1.5115286e+00   7.1383057e-01
   1.5120454e+00   7.1079531e-01
   1.5144839e+00   7.1364791e-01
   1.5161060e+00   7.1307223e-01
   1.5183717e+00   7.1741588e-01
   1.5175360e+00   7.1429260e-01
   1.5184539e+00   7.1637603e-01
   1.5213965e+00   7.1817184e-01
   1.5212753e+00   7.1911450e-01
   1.5252851e+00   7.2021233e-01
   1.5257071e+00   7.2306583e-01
   1.5248780e+00   7.2260842e-01
   1.5244401e+00   7.2298709e-01
   1.5276276e+00   7.2519755e-01
   1.5299684e+00   7.2679022e-01
   1.5320744e+00   7.2574247e-01
   1.5324244e+00   7.2746482e-01
   1.5332998e+00   7.2841545e-01
   1.5353929e+00   7.2857016e-01
   1.5377674e+00   7.3101887e-01
   1.5383358e+00   7.3027797e-01
   1.5394945e+00   7.3211938e-01
   1.5423928e+00   7.3235615e-01
   1.5448550e+00   7.3500294e-01
   1.5459638e+00   7.3682713e-01
   1.5487806e+00   7.3732078e-01
   1.5485639e+00   7.3699270e-01
   1.5515792e+00   7.3927633e-01
   1.5514276e+00   7.3994586e-01
   1.5545644e+00   7.3881960e-01
   1.5532223e+00   7.4256413e-01
   1.5580798e+00   7.4035933e-01
   1.5587532e+00   7.4384267e-01
   1.5594309e+00   7.4612176e-01
   1.5619726e+00   7.4672840e-01
   1.5607178e+00   7.4776649e-01
   1.5677279e+00   7.4795773e-01
   1.5654662e+00   7.4781714e-01
   1.5689563e+00   7.5065056e-01
   1.5714077e+00   7.4866949e-01
   1.5716386e+00   7.5059335e-01
   1.5740937e+00   7.5216945e-01
   1.5743060e+00   7.5323903e-01
   1.5788212e+00   7.5562776e-01
   1.5771635e+00   7.5687576e-01
   1.5799437e+00   7.5772275e-01
   1.5830671e+00   7.5677416e-01
   1.5833233e+00   7.5767466e-01
   1.5837071e+00   7.5790849e-01
   1.5882668e+00   7.6141609e-01
   1.5897052e+00   7.6037071e-01
   1.5906792e+00   7.6156386e-01
   1.5923727e+00   7.6281088e-01
   1.5956967e+00   7.6608076e-01
   1.5981175e+00   7.6396699e-01
   1.5990009e+00   7.6557556e-01
   1.5981273e+00   7.6754381e-01
   1.6016913e+00   7.6818855e-01
   1.6026818e+00   7.6974116e-01
   1.6066636e+00   7.6696667e-01
   1.6085022e+00   7.7033498e-01
   1.6102743e+00   7.7258229e-01
   1.6128668e+00   7.7380975e-01
   1.6140458e+00   7.7346152e-01
   1.6163920e+00   7.7392476e-01
   1.6185330e+00   7.7559611e-01
   1.6209190e+00   7.7772105e-01
   1.6210053e+00   7.7561430e-01
   1.6243549e+00   7.7781050e-01
   1.6276070e+00   7.7780849e-01
   1.6284736e+00   7.8101120e-01
   1.6324445e+00   7.8109383e-01
   1.6333406e+00   7.8128432e-01
   1.6355441e+00   7.8305494e-01
   1.6359084e+00   7.8293187e-01
   1.6387885e+00   7.8423651e-01
   1.6400885e+00   7.8404361e-01
   1.6424437e+00   7.8604011e-01
   1.6452821e+00   7.8637984e-01
   1.6475549e+00   7.9052985e-01
   1.6492413e+00   7.9014140e-01
   1.6508919e+00   7.8996042e-01
   1.6543036e+00   7.9125579e-01
   1.6553162e+00   7.9281994e-01
   1.6576624e+00   7.9234161e-01
   1.6617461e+00   7.9510668e-01
   1.6624603e+00   7.9454037e-01
   1.6662980e+00   7.9531345e-01
   1.6682550e+00   7.9625080e-01
   1.6713299e+00   7.9749309e-01
   1.6724736e+00   7.9795860e-01
   1.6744766e+00   7.9936623e-01
   1.6746256e+00   7.9954994e-01
   1.6787154e+00   8.0112576e-01
   1.6803177e+00   8.0155736e-01
   1.6836041e+00   8.0308370e-01
   1.6855911e+00   8.0447472e-01
   1.6894434e+00   8.0475608e-01
   1.6904304e+00   8.0639406e-01
   1.6937506e+00   8.0640498e-01
   1.6951035e+00   8.0963275e-01
   1.6989546e+00   8.0988295e-01
   1.6983065e+00   8.0781272e-01
   1.7025558e+00   8.0922577e-01
   1.7057211e+00   8.1015718e-01
   1.7072777e+00   8.1225297e-01
   1.7106724e+00   8.1310605e-01
   1.7113056e+00   8.1314546e-01
   1.7137634e+00   8.1521140e-01
   1.7148543e+00   8.1645420e-01
   1.7190979e+00   8.1651023e-01
   1.7230853e+00   8.1911926e-01
   1.7247286e+00   8.1749963e-01
   1.7242222e+00   8.1781947e-01
   1.7307561e+00   8.1967005e-01
   1.7313716e+00   8.2285781e-01
   1.7346546e+00   8.2091120e-01
   1.7363256e+00   8.2122303e-01
   1.7407535e+00   8.2346009e-01
   1.7419306e+00   8.2262899e-01
   1.7444367e+00   8.2621261e-01
   1.7464993e+00   8.2462250e-01
   1.7502322e+00   8.2806405e-01
   1.7532089e+00   8.2759005e-01
   1.7569731e+00   8.2913680e-01
   1.7571459e+00   8.2870668e-01
   1.7605961e+00   8.3314648e-01
   1.7634604e+00   8.3124440e-01
   1.7667672e+00   8.3102276e-01
   1.7685233e+00   8.3324867e-01
   1.7719847e+00   8.3566444e-01
   1.7720909e+00   8.3275350e-01
   1.7770569e+00   8.3464611e-01
   1.7804519e+00   8.3698654e-01
   1.7812046e+00   8.3996340e-01
   1.7849616e+00   8.3487187e-01
   1.7885295e+00   8.3618652e-01
   1.7903338e+00   8.3898647e-01
   1.7953407e+00   8.3965603e-01
   1.7955820e+00   8.4115173e-01
   1.8004513e+00   8.4334385e-01
   1.8015460e+00   8.4258154e-01
   1.8044853e+00   8.4380162e-01
   1.8069515e+00   8.4592630e-01
   1.8102767e+00   8.4389963e-01
   1.8114095e+00   8.4491546e-01
   1.8178885e+00   8.4518214e-01
   1.8201749e+00   8.4826335e-01
   1.8229816e+00   8.4983280e-01
   1.8245454e+00   8.4929064e-01
   1.8298228e+00   8.4951396e-01
   1.8285629e+00   8.5113940e-01
   1.8340790e+00   8.5157490e-01
   1.8379452e+00   8.5325403e-01
   1.8382917e+00   8.5495291e-01
   1.8416806e+00   8.5376128e-01
   1.8447014e+00   8.5238393e-01
   1.8500915e+00   8.5504524e-01
   1.8506189e+00   8.5541849e-01
   1.8547669e+00   8.5713295e-01
   1.8578159e+00   8.5877906e-01
   1.8611454e+00   8.5996776e-01
   1.8633429e+00   8.5884981e-01
   1.8657561e+00   8.6183816e-01
   1.8695888e+00   8.6321037e-01
   1.8721890e+00   8.6046624e-01
   1.8773022e+00   8.6363440e-01
   1.8776799e+00   8.6464367e-01
   1.8833009e+00   8.6641902e-01
   1.8849863e+00   8.6726596e-01
   1.8876018e+00   8.6438459e-01
   1.8923441e+00   8.6700670e-01
   1.8945571e+00   8.6696256e-01
   1.8972573e+00   8.7129357e-01
   1.9013879e+00   8.6863178e-01
   1.9029215e+00   8.6946895e-01
   1.9087348e+00   8.7207704e-01
   1.9122386e+00   8.7190418e-01
   1.9123477e+00   8.7467125e-01
   1.9184298e+00   8.7534792e-01
   1.9234335e+00   8.7385624e-01
   1.9253267e+00   8.7466264e-01
   1.9291381e+00   8.7598060e-01
   1.9279236e+00   8.7828831e-01
   1.9326322e+00   8.7556708e-01
   1.9395591e+00   8.7837992e-01
   1.9394167e+00   8.7869060e-01
   1.9438206e+00   8.7661825e-01
   1.9462758e+00   8.7829919e-01
   1.9485575e+00   8.8235103e-01
   1.9534185e+00   8.8246896e-01
   1.9572543e+00   8.8358212e-01
   1.9588800e+00   8.8396877e-01
   1.9626428e+00   8.8470193e-01
   1.9653552e+00   8.8430062e-01
   1.9705953e+00   8.8744349e-01
   1.9742149e+00   8.8615313e-01
   1.9777321e+00   8.8785197e-01
   1.9803520e+00   8.8769698e-01
   1.9826847e+00   8.9032946e-01
   1.9877424e+00   8.8935926e-01
   1.9905376e+00   8.8922574e-01
   1.9951316e+00   8.8961079e-01
   1.9957904e+00   8.9118764e-01
   2.0009631e+00   8.9105773e-01
   2.0065709e+00   8.9167031e-01
   2.0059037e+00   8.9358820e-01
   2.0120067e+00   8.9395837e-01
   2.0147109e+00   8.9451006e-01
   2.0199575e+00   8.9645074e-01
   2.0227261e+00   8.9558441e-01
   2.0267578e+00   8.9519811e-01
   2.0290294e+00   8.9804405e-01
   2.0307884e+00   9.0011844e-01
   2.0359818e+00   9.0071263e-01
   2.0383075e+00   9.0048446e-01
   2.0423646e+00   9.0342405e-01
   2.0479231e+00   9.0271618e-01
   2.0496485e+00   9.0250920e-01
   2.0525329e+00   9.0388683e-01
   2.0559957e+00   9.0325284e-01
   2.0580915e+00   9.0579788e-01
   2.0644445e+00   9.0377328e-01
   2.0678814e+00   9.0581250e-01
   2.0725342e+00   9.0760769e-01
   2.0745979e+00   9.0681732e-01
   2.0774922e+00   9.0747901e-01
   2.0810617e+00   9.1050095e-01
   2.0855632e+00   9.0938962e-01
   2.0891010e+00   9.1265435e-01
   2.0926959e+00   9.1030790e-01
   2.0948495e+00   9.1088238e-01
   2.0991742e+00   9.1259497e-01
   2.1022989e+00   9.1122506e-01
   2.1071337e+00   9.1522442e-01
   2.1113377e+00   9.1498172e-01
   2.1140015e+00   9.1525608e-01
   2.1195306e+00   9.1685718e-01
   2.1206226e+00   9.1599770e-01
   2.1266991e+00   9.1844543e-01
   2.1307526e+00   9.1936156e-01
   2.1327990e+00   9.1973539e-01
   2.1371103e+00   9.2042571e-01
   2.1398415e+00   9.1998232e-01
   2.1451272e+00   9.2084150e-01
   2.1492990e+00   9.2256655e-01
   2.1521673e+00   9.2196682e-01
   2.1565134e+00   9.2321794e-01
   2.1589844e+00   9.2413810e-01
   2.1628237e+00   9.2351149e-01
   2.1657898e+00   9.2644913e-01
   2.1705443e+00   9.2669188e-01
   2.1747091e+00   9.2535400e-01
   2.1777236e+00   9.2745307e-01
   2.1833499e+00   9.2816809e-01
   2.1857863e+00   9.2897391e-01
   2.1878947e+00   9.3113556e-01
   2.1930009e+00   9.3079591e-01
   2.1990482e+00   9.2958721e-01
   2.1997131e+00   9.3121186e-01
   2.2044772e+00   9.3423153e-01
   2.2054966e+00   9.3430592e-01
   2.2143812e+00   9.3542558e-01
   2.2168568e+00   9.3377130e-01
   2.2203427e+00   9.3477554e-01
   2.2242226e+00   9.3653591e-01
   2.2275291e+00   9.3648687e-01
   2.2316101e+00   9.3723498e-01
   2.2353043e+00   9.3682881e-01
   2.2385644e+00   9.3886231e-01
   2.2417646e+00   9.4039853e-01
   2.2457312e+00   9.4094143e-01
   2.2509049e+00   9.4177464e-01
   2.2553396e+00   9.4014169e-01
   2.2609696e+00   9.4265554e-01
   2.2630614e+00   9.4142951e-01
   2.2675330e+00   9.4142934e-01
   2.2715346e+00   9.4346587e-01
   2.2741961e+00   9.4439851e-01
   2.2789629e+00   9.4524589e-01
   2.2822612e+00   9.4588051e-01
   2.2852858e+00   9.4590894e-01
   2.2893272e+00   9.4872165e-01
   2.2924767e+00   9.4897692e-01
   2.2972091e+00   9.4767575e-01
   2.3033189e+00   9.4942258e-01
   2.3041197e+00   9.5008415e-01
   2.3090058e+00   9.5060816e-01
   2.3158772e+00   9.4996497e-01
   2.3188737e+00   9.5164509e-01
   2.3198876e+00   9.5327382e-01
   2.3262799e+00   9.5197642e-01
   2.3309868e+00   9.5219923e-01
   2.3344474e+00   9.5539597e-01
   2.3381561e+00   9.5620849e-01
   2.3423772e+00   9.5451398e-01
   2.3464566e+00   9.5989311e-01
   2.3497787e+00   9.5759067e-01
   2.3533513e+00   9.5725676e-01
   2.3590981e+00   9.6194032e-01
   2.3621545e+00   9.5993653e-01
   2.3665589e+00   9.5939015e-01
   2.3723113e+00   9.6248524e-01
   2.3727573e+00   9.6285620e-01
   2.3782624e+00   9.6142647e-01
   2.3810502e+00   9.6407623e-01
   2.3837899e+00   9.6502611e-01
   2.3897553e+00   9.6587839e-01
   2.3956827e+00   9.6539530e-01
   2.3985829e+00   9.6384360e-01
   2.4031957e+00   9.6664084e-01
   2.4057929e+00   9.6689292e-01
   2.4133709e+00   9.6678553e-01
   2.4164893e+00   9.6919477e-01
   2.4196236e+00   9.6924295e-01
   2.4218579e+00   9.6919321e-01
   2.4272753e+00   9.7133715e-01
   2.4319666e+00   9.7126675e-01
   2.4364200e+00   9.7311037e-01
   2.4408709e+00   9.7175942e-01
   2.4444845e+00   9.7237480e-01
   2.4481544e+00   9.7304640e-01
   2.4520352e+00   9.7409238e-01
   2.4557688e+00   9.7389352e-01
   2.4605919e+00   9.7601659e-01
   2.4622048e+00   9.7641983e-01
   2.4695221e+00   9.7573642e-01
   2.4741491e+00   9.7658837e-01
   2.4770086e+00   9.7779947e-01
   2.4808648e+00   9.7869453e-01
   2.4845709e+00   9.7919616e-01
   2.4897210e+00   9.7963500e-01
   2.4932218e+00   9.8105861e-01
   2.4982043e+00   9.8164595e-01
   2.4994304e+00   9.8045852e-01
   2.5084071e+00   9.8308293e-01
   2.5100392e+00   9.8341807e-01
   2.5153432e+00   9.8347890e-01
   2.5182171e+00   9.8399372e-01
   2.5237526e+00   9.8576696e-01
   2.5269808e+00   9.8516473e-01
   2.5320013e+00   9.8607285e-01
   2.5354256e+00   9.8589163e-01
   2.5381962e+00   9.8620171e-01
   2.5435628e+00   9.8647392e-01
   2.5467612e+00   9.8752943e-01
   2.5524258e+00   9.8921426e-01
   2.5557882e+00   9.8986302e-01
   2.5629946e+00   9.8935278e-01
   2.5645457e+00   9.9047583e-01
   2.5690111e+00   9.9010168e-01
   2.5715596e+00   9.9234645e-01
   2.5770769e+00   9.9239651e-01
   2.5779694e+00   9.9276095e-01
   2.5849473e+00   9.9427041e-01
   2.5902110e+00   9.9507262e-01
   2.5944380e+00   9.9330528e-01
   2.5980571e+00   9.9669453e-01
   2.6038877e+00   9.9447755e-01
   2.6063117e+00   9.9506398e-01
   2.6103410e+00   9.9639033e-01
   2.6145317e+00   9.9620729e-01
   2.6176856e+00   9.9791174e-01
   2.6232864e+00   9.9858031e-01
   2.6270105e+00   9.9827419e-01
   2.6304428e+00   9.9837999e-01
   2.6376463e+00   9.9871876e-01
   2.6415261e+00   1.0003125e+00
   2.6427868e+00   1.0016527e+00
   2.6499087e+00   9.9940212e-01
   2.6529642e+00   1.0044955e+00
   2.6567442e+00   1.0007879e+00
   2.6624100e+00   1.0055499e+00
   2.6655774e+00   1.0010829e+00
   2.6709872e+00   1.0024905e+00
   2.6752344e+00   1.0042666e+00
   2.6783790e+00   1.0028781e+00
   2.6795995e+00   1.0041594e+00
   2.6876785e+00   1.0059538e+00
   2.6918075e+00   1.0064441e+00
   2.6950603e+00   1.0072569e+00
   2.6996077e+00   1.0077941e+00
   2.7027468e+00   1.0078292e+00
   2.7097368e+00   1.0086244e+00
   2.7131984e+00   1.0077935e+00
   2.7175008e+00   1.0085148e+00
   2.7227387e+00   1.0115219e+00
   2.7261219e+00   1.0097232e+00
   2.7294608e+00   1.0117930e+00
   2.7341367e+00   1.0108900e+00
   2.7394048e+00   1.0105329e+00
   2.7439569e+00   1.0125155e+00
   2.7476153e+00   1.0132441e+00
   2.7527789e+00   1.0132502e+00
   2.7553438e+00   1.0131108e+00
   2.7597488e+00   1.0158050e+00
   2.7629901e+00   1.0149445e+00
   2.7675052e+00   1.0143569e+00
   2.7748145e+00   1.0166646e+00
   2.7784951e+00   1.0153469e+00
   2.7808879e+00   1.0168442e+00
   2.7840782e+00   1.0186840e+00
   2.7899119e+00   1.0172778e+00
   2.7913335e+00   1.0189188e+00
   2.7983720e+00   1.0183344e+00
   2.8023713e+00   1.0194427e+00
   2.8060582e+00   1.0222671e+00
   2.8100113e+00   1.0210684e+00
   2.8149052e+00   1.0209050e+00
   2.8185955e+00   1.0200221e+00
   2.8236036e+00   1.0207287e+00
   2.8267046e+00   1.0234419e+00
   2.8317956e+00   1.0221146e+00
   2.8369179e+00   1.0209551e+00
   2.8401166e+00   1.0236499e+00
   2.8445967e+00   1.0229904e+00
   2.8499538e+00   1.0242875e+00
   2.8533690e+00   1.0242939e+00
   2.8570771e+00   1.0261740e+00
   2.8611263e+00   1.0263958e+00
   2.8662128e+00   1.0246234e+00
   2.8704280e+00   1.0271847e+00
   2.8762710e+00   1.0246792e+00
   2.8760369e+00   1.0276826e+00
   2.8830274e+00   1.0287850e+00
   2.8865059e+00   1.0284992e+00
   2.8912670e+00   1.0271714e+00
   2.8943790e+00   1.0295420e+00
   2.8994575e+00   1.0308276e+00
   2.9035190e+00   1.0317385e+00
   2.9084782e+00   1.0295280e+00
   2.9118041e+00   1.0314791e+00
   2.9134616e+00   1.0298174e+00
   2.9201465e+00   1.0305558e+00
   2.9245326e+00   1.0320178e+00
   2.9285130e+00   1.0343799e+00
   2.9324636e+00   1.0347267e+00
   2.9374501e+00   1.0334605e+00
   2.9428832e+00   1.0352012e+00
   2.9435266e+00   1.0362895e+00
   2.9518215e+00   1.0353782e+00
   2.9518924e+00   1.0354363e+00
   2.9580207e+00   1.0353251e+00
   2.9610110e+00   1.0377715e+00
   2.9674502e+00   1.0365373e+00
   2.9686872e+00   1.0395493e+00
   2.9730990e+00   1.0378284e+00
   2.9809976e+00   1.0382815e+00
   2.9834816e+00   1.0407417e+00
   2.9869737e+00   1.0404306e+00
   2.9923856e+00   1.0403335e+00
   2.9961446e+00   1.0416784e+00
   2.9994485e+00   1.0410655e+00
   3.0050207e+00   1.0425951e+00
   3.0081242e+00   1.0438908e+00
   3.0117410e+00   1.0417921e+00
   3.0175002e+00   1.0429579e+00
   3.0198122e+00   1.0440400e+00
   3.0240154e+00   1.0436818e+00
   3.0295289e+00   1.0431757e+00
   3.0319185e+00   1.0460902e+00
   3.0376631e+00   1.0449719e+00
   3.0420852e+00   1.0490239e+00
   3.0447731e+00   1.0496806e+00
   3.0491165e+00   1.0468633e+00
   3.0537543e+00   1.0462351e+00
   3.0593908e+00   1.0485583e+00
   3.0615094e+00   1.0483295e+00
   3.0669744e+00   1.0481124e+00
   3.0675731e+00   1.0483441e+00
   3.0734607e+00   1.0522362e+00
   3.0765315e+00   1.0507310e+00
   3.0812276e+00   1.0511037e+00
   3.0857536e+00   1.0512377e+00
   3.0890495e+00   1.0521356e+00
   3.0938969e+00   1.0520964e+00
   3.0958529e+00   1.0517737e+00
   3.1025357e+00   1.0545151e+00
   3.1041048e+00   1.0534179e+00
   3.1087594e+00   1.0559656e+00
   3.1130958e+00   1.0536884e+00
   3.1199055e+00   1.0559777e+00
   3.1217265e+00   1.0543783e+00
   3.1255129e+00   1.0559212e+00
   3.1286838e+00   1.0563251e+00
   3.1327364e+00   1.0588159e+00
   3.1369338e+00   1.0588823e+00
   3.1398316e+00   1.0584417e+00
   3.1453363e+00   1.0593233e+00
   3.1484105e+00   1.0601813e+00
   3.1521877e+00   1.0610178e+00
   3.1572489e+00   1.0593480e+00
   3.1626794e+00   1.0601588e+00
   3.1638037e+00   1.0611039e+00
   3.1699543e+00   1.0619395e+00
   3.1727034e+00   1.0624483e+00
   3.1757565e+00   1.0629425e+00
   3.1819800e+00   1.0620784e+00
   3.1827968e+00   1.0627406e+00
   3.1895412e+00   1.0612127e+00
   3.1930169e+00   1.0646520e+00
   3.1978491e+00   1.0630235e+00
   3.2015580e+00   1.0647644e+00
   3.2061987e+00   1.0657871e+00
   3.2088613e+00   1.0629610e+00
   3.2106407e+00   1.0651992e+00
   3.2174924e+00   1.0675054e+00
   3.2188689e+00   1.0684355e+00
   3.2234226e+00   1.0686551e+00
   3.2298870e+00   1.0673593e+00
   3.2323546e+00   1.0701079e+00
   3.2344815e+00   1.0674857e+00
   3.2392371e+00   1.0691948e+00
   3.2452937e+00   1.0686664e+00
   3.2456992e+00   1.0709712e+00
   3.2512748e+00   1.0701857e+00
   3.2535195e+00   1.0717291e+00
   3.2569094e+00   1.0723049e+00
   3.2602324e+00   1.0703986e+00
   3.2654532e+00   1.0719034e+00
   3.2697048e+00   1.0739923e+00
   3.2722195e+00   1.0719168e+00
   3.2782625e+00   1.0733465e+00
   3.2805359e+00   1.0727574e+00
   3.2844153e+00   1.0719442e+00
   3.2880042e+00   1.0768766e+00
   3.2906184e+00   1.0747395e+00
   3.2972895e+00   1.0760168e+00
   3.2990359e+00   1.0749988e+00
   3.3033537e+00   1.0759613e+00
   3.3079419e+00   1.0771215e+00
   3.3087659e+00   1.0783262e+00
   3.3149874e+00   1.0776619e+00
   3.3182716e+00   1.0785585e+00
   3.3227962e+00   1.0776317e+00
   3.3247663e+00   1.0781565e+00
   3.3294775e+00   1.0793133e+00
   3.3338017e+00   1.0788269e+00
   3.3365869e+00   1.0813388e+00
   3.3394251e+00   1.0802557e+00
   3.3458408e+00   1.0814306e+00
   3.3478457e+00   1.0815201e+00
   3.3525807e+00   1.0809751e+00
   3.3551635e+00   1.0828217e+00
   3.3585239e+00   1.0821825e+00
   3.3642121e+00   1.0842434e+00
   3.3651236e+00   1.0825322e+00
   3.3694603e+00   1.0854171e+00
   3.3751503e+00   1.0832482e+00
   3.3795961e+00   1.0852097e+00
   3.3819280e+00   1.0862216e+00
   3.3842581e+00   1.0846879e+00
   3.3878535e+00   1.0852168e+00
   3.3912739e+00   1.0857374e+00
   3.3953287e+00   1.0854755e+00
   3.3972084e+00   1.0883718e+00
   3.4035803e+00   1.0861839e+00
   3.4055010e+00   1.0870581e+00
   3.4089481e+00   1.0859479e+00
   3.4126759e+00   1.0884306e+00
   3.4160265e+00   1.0876848e+00
   3.4199596e+00   1.0870230e+00
   3.4230110e+00   1.0888208e+00
   3.4259025e+00   1.0890422e+00
   3.4300218e+00   1.0892380e+00
   3.4357394e+00   1.0898828e+00
   3.4379867e+00   1.0898304e+00
   3.4390582e+00   1.0906981e+00
   3.4438610e+00   1.0931727e+00
   3.4469426e+00   1.0924052e+00
   3.4495807e+00   1.0942723e+00
   3.4546192e+00   1.0943190e+00
   3.4566066e+00   1.0945999e+00
   3.4624332e+00   1.0927414e+00
   3.4634589e+00   1.0927106e+00
   3.4690623e+00   1.0931454e+00
   3.4737473e+00   1.0944983e+00
   3.4774647e+00   1.0954928e+00
   3.4800680e+00   1.0963554e+00
   3.4824791e+00   1.0934776e+00
   3.4845313e+00   1.0970805e+00
   3.4903871e+00   1.0963087e+00
   3.4910483e+00   1.0978653e+00
   3.4954697e+00   1.0967747e+00
   3.4976885e+00   1.0975572e+00
   3.5045498e+00   1.0966893e+00
   3.5065212e+00   1.0974812e+00
   3.5123382e+00   1.0975849e+00
   3.5125595e+00   1.1015456e+00
   3.5162656e+00   1.0981082e+00
   3.5182062e+00   1.0992598e+00
   3.5191625e+00   1.0977695e+00
   3.5270599e+00   1.0990414e+00
   3.5312673e+00   1.0997507e+00
   3.5313119e+00   1.0998424e+00
   3.5345045e+00   1.1015311e+00
   3.5386535e+00   1.1023176e+00
   3.5409915e+00   1.1007828e+00
   3.5461725e+00   1.1038339e+00
   3.5485848e+00   1.1010532e+00
   3.5511835e+00   1.1036141e+00
   3.5552662e+00   1.1010774e+00
   3.5584239e+00   1.1023987e+00
   3.5613474e+00   1.1043945e+00
   3.5631616e+00   1.1037082e+00
   3.5678065e+00   1.1066768e+00
   3.5717151e+00   1.1053679e+00
   3.5739337e+00   1.1063809e+00
   3.5748459e+00   1.1071871e+00
   3.5794346e+00   1.1064141e+00
   3.5854763e+00   1.1102456e+00
   3.5884800e+00   1.1092690e+00
   3.5903547e+00   1.1068767e+00
   3.5921076e+00   1.1080404e+00
   3.5997398e+00   1.1083234e+00
   3.6012753e+00   1.1072856e+00
   3.6020289e+00   1.1081834e+00
   3.6071593e+00   1.1086908e+00
   3.6082176e+00   1.1088358e+00
   3.6111850e+00   1.1079590e+00
   3.6150284e+00   1.1105437e+00
   3.6172672e+00   1.1114640e+00
   3.6209542e+00   1.1114953e+00
   3.6237823e+00   1.1129360e+00
   3.6271105e+00   1.1126931e+00
   3.6291358e+00   1.1127639e+00
   3.6337604e+00   1.1128220e+00
   3.6358454e+00   1.1136577e+00
   3.6414409e+00   1.1146894e+00
   3.6400966e+00   1.1128568e+00
   3.6472809e+00   1.1156188e+00
   3.6498587e+00   1.1150633e+00
   3.6498604e+00   1.1144503e+00
   3.6554643e+00   1.1133961e+00
   3.6567932e+00   1.1139223e+00
   3.6581275e+00   1.1167145e+00
   3.6642920e+00   1.1177506e+00
   3.6644106e+00   1.1163442e+00
   3.6686641e+00   1.1168156e+00
   3.6709393e+00   1.1171048e+00
   3.6748365e+00   1.1175713e+00
   3.6780141e+00   1.1184215e+00
   3.6779023e+00   1.1175544e+00
   3.6831795e+00   1.1193542e+00
   3.6862584e+00   1.1188039e+00
   3.6870427e+00   1.1206839e+00
   3.6909731e+00   1.1181852e+00
   3.6945184e+00   1.1214813e+00
   3.6987525e+00   1.1219297e+00
   3.6980688e+00   1.1236935e+00
   3.7031488e+00   1.1204224e+00
   3.7039611e+00   1.1202873e+00
   3.7073479e+00   1.1205379e+00
   3.7123331e+00   1.1244396e+00
   3.7117034e+00   1.1217141e+00
   3.7145965e+00   1.1236832e+00
   3.7167470e+00   1.1216392e+00
   3.7210431e+00   1.1217492e+00
   3.7255911e+00   1.1230893e+00
   3.7262377e+00   1.1253501e+00
   3.7301360e+00   1.1258066e+00
   3.7303676e+00   1.1266495e+00
   3.7387684e+00   1.1259184e+00
   3.7370258e+00   1.1264306e+00
   3.7405892e+00   1.1269459e+00
   3.7444623e+00   1.1265384e+00
   3.7446105e+00   1.1288261e+00
   3.7479632e+00   1.1286024e+00
   3.7517180e+00   1.1291508e+00
   3.7535848e+00   1.1291117e+00
   3.7556048e+00   1.1288446e+00
   3.7574764e+00   1.1283639e+00
   3.7606272e+00   1.1299953e+00
   3.7630064e+00   1.1292745e+00
   3.7666610e+00   1.1295949e+00
   3.7685979e+00   1.1298576e+00
   3.7701926e+00   1.1295087e+00
   3.7744385e+00   1.1289606e+00
   3.7744575e+00   1.1316804e+00
   3.7769568e+00   1.1335052e+00
   3.7802299e+00   1.1315468e+00
   3.7830118e+00   1.1321029e+00
   3.7865598e+00   1.1344034e+00
   3.7860633e+00   1.1320765e+00
   3.7916350e+00   1.1311906e+00
   3.7939061e+00   1.1352367e+00
   3.7983759e+00   1.1335970e+00
   3.7984733e+00   1.1325336e+00
   3.8011737e+00   1.1344907e+00
   3.8036268e+00   1.1350704e+00
   3.8054084e+00   1.1352997e+00
   3.8077643e+00   1.1346185e+00
   3.8108653e+00   1.1352328e+00
   3.8133945e+00   1.1360787e+00
   3.8164043e+00   1.1350336e+00
   3.8199420e+00   1.1370175e+00
   3.8204893e+00   1.1385604e+00
   3.8237415e+00   1.1348304e+00
   3.8234686e+00   1.1396544e+00
   3.8254722e+00   1.1385591e+00
   3.8282994e+00   1.1389735e+00
   3.8309644e+00   1.1385057e+00
   3.8334700e+00   1.1407901e+00
   3.8364260e+00   1.1380422e+00
   3.8366915e+00   1.1396998e+00
   3.8415223e+00   1.1389541e+00
   3.8422716e+00   1.1405073e+00
   3.8454545e+00   1.1403564e+00
   3.8465687e+00   1.1409921e+00
   3.8518923e+00   1.1415813e+00
   3.8509455e+00   1.1426770e+00
   3.8535094e+00   1.1394978e+00
   3.8571032e+00   1.1413072e+00
   3.8577829e+00   1.1412825e+00
   3.8589592e+00   1.1425880e+00
   3.8601269e+00   1.1430322e+00
   3.8635272e+00   1.1430634e+00
   3.8651436e+00   1.1416806e+00
   3.8692109e+00   1.1417229e+00
   3.8695018e+00   1.1447370e+00
   3.8738291e+00   1.1463613e+00
   3.8741275e+00   1.1425727e+00
   3.8781410e+00   1.1436974e+00
   3.8779509e+00   1.1434257e+00
   3.8825084e+00   1.1446528e+00
   3.8835678e+00   1.1463378e+00
   3.8846495e+00   1.1455424e+00
   3.8853387e+00   1.1471533e+00
   3.8890839e+00   1.1457250e+00
   3.8903803e+00   1.1477171e+00
   3.8942454e+00   1.1470710e+00
   3.8960071e+00   1.1464186e+00
   3.8990827e+00   1.1483519e+00
   3.8973293e+00   1.1459079e+00
   3.9013350e+00   1.1470585e+00
   3.9010165e+00   1.1485681e+00
   3.9027432e+00   1.1482595e+00
   3.9057205e+00   1.1503606e+00
   3.9087852e+00   1.1482460e+00
   3.9117110e+00   1.1518811e+00
   3.9130408e+00   1.1529856e+00
   3.9139748e+00   1.1517038e+00
   3.9176363e+00   1.1498279e+00
   3.9194373e+00   1.1521725e+00
   3.9220792e+00   1.1530272e+00
   3.9200831e+00   1.1524638e+00
   3.9249647e+00   1.1532294e+00
   3.9249210e+00   1.1523192e+00
   3.9281633e+00   1.1524637e+00
   3.9295355e+00   1.1562791e+00
   3.9315006e+00   1.1529473e+00
   3.9341844e+00   1.1556752e+00
   3.9349559e+00   1.1541991e+00
   3.9368592e+00   1.1545231e+00
   3.9399700e+00   1.1561922e+00
   3.9387785e+00   1.1561322e+00
   3.9418422e+00   1.1559553e+00
   3.9432817e+00   1.1567897e+00
   3.9456654e+00   1.1552842e+00
   3.9459120e+00   1.1561014e+00
   3.9477705e+00   1.1580928e+00
   3.9499932e+00   1.1552538e+00
   3.9532659e+00   1.1589705e+00
   3.9537640e+00   1.1583280e+00
   3.9559383e+00   1.1566582e+00
   3.9584372e+00   1.1611210e+00
   3.9580079e+00   1.1600064e+00
   3.9603253e+00   1.1593787e+00
   3.9632402e+00   1.1599673e+00
   3.9649468e+00   1.1597965e+00
   3.9674446e+00   1.1618708e+00
   3.9667579e+00   1.1607326e+00
   3.9692499e+00   1.1636483e+00
   3.9702196e+00   1.1619803e+00
   3.9713155e+00   1.1608091e+00
   3.9726042e+00   1.1626973e+00
   3.9732697e+00   1.1630139e+00
   3.9772599e+00   1.1626916e+00
   3.9785062e+00   1.1627243e+00
   3.9783918e+00   1.1613790e+00
   3.9816876e+00   1.1642929e+00
   3.9843270e+00   1.1651917e+00
   3.9822959e+00   1.1627380e+00
   3.9855232e+00   1.1652907e+00
   3.9888179e+00   1.1680211e+00
   3.9874312e+00   1.1677179e+00
   3.9901227e+00   1.1653579e+00
   3.9945239e+00   1.1644600e+00
   3.9944992e+00   1.1645484e+00
   3.9962223e+00   1.1680226e+00
   3.9957580e+00   1.1660768e+00
   3.9981470e+00   1.1687755e+00
   3.9964159e+00   1.1679603e+00
   4.0013673e+00   1.1678646e+00
   4.0003159e+00   1.1689019e+00
   4.0021736e+00   1.1687380e+00
   4.0050790e+00   1.1704985e+00
   4.0067892e+00   1.1693524e+00
   4.0069955e+00   1.1681992e+00
   4.0101038e+00   1.1677552e+00
   4.0118848e+00   1.1690541e+00
   4.0108151e+00   1.1730677e+00
   4.0128859e+00   1.1711115e+00
   4.0142742e+00   1.1718908e+00
   4.0145131e+00   1.1723571e+00
   4.0174407e+00   1.1717087e+00
   4.0161577e+00   1.1740790e+00
   4.0169149e+00   1.1712581e+00
   4.0207486e+00   1.1734377e+00
   4.0227639e+00   1.1732584e+00
   4.0240722e+00   1.1736054e+00
   4.0271617e+00   1.1743557e+00
   4.0283146e+00   1.1736108e+00
   4.0272153e+00   1.1734296e+00
   4.0287746e+00   1.1758377e+00
   4.0308961e+00   1.1751847e+00
   4.0335933e+00   1.1760009e+00
   4.0325558e+00   1.1761686e+00
   4.0348763e+00   1.1766818e+00
   4.0348798e+00   1.1761542e+00
   4.0365994e+00   1.1752023e+00
   4.0372822e+00   1.1769125e+00
   4.0387615e+00   1.1772394e+00
   4.0379121e+00   1.1767509e+00
   4.0402038e+00   1.1772795e+00
   4.0417804e+00   1.1799083e+00
   4.0447012e+00   1.1778177e+00
   4.0434251e+00   1.1799291e+00
   4.0473307e+00   1.1790571e+00
   4.0473062e+00   1.1799278e+00
   4.0461479e+00   1.1802713e+00
   4.0480092e+00   1.1788014e+00
   4.0490006e+00   1.1789987e+00
   4.0511739e+00   1.1790364e+00
   4.0513549e+00   1.1799152e+00
   4.0538045e+00   1.1809092e+00
   4.0541928e+00   1.1794852e+00
   4.0581257e+00   1.1830156e+00
   4.0555197e+00   1.1819646e+00
   4.0580979e+00   1.1822271e+00
   4.0600694e+00   1.1815036e+00
   4.0608507e+00   1.1798896e+00
   4.0602701e+00   1.1820577e+00
   4.0647381e+00   1.1820861e+00
   4.0647183e+00   1.1826806e+00
   4.0634497e+00   1.1836656e+00
   4.0663565e+00   1.1839946e+00
   4.0659752e+00   1.1841223e+00
   4.0680313e+00   1.1850420e+00
   4.0677687e+00   1.1852378e+00
   4.0696003e+00   1.1846771e+00
   4.0710844e+00   1.1857907e+00
   4.0715792e+00   1.1861936e+00
   4.0709255e+00   1.1870527e+00
   4.0740337e+00   1.1858064e+00
   4.0725287e+00   1.1870748e+00
   4.0757058e+00   1.1876887e+00
   4.0747308e+00   1.1866585e+00
   4.0751418e+00   1.1879862e+00
   4.0776765e+00   1.1866739e+00
   4.0797065e+00   1.1886148e+00
   4.0792930e+00   1.1876819e+00
   4.0816994e+00   1.1878253e+00
   4.0820438e+00   1.1898929e+00
   4.0827983e+00   1.1882758e+00
   4.0834059e+00   1.1877938e+00
   4.0838377e+00   1.1899967e+00
   4.0861934e+00   1.1893695e+00
   4.0846491e+00   1.1890961e+00
   4.0884853e+00   1.1913975e+00
   4.0876127e+00   1.1904146e+00
   4.0883639e+00   1.1893189e+00
   4.0908302e+00   1.1918623e+00
   4.0888577e+00   1.1897345e+00
   4.0905273e+00   1.1921011e+00
   4.0922125e+00   1.1917796e+00
   4.0920354e+00   1.1892003e+00
   4.0929164e+00   1.1906590e+00
   4.0940484e+00   1.1911762e+00
   4.0945693e+00   1.1907103e+00
   4.0956965e+00   1.1942893e+00
   4.0958307e+00   1.1929265e+00
   4.0968876e+00   1.1948799e+00
   4.0972138e+00   1.1932136e+00
   4.0971864e+00   1.1956967e+00
   4.0987506e+00   1.1944329e+00
   4.0993570e+00   1.1952681e+00
   4.1006161e+00   1.1942001e+00
   4.1006350e+00   1.1937991e+00
   4.0998370e+00   1.1938220e+00
   4.1032408e+00   1.1950779e+00
   4.1030580e+00   1.1949391e+00
   4.1045577e+00   1.1973367e+00
   4.1066903e+00   1.1982937e+00
   4.1060184e+00   1.1972078e+00
   4.1048677e+00   1.1968655e+00
   4.1063461e+00   1.1969790e+00
   4.1093349e+00   1.1999403e+00
   4.1084843e+00   1.1971711e+00
   4.1087132e+00   1.1972086e+00
   4.1080717e+00   1.1982662e+00
   4.1107112e+00   1.2010273e+00
   4.1095958e+00   1.1990452e+00
   4.1124836e+00   1.1975448e+00
   4.1131943e+00   1.1968677e+00
   4.1114014e+00   1.2003987e+00
   4.1107619e+00   1.1992811e+00
   4.1157349e+00   1.1989742e+00
   4.1132846e+00   1.1995722e+00
   4.1131448e+00   1.1987280e+00
   4.1153712e+00   1.2004865e+00
   4.1176642e+00   1.1992704e+00
   4.1180580e+00   1.2023325e+00
   4.1167395e+00   1.2004497e+00
   4.1156405e+00   1.2026661e+00
   4.1172659e+00   1.2032804e+00
   4.1188420e+00   1.2025076e+00
   4.1203087e+00   1.2024807e+00
   4.1212156e+00   1.2044935e+00
   4.1212919e+00   1.2047740e+00
   4.1226281e+00   1.2037240e+00
   4.1210873e+00   1.2051521e+00
   4.1244711e+00   1.2050473e+00
   4.1229720e+00   1.2030791e+00
   4.1232630e+00   1.2063892e+00
   4.1235253e+00   1.2043415e+00
   4.1243807e+00   1.2053750e+00
   4.1258093e+00   1.2044412e+00
   4.1241222e+00   1.2071038e+00
   4.1241362e+00   1.2074755e+00
   4.1260532e+00   1.2076607e+00
   4.1273175e+00   1.2069418e+00
   4.1276260e+00   1.2060344e+00
   4.1266830e+00   1.2069480e+00
   4.1270829e+00   1.2092484e+00
   4.1275853e+00   1.2077697e+00
   4.1303799e+00   1.2077152e+00
   4.1314172e+00   1.2101961e+00
   4.1306053e+00   1.2100296e+00
   4.1312366e+00   1.2110042e+00
   4.1310451e+00   1.2088294e+00
   4.1307289e+00   1.2094731e+00
   4.1309921e+00   1.2102255e+00
   4.1296679e+00   1.2116908e+00
   4.1330430e+00   1.2105332e+00
   4.1323706e+00   1.2102273e+00
   4.1316566e+00   1.2128900e+00
   4.1346556e+00   1.2117972e+00
   4.1325321e+00   1.2124524e+00
   4.1350709e+00   1.2124351e+00
   4.1339950e+00   1.2105151e+00
   4.1353099e+00   1.2127379e+00
   4.1349511e+00   1.2120418e+00
   4.1343719e+00   1.2141981e+00
   4.1355053e+00   1.2135313e+00
   4.1373008e+00   1.2133407e+00
   4.1366160e+00   1.2125718e+00
   4.1383747e+00   1.2157131e+00
   4.1368831e+00   1.2142796e+00
   4.1378405e+00   1.2162520e+00
   4.1390745e+00   1.2137737e+00
   4.1398080e+00   1.2162542e+00
   4.1385863e+00   1.2163298e+00
   4.1389836e+00   1.2147080e+00
   4.1423063e+00   1.2169759e+00
   4.1398904e+00   1.2155346e+00
   4.1400401e+00   1.2185313e+00
   4.1417043e+00   1.2173001e+00
   4.1398072e+00   1.2180816e+00
   4.1404379e+00   1.2181334e+00
   4.1404989e+00   1.2187509e+00
   4.1409528e+00   1.2182226e+00
   4.1393746e+00   1.2179798e+00
   4.1406871e+00   1.2192346e+00
   4.1422962e+00   1.2195966e+00
   4.1424700e+00   1.2200130e+00
   4.1414204e+00   1.2205211e+00
   4.1448457e+00   1.2196495e+00
   4.1429130e+00   1.2202643e+00
   4.1446678e+00   1.2208635e+00
   4.1436037e+00   1.2193549e+00
   4.1446269e+00   1.2211814e+00
   4.1444004e+00   1.2208611e+00
   4.1438074e+00   1.2210680e+00
   4.1470204e+00   1.2230639e+00
   4.1459745e+00   1.2267949e+00
   4.1444456e+00   1.2210772e+00
   4.1455735e+00   1.2221363e+00
   4.1450717e+00   1.2227399e+00
   4.1475569e+00   1.2231465e+00
   4.1455719e+00   1.2241938e+00
   4.1467980e+00   1.2221029e+00
   4.1464561e+00   1.2234658e+00
   4.1479450e+00   1.2241555e+00
   4.1468564e+00   1.2234608e+00
   4.1470877e+00   1.2244835e+00
   4.1467264e+00   1.2238405e+00
   4.1475999e+00   1.2255479e+00
   4.1495218e+00   1.2241705e+00
   4.1469030e+00   1.2271154e+00
   4.1506250e+00   1.2273545e+00
   4.1501417e+00   1.2255439e+00
   4.1489822e+00   1.2274440e+00
   4.1490030e+00   1.2271961e+00
   4.1506022e+00   1.2252330e+00
   4.1515790e+00   1.2275114e+00
   4.1504848e+00   1.2277710e+00
   4.1511625e+00   1.2273578e+00
   4.1519174e+00   1.2273751e+00
   4.1506730e+00   1.2273304e+00
   4.1500125e+00   1.2293916e+00
   4.1495274e+00   1.2280223e+00
   4.1528993e+00   1.2261183e+00
   4.1514748e+00   1.2305473e+00
   4.1510546e+00   1.2279850e+00
   4.1513742e+00   1.2319511e+00
   4.1516049e+00   1.2311534e+00
   4.1538105e+00   1.2291448e+00
   4.1506218e+00   1.2305618e+00
   4.1514942e+00   1.2305434e+00
   4.1513339e+00   1.2308555e+00
   4.1532760e+00   1.2315440e+00
   4.1538991e+00   1.2314281e+00
   4.1520053e+00   1.2310587e+00
   4.1528112e+00   1.2313621e+00
   4.1513662e+00   1.2303655e+00
   4.1546345e+00   1.2301711e+00
   4.1544361e+00   1.2343795e+00
   4.1543438e+00   1.2300868e+00
   4.1546505e+00   1.2312714e+00
   4.1532237e+00   1.2321727e+00
   4.1534768e+00   1.2335257e+00
   4.1555554e+00   1.2330881e+00
   4.1548750e+00   1.2329749e+00
   4.1546554e+00   1.2330288e+00
   4.1546887e+00   1.2341138e+00
   4.1560346e+00   1.2330505e+00
   4.1549735e+00   1.2341157e+00
   4.1554744e+00   1.2343813e+00
   4.1551005e+00   1.2342320e+00
   4.1544204e+00   1.2335578e+00
   4.1536831e+00   1.2344026e+00
   4.1564122e+00   1.2370816e+00
   4.1558443e+00   1.2382527e+00
   4.1566686e+00   1.2341860e+00
   4.1574398e+00   1.2358836e+00
   4.1550140e+00   1.2366973e+00
   4.1564101e+00   1.2355558e+00
   4.1566633e+00   1.2361402e+00
   4.1564609e+00   1.2368011e+00
   4.1543853e+00   1.2361292e+00
   4.1566351e+00   1.2380544e+00
   4.1552146e+00   1.2382771e+00
   4.1571284e+00   1.2374600e+00
   4.1552152e+00   1.2366666e+00
   4.1569931e+00   1.2341590e+00
   4.1557803e+00   1.2394380e+00
   4.1551073e+00   1.2373462e+00
   4.1566111e+00   1.2368674e+00
   4.1594569e+00   1.2376653e+00
   4.1586467e+00   1.2380175e+00
   4.1556802e+00   1.2381055e+00
   4.1558215e+00   1.2382807e+00
   4.1572532e+00   1.2397845e+00
   4.1574781e+00   1.2406000e+00
   4.1560550e+00   1.2396560e+00
   4.1574356e+00   1.2401369e+00
   4.1568819e+00   1.2411179e+00
   4.1565264e+00   1.2369080e+00
   4.1588647e+00   1.2418717e+00
   4.1582481e+00   1.2408669e+00
   4.1571119e+00   1.2401030e+00
   4.1570719e+00   1.2394237e+00
   4.1582440e+00   1.2440596e+00
   4.1588440e+00   1.2404462e+00
   4.1578733e+00   1.2396294e+00
   4.1608226e+00   1.2411226e+00
   4.1590948e+00   1.2403965e+00
   4.1590066e+00   1.2425719e+00
   4.1595150e+00   1.2440368e+00
   4.1534383e+00   1.2438737e+00
   4.1588695e+00   1.2456977e+00
   4.1579993e+00   1.2433947e+00
   4.1588332e+00   1.2440447e+00
   4.1586606e+00   1.2425779e+00
   4.1588910e+00   1.2435792e+00
   4.1588230e+00   1.2467899e+00
   4.1596980e+00   1.2438219e+00
   4.1576338e+00   1.2442972e+00
   4.1598888e+00   1.2444898e+00
   4.1596736e+00   1.2457027e+00
   4.1592001e+00   1.2438019e+00
   4.1580858e+00   1.2477858e+00
   4.1592555e+00   1.2446917e+00
   4.1579379e+00   1.2474120e+00
   4.1587409e+00   1.2473683e+00
   4.1564639e+00   1.2479859e+00
   4.1598839e+00   1.2469928e+00
   4.1566691e+00   1.2468340e+00
   4.1570128e+00   1.2475441e+00
   4.1600100e+00   1.2493729e+00
   4.1592173e+00   1.2486892e+00
   4.1584251e+00   1.2502292e+00
   4.1574513e+00   1.2487329e+00
   4.1576805e+00   1.2492354e+00
   4.1599130e+00   1.2506371e+00
   4.1608263e+00   1.2473907e+00
   4.1601853e+00   1.2492201e+00
   4.1580006e+00   1.2495552e+00
   4.1592033e+00   1.2511317e+00
   4.1598581e+00   1.2483526e+00
   4.1609618e+00   1.2499559e+00
   4.1602751e+00   1.2516115e+00
   4.1586212e+00   1.2516660e+00
   4.1592910e+00   1.2508306e+00
   4.1608076e+00   1.2513713e+00
   4.1582354e+00   1.2516216e+00
   4.1608612e+00   1.2532192e+00
   4.1585457e+00   1.2509067e+00
   4.1591521e+00   1.2523940e+00
   4.1619962e+00   1.2501991e+00
   4.1592859e+00   1.2524480e+00
   4.1600743e+00   1.2541513e+00
   4.1606298e+00   1.2531820e+00
   4.1616276e+00   1.2536411e+00
   4.1596366e+00   1.2510561e+00
   4.1590957e+00   1.2515576e+00
   4.1616073e+00   1.2526045e+00
   4.1610602e+00   1.2531632e+00
   4.1628090e+00   1.2550190e+00
   4.1612916e+00   1.2544607e+00
   4.1606640e+00   1.2525448e+00
   4.1593277e+00   1.2526203e+00
   4.1611631e+00   1.2531368e+00
   4.1618503e+00   1.2555118e+00
   4.1611202e+00   1.2533438e+00
   4.1618563e+00   1.2556589e+00
   4.1608498e+00   1.2553847e+00
   4.1601165e+00   1.2564124e+00
   4.1612534e+00   1.2551299e+00
   4.1612265e+00   1.2548976e+00
   4.1578345e+00   1.2537914e+00
   4.1614022e+00   1.2566208e+00
   4.1604841e+00   1.2551652e+00
   4.1629265e+00   1.2557197e+00
   4.1628341e+00   1.2551949e+00
   4.1611746e+00   1.2577923e+00
   4.1624991e+00   1.2557865e+00
   4.1620026e+00   1.2568411e+00
   4.1614495e+00   1.2590660e+00
   4.1605421e+00   1.2579085e+00
   4.1606121e+00   1.2571254e+00
   4.1606223e+00   1.2562048e+00
   4.1611609e+00   1.2592481e+00
   4.1621422e+00   1.2591386e+00
   4.1625251e+00   1.2588858e+00
   4.1616253e+00   1.2576167e+00
   4.1623173e+00   1.2590382e+00
   4.1639848e+00   1.2573460e+00
   4.1594929e+00   1.2565122e+00
   4.1633489e+00   1.2583593e+00
   4.1628967e+00   1.2576116e+00
   4.1633652e+00   1.2590094e+00
   4.1597104e+00   1.2598996e+00
   4.1635596e+00   1.2595332e+00
   4.1598846e+00   1.2589953e+00
   4.1610362e+00   1.2604223e+00
   4.1647571e+00   1.2624770e+00
   4.1611682e+00   1.2591063e+00
   4.1625907e+00   1.2614206e+00
   4.1632242e+00   1.2608643e+00
   4.1631581e+00   1.2608356e+00
   4.1625716e+00   1.2594463e+00
   4.1603042e+00   1.2615190e+00
   4.1625989e+00   1.2612695e+00
   4.1613746e+00   1.2605262e+00
   4.1629129e+00   1.2610655e+00
   4.1633571e+00   1.2619319e+00
   4.1627615e+00   1.2604253e+00
   4.1638381e+00   1.2630279e+00
   4.1633622e+00   1.2619765e+00
   4.1623976e+00   1.2620476e+00
   4.1632927e+00   1.2627740e+00
   4.1632280e+00   1.2633845e+00
   4.1631370e+00   1.2643750e+00
   4.1618302e+00   1.2623966e+00
   4.1604623e+00   1.2635133e+00
   4.1622170e+00   1.2635372e+00
   4.1624765e+00   1.2644605e+00
   4.1626608e+00   1.2644831e+00
   4.1611352e+00   1.2643963e+00
   4.1625087e+00   1.2606063e+00
   4.1620643e+00   1.2617479e+00
   4.1626194e+00   1.2641592e+00
   4.1617899e+00   1.2631068e+00
   4.1613921e+00   1.2632059e+00
   4.1632731e+00   1.2632787e+00
   4.1611756e+00   1.2639094e+00
   4.1618780e+00   1.2637012e+00
   4.1623818e+00   1.2639808e+00
   4.1618935e+00   1.2640410e+00
   4.1628502e+00   1.2641839e+00
   4.1629207e+00   1.2656859e+00
   4.1632521e+00   1.2661368e+00
   4.1633636e+00   1.2643478e+00
   4.1632947e+00   1.2655969e+00
   4.1630384e+00   1.2671384e+00
   4.1633694e+00   1.2649557e+00
   4.1613507e+00   1.2660690e+00
   4.1642459e+00   1.2651225e+00
   4.1646423e+00   1.2662520e+00
   4.1618278e+00   1.2656556e+00
   4.1628670e+00   1.2632566e+00
   4.1634018e+00   1.2652992e+00
   4.1632043e+00   1.2659461e+00
   4.1638004e+00   1.2669691e+00
   4.1626460e+00   1.2684113e+00
   4.1643412e+00   1.2687801e+00
   4.1610248e+00   1.2686888e+00
   4.1637044e+00   1.2686348e+00
   4.1608840e+00   1.2655547e+00
   4.1616905e+00   1.2669745e+00
   4.1636012e+00   1.2680090e+00
   4.1616797e+00   1.2672899e+00
   4.1628460e+00   1.2695525e+00
