   0.0000000e+00   0.0000000e+00
   4.0385669e-11  -1.9057401e-11
   2.1746476e-09  -1.1182798e-09
   1.9750798e-08  -9.1501241e-09
   7.4146753e-08  -3.5915113e-08
   1.8572428e-07  -1.0201982e-07
   3.8817096e-07  -2.4726765e-07
   7.3821791e-07  -5.4018420e-07
   1.2731312e-06  -1.0635707e-06
   1.9854216e-06  -1.8922897e-06
   2.8408197e-06  -3.0641172e-06
   3.7917712e-06  -4.5566496e-06
   4.7647486e-06  -6.2914150e-06
   5.6338468e-06  -8.1330672e-06
   6.2156156e-06  -9.8811548e-06
   6.2883698e-06  -1.1258922e-05
   5.6260037e-06  -1.1916979e-05
   3.9971771e-06  -1.1451145e-05
   1.1324937e-06  -9.4065448e-06
  -3.2882867e-06  -5.2533181e-06
  -9.5972819e-06   1.5920839e-06
  -1.8134504e-05   1.1752671e-05
  -2.9250722e-05   2.5911456e-05
  -4.3283539e-05   4.4782275e-05
  -6.0576941e-05   6.9105967e-05
  -8.1500184e-05   9.9660466e-05
  -1.0642150e-04   1.3723353e-04
  -1.3570948e-04   1.8262054e-04
  -1.6974965e-04   2.3663307e-04
  -2.0894257e-04   3.0009221e-04
  -2.5368726e-04   3.7378092e-04
  -3.0437905e-04   4.5846211e-04
  -3.6139946e-04   5.5488938e-04
  -4.2510003e-04   6.6380752e-04
  -4.9583576e-04   7.8601904e-04
  -5.7393528e-04   9.2230368e-04
  -6.5968292e-04   1.0733879e-03
  -7.5332421e-04   1.2399311e-03
  -8.5508836e-04   1.4225484e-03
  -9.6520734e-04   1.6218494e-03
  -1.0838915e-03   1.8384054e-03
  -1.2113407e-03   2.0727723e-03
  -1.3477537e-03   2.3254748e-03
  -1.4933030e-03   2.5969410e-03
  -1.6481185e-03   2.8875131e-03
  -1.8123303e-03   3.1975564e-03
  -1.9860607e-03   3.5274130e-03
  -2.1693957e-03   3.8773357e-03
  -2.3623969e-03   4.2475442e-03
  -2.5650984e-03   4.6382253e-03
  -2.7775281e-03   5.0495666e-03
  -2.9996754e-03   5.4816798e-03
  -3.2314882e-03   5.9346062e-03
  -3.4728798e-03   6.4083396e-03
  -3.7237652e-03   6.9028977e-03
  -3.9840476e-03   7.4182804e-03
  -4.2536087e-03   7.9544252e-03
  -4.5323272e-03   8.5112231e-03
  -4.8200691e-03   9.0884993e-03
  -5.1166927e-03   9.6860375e-03
  -5.4220412e-03   1.0303576e-02
  -5.7359434e-03   1.0940819e-02
  -6.0581897e-03   1.1597390e-02
  -6.3885648e-03   1.2272915e-02
  -6.7268220e-03   1.2966958e-02
  -7.0726890e-03   1.3679034e-02
  -7.4258634e-03   1.4408601e-02
  -7.7860348e-03   1.5155118e-02
  -8.1528775e-03   1.5917996e-02
  -8.5260470e-03   1.6696597e-02
  -8.9051955e-03   1.7490274e-02
  -9.2899669e-03   1.8298340e-02
  -9.6800115e-03   1.9120101e-02
  -1.0074980e-02   1.9954844e-02
  -1.0474517e-02   2.0801823e-02
  -1.0878266e-02   2.1660280e-02
  -1.1285870e-02   2.2529474e-02
  -1.1696967e-02   2.3408667e-02
  -1.2111179e-02   2.4297104e-02
  -1.2528125e-02   2.5194035e-02
  -1.2947428e-02   2.6098713e-02
  -1.3368715e-02   2.7010359e-02
  -1.3791623e-02   2.7928187e-02
  -1.4215802e-02   2.8851410e-02
  -1.4640918e-02   2.9779254e-02
  -1.5066650e-02   3.0710942e-02
  -1.5492685e-02   3.1645698e-02
  -1.5918711e-02   3.2582734e-02
  -1.6344426e-02   3.3521261e-02
  -1.6769526e-02   3.4460481e-02
  -1.7193714e-02   3.5399587e-02
  -1.7616705e-02   3.6337775e-02
  -1.8038219e-02   3.7274233e-02
  -1.8457980e-02   3.8208152e-02
  -1.8875707e-02   3.9138716e-02
  -1.9291112e-02   4.0065111e-02
  -1.9703907e-02   4.0986526e-02
  -2.0113804e-02   4.1902166e-02
  -2.0520508e-02   4.2811237e-02
  -2.0923728e-02   4.3712969e-02
  -2.1323195e-02   4.4606648e-02
  -2.1718638e-02   4.5491567e-02
  -2.2109795e-02   4.6367032e-02
  -2.2496397e-02   4.7232354e-02
  -2.2878185e-02   4.8086890e-02
  -2.3254889e-02   4.8929994e-02
  -2.3626253e-02   4.9761067e-02
  -2.3992035e-02   5.0579538e-02
  -2.4351991e-02   5.1384837e-02
  -2.4705876e-02   5.2176381e-02
  -2.5053462e-02   5.2953623e-02
  -2.5394527e-02   5.3716026e-02
  -2.5728859e-02   5.4463080e-02
  -2.6056261e-02   5.5194309e-02
  -2.6376541e-02   5.5909257e-02
  -2.6689538e-02   5.6607527e-02
  -2.6995119e-02   5.7288780e-02
  -2.7293160e-02   5.7952682e-02
  -2.7583551e-02   5.8598951e-02
  -2.7866200e-02   5.9227362e-02
  -2.8141011e-02   5.9837693e-02
  -2.8407890e-02   6.0429731e-02
  -2.8666748e-02   6.1003289e-02
  -2.8917486e-02   6.1558171e-02
  -2.9160027e-02   6.2094256e-02
  -2.9394293e-02   6.2611442e-02
  -2.9620212e-02   6.3109630e-02
  -2.9837748e-02   6.3588791e-02
  -3.0046859e-02   6.4048876e-02
  -3.0247530e-02   6.4489893e-02
  -3.0439746e-02   6.4911850e-02
  -3.0623494e-02   6.5314773e-02
  -3.0798768e-02   6.5698716e-02
  -3.0965576e-02   6.6063748e-02
  -3.1123933e-02   6.6409948e-02
  -3.1273872e-02   6.6737420e-02
  -3.1415447e-02   6.7046298e-02
  -3.1548732e-02   6.7336753e-02
  -3.1673796e-02   6.7608944e-02
  -3.1790725e-02   6.7863075e-02
  -3.1899617e-02   6.8099362e-02
  -3.2000568e-02   6.8318024e-02
  -3.2093702e-02   6.8519332e-02
  -3.2179119e-02   6.8703517e-02
  -3.2256937e-02   6.8870854e-02
  -3.2327279e-02   6.9021626e-02
  -3.2390281e-02   6.9156161e-02
  -3.2446078e-02   6.9274797e-02
  -3.2494807e-02   6.9377873e-02
  -3.2536612e-02   6.9465738e-02
  -3.2571644e-02   6.9538770e-02
  -3.2600045e-02   6.9597338e-02
  -3.2621963e-02   6.9641824e-02
  -3.2637551e-02   6.9672634e-02
  -3.2646948e-02   6.9690166e-02
  -3.2650279e-02   6.9694798e-02
  -3.2647662e-02   6.9686896e-02
  -3.2639225e-02   6.9666828e-02
  -3.2625092e-02   6.9634956e-02
  -3.2605395e-02   6.9591645e-02
  -3.2580271e-02   6.9537268e-02
  -3.2549859e-02   6.9472208e-02
  -3.2514302e-02   6.9396861e-02
  -3.2473751e-02   6.9311625e-02
  -3.2428373e-02   6.9216916e-02
  -3.2378346e-02   6.9113161e-02
  -3.2323840e-02   6.9000770e-02
  -3.2265045e-02   6.8880164e-02
  -3.2202155e-02   6.8751748e-02
  -3.2135358e-02   6.8615912e-02
  -3.2064840e-02   6.8473028e-02
  -3.1990789e-02   6.8323472e-02
  -3.1913402e-02   6.8167629e-02
  -3.1832860e-02   6.8005851e-02
  -3.1749349e-02   6.7838473e-02
  -3.1663058e-02   6.7665836e-02
  -3.1574165e-02   6.7488270e-02
  -3.1482849e-02   6.7306117e-02
  -3.1389279e-02   6.7119730e-02
  -3.1293619e-02   6.6929468e-02
  -3.1196032e-02   6.6735696e-02
  -3.1096687e-02   6.6538784e-02
  -3.0995754e-02   6.6339096e-02
  -3.0893398e-02   6.6136980e-02
  -3.0789780e-02   6.5932778e-02
  -3.0685054e-02   6.5726838e-02
  -3.0579375e-02   6.5519503e-02
  -3.0472885e-02   6.5311103e-02
  -3.0365713e-02   6.5101964e-02
  -3.0257976e-02   6.4892396e-02
  -3.0149780e-02   6.4682693e-02
  -3.0041219e-02   6.4473137e-02
  -2.9932375e-02   6.4263988e-02
  -2.9823325e-02   6.4055488e-02
  -2.9714138e-02   6.3847868e-02
  -2.9604876e-02   6.3641338e-02
  -2.9495596e-02   6.3436104e-02
  -2.9386339e-02   6.3232372e-02
  -2.9277134e-02   6.3030344e-02
  -2.9167990e-02   6.2830211e-02
  -2.9058904e-02   6.2632163e-02
  -2.8949863e-02   6.2436383e-02
  -2.8840850e-02   6.2243046e-02
  -2.8731836e-02   6.2052316e-02
  -2.8622787e-02   6.1864362e-02
  -2.8513656e-02   6.1679351e-02
  -2.8404386e-02   6.1497441e-02
  -2.8294913e-02   6.1318774e-02
  -2.8185162e-02   6.1143487e-02
  -2.8075049e-02   6.0971698e-02
  -2.7964481e-02   6.0803510e-02
  -2.7853360e-02   6.0639009e-02
  -2.7741586e-02   6.0478267e-02
  -2.7629055e-02   6.0321337e-02
  -2.7515669e-02   6.0168255e-02
  -2.7401343e-02   6.0019040e-02
  -2.7286001e-02   5.9873696e-02
  -2.7169577e-02   5.9732222e-02
  -2.7052013e-02   5.9594603e-02
  -2.6933253e-02   5.9460806e-02
  -2.6813236e-02   5.9330783e-02
  -2.6691894e-02   5.9204467e-02
  -2.6569150e-02   5.9081796e-02
  -2.6444914e-02   5.8962703e-02
  -2.6319097e-02   5.8847126e-02
  -2.6191610e-02   5.8735002e-02
  -2.6062365e-02   5.8626277e-02
  -2.5931269e-02   5.8520900e-02
  -2.5798229e-02   5.8418816e-02
  -2.5663166e-02   5.8319962e-02
  -2.5526006e-02   5.8224281e-02
  -2.5386671e-02   5.8131718e-02
  -2.5245090e-02   5.8042216e-02
  -2.5101200e-02   5.7955709e-02
  -2.4954946e-02   5.7872129e-02
  -2.4806274e-02   5.7791415e-02
  -2.4655129e-02   5.7713492e-02
  -2.4501465e-02   5.7638264e-02
  -2.4345237e-02   5.7565618e-02
  -2.4186395e-02   5.7495438e-02
  -2.4024880e-02   5.7427610e-02
  -2.3860635e-02   5.7362020e-02
  -2.3693604e-02   5.7298552e-02
  -2.3523729e-02   5.7237093e-02
  -2.3350956e-02   5.7177527e-02
  -2.3175218e-02   5.7119745e-02
  -2.2996438e-02   5.7063636e-02
  -2.2814533e-02   5.7009082e-02
  -2.2629423e-02   5.6955952e-02
  -2.2441035e-02   5.6904101e-02
  -2.2249295e-02   5.6853376e-02
  -2.2054133e-02   5.6803604e-02
  -2.1855489e-02   5.6754601e-02
  -2.1653308e-02   5.6706172e-02
  -2.1447552e-02   5.6658124e-02
  -2.1238200e-02   5.6610264e-02
  -2.1025248e-02   5.6562400e-02
  -2.0808720e-02   5.6514337e-02
  -2.0588649e-02   5.6465876e-02
  -2.0365074e-02   5.6416815e-02
  -2.0138043e-02   5.6366945e-02
  -1.9907607e-02   5.6316055e-02
  -1.9673817e-02   5.6263934e-02
  -1.9436716e-02   5.6210371e-02
  -1.9196348e-02   5.6155165e-02
  -1.8952751e-02   5.6098116e-02
  -1.8705956e-02   5.6039028e-02
  -1.8455980e-02   5.5977709e-02
  -1.8202829e-02   5.5913980e-02
  -1.7946492e-02   5.5847675e-02
  -1.7686952e-02   5.5778640e-02
  -1.7424181e-02   5.5706727e-02
  -1.7158152e-02   5.5631810e-02
  -1.6888843e-02   5.5553784e-02
  -1.6616223e-02   5.5472567e-02
  -1.6340255e-02   5.5388102e-02
  -1.6060896e-02   5.5300340e-02
  -1.5778101e-02   5.5209239e-02
  -1.5491803e-02   5.5114750e-02
  -1.5201942e-02   5.5016827e-02
  -1.4908458e-02   5.4915427e-02
  -1.4611293e-02   5.4810509e-02
  -1.4310389e-02   5.4702030e-02
  -1.4005691e-02   5.4589959e-02
  -1.3697143e-02   5.4474266e-02
  -1.3384690e-02   5.4354927e-02
  -1.3068280e-02   5.4231927e-02
  -1.2747865e-02   5.4105250e-02
  -1.2423400e-02   5.3974883e-02
  -1.2094858e-02   5.3840828e-02
  -1.1762217e-02   5.3703094e-02
  -1.1425465e-02   5.3561700e-02
  -1.1084603e-02   5.3416678e-02
  -1.0739625e-02   5.3268053e-02
  -1.0390520e-02   5.3115859e-02
  -1.0037279e-02   5.2960147e-02
  -9.6798770e-03   5.2800968e-02
  -9.3182897e-03   5.2638381e-02
  -8.9524831e-03   5.2472443e-02
  -8.5824193e-03   5.2303206e-02
  -8.2080654e-03   5.2130728e-02
  -7.8293766e-03   5.1955075e-02
  -7.4463034e-03   5.1776324e-02
  -7.0587881e-03   5.1594562e-02
  -6.6667841e-03   5.1409897e-02
  -6.2702407e-03   5.1222435e-02
  -5.8691070e-03   5.1032276e-02
  -5.4633156e-03   5.0839504e-02
  -5.0527896e-03   5.0644200e-02
  -4.6374419e-03   5.0446448e-02
  -4.2171907e-03   5.0246342e-02
  -3.7919498e-03   5.0043976e-02
  -3.3616351e-03   4.9839437e-02
  -2.9261637e-03   4.9632805e-02
  -2.4854615e-03   4.9424158e-02
  -2.0394634e-03   4.9213570e-02
  -1.5881055e-03   4.9001107e-02
  -1.1313241e-03   4.8786820e-02
  -6.6906639e-04   4.8570746e-02
  -2.0126865e-04   4.8352913e-02
   2.7211295e-04   4.8133348e-02
   7.5112319e-04   4.7912081e-02
   1.2358124e-03   4.7689146e-02
   1.7262223e-03   4.7464588e-02
   2.2223990e-03   4.7238448e-02
   2.7243954e-03   4.7010770e-02
   3.2322772e-03   4.6781596e-02
   3.7461081e-03   4.6550969e-02
   4.2659327e-03   4.6318934e-02
   4.7917881e-03   4.6085540e-02
   5.3237098e-03   4.5850834e-02
   5.8617253e-03   4.5614864e-02
   6.4058679e-03   4.5377670e-02
   6.9561552e-03   4.5139286e-02
   7.5125907e-03   4.4899745e-02
   8.0751945e-03   4.4659067e-02
   8.6439867e-03   4.4417270e-02
   9.2189925e-03   4.4174375e-02
   9.8002306e-03   4.3930406e-02
   1.0387724e-02   4.3685394e-02
   1.0981494e-02   4.3439380e-02
   1.1581562e-02   4.3192415e-02
   1.2187950e-02   4.2944550e-02
   1.2800665e-02   4.2695832e-02
   1.3419708e-02   4.2446303e-02
   1.4045097e-02   4.2196000e-02
   1.4676854e-02   4.1944966e-02
   1.5315002e-02   4.1693245e-02
   1.5959570e-02   4.1440883e-02
   1.6610592e-02   4.1187925e-02
   1.7268116e-02   4.0934419e-02
   1.7932176e-02   4.0680412e-02
   1.8602798e-02   4.0425953e-02
   1.9280025e-02   4.0171089e-02
   1.9963875e-02   3.9915869e-02
   2.0654365e-02   3.9660338e-02
   2.1351514e-02   3.9404535e-02
   2.2055327e-02   3.9148499e-02
   2.2765806e-02   3.8892262e-02
   2.3482925e-02   3.8635853e-02
   2.4206669e-02   3.8379276e-02
   2.4937009e-02   3.8122515e-02
   2.5673917e-02   3.7865543e-02
   2.6417355e-02   3.7608323e-02
   2.7167272e-02   3.7350822e-02
   2.7923616e-02   3.7093013e-02
   2.8686359e-02   3.6834874e-02
   2.9455484e-02   3.6576389e-02
   3.0230975e-02   3.6317549e-02
   3.1012813e-02   3.6058352e-02
   3.1800987e-02   3.5798801e-02
   3.2595467e-02   3.5538894e-02
   3.3396214e-02   3.5278619e-02
   3.4203212e-02   3.5017964e-02
   3.5016429e-02   3.4756918e-02
   3.5835828e-02   3.4495476e-02
   3.6661380e-02   3.4233632e-02
   3.7493058e-02   3.3971384e-02
   3.8330832e-02   3.3708734e-02
   3.9174676e-02   3.3445686e-02
   4.0024588e-02   3.3182249e-02
   4.0880572e-02   3.2918444e-02
   4.1742649e-02   3.2654297e-02
   4.2610851e-02   3.2389842e-02
   4.3485219e-02   3.2125115e-02
   4.4365818e-02   3.1860157e-02
   4.5252716e-02   3.1595002e-02
   4.6145971e-02   3.1329676e-02
   4.7045639e-02   3.1064201e-02
   4.7951756e-02   3.0798588e-02
   4.8864363e-02   3.0532848e-02
   4.9783497e-02   3.0266992e-02
   5.0709201e-02   3.0001035e-02
   5.1641509e-02   2.9734993e-02
   5.2580438e-02   2.9468887e-02
   5.3526007e-02   2.9202736e-02
   5.4478241e-02   2.8936562e-02
   5.5437186e-02   2.8670383e-02
   5.6402881e-02   2.8404217e-02
   5.7375344e-02   2.8138072e-02
   5.8354597e-02   2.7871943e-02
   5.9340650e-02   2.7605814e-02
   6.0333530e-02   2.7339663e-02
   6.1333228e-02   2.7073469e-02
   6.2339733e-02   2.6807217e-02
   6.3353050e-02   2.6540896e-02
   6.4373194e-02   2.6274502e-02
   6.5400168e-02   2.6008038e-02
   6.6433960e-02   2.5741514e-02
   6.7474550e-02   2.5474941e-02
   6.8521902e-02   2.5208333e-02
   6.9575973e-02   2.4941693e-02
   7.0636723e-02   2.4675014e-02
   7.1704113e-02   2.4408281e-02
   7.2778103e-02   2.4141476e-02
   7.3858651e-02   2.3874575e-02
   7.4945702e-02   2.3607555e-02
   7.6039225e-02   2.3340391e-02
   7.7139190e-02   2.3073052e-02
   7.8245562e-02   2.2805509e-02
   7.9358296e-02   2.2537732e-02
   8.0477356e-02   2.2269696e-02
   8.1602702e-02   2.2001377e-02
   8.2734281e-02   2.1732750e-02
   8.3872023e-02   2.1463791e-02
   8.5015865e-02   2.1194479e-02
   8.6165756e-02   2.0924791e-02
   8.7321653e-02   2.0654707e-02
   8.8483526e-02   2.0384217e-02
   8.9651340e-02   2.0113323e-02
   9.0825066e-02   1.9842042e-02
   9.2004661e-02   1.9570398e-02
   9.3190099e-02   1.9298413e-02
   9.4381367e-02   1.9026119e-02
   9.5578457e-02   1.8753549e-02
   9.6781379e-02   1.8480735e-02
   9.7990139e-02   1.8207707e-02
   9.9204737e-02   1.7934489e-02
   1.0042517e-01   1.7661094e-02
   1.0165140e-01   1.7387524e-02
   1.0288340e-01   1.7113774e-02
   1.0412116e-01   1.6839839e-02
   1.0536466e-01   1.6565718e-02
   1.0661391e-01   1.6291415e-02
   1.0786892e-01   1.6016934e-02
   1.0912970e-01   1.5742271e-02
   1.1039626e-01   1.5467425e-02
   1.1166863e-01   1.5192388e-02
   1.1294686e-01   1.4917151e-02
   1.1423099e-01   1.4641710e-02
   1.1552106e-01   1.4366059e-02
   1.1681713e-01   1.4090193e-02
   1.1811926e-01   1.3814106e-02
   1.1942752e-01   1.3537797e-02
   1.2074198e-01   1.3261261e-02
   1.2206270e-01   1.2984491e-02
   1.2338975e-01   1.2707475e-02
   1.2472314e-01   1.2430207e-02
   1.2606290e-01   1.2152680e-02
   1.2740904e-01   1.1874896e-02
   1.2876154e-01   1.1596865e-02
   1.3012042e-01   1.1318606e-02
   1.3148566e-01   1.1040137e-02
   1.3285728e-01   1.0761474e-02
   1.3423525e-01   1.0482628e-02
   1.3561959e-01   1.0203599e-02
   1.3701029e-01   9.9243712e-03
   1.3840735e-01   9.6449171e-03
   1.3981080e-01   9.3652016e-03
   1.4122064e-01   9.0851871e-03
   1.4263689e-01   8.8048396e-03
   1.4405956e-01   8.5241296e-03
   1.4548865e-01   8.2430266e-03
   1.4692414e-01   7.9614988e-03
   1.4836603e-01   7.6795146e-03
   1.4981428e-01   7.3970480e-03
   1.5126886e-01   7.1140833e-03
   1.5272975e-01   6.8306131e-03
   1.5419693e-01   6.5466310e-03
   1.5567040e-01   6.2621288e-03
   1.5715017e-01   5.9770958e-03
   1.5863625e-01   5.6915239e-03
   1.6012867e-01   5.4054089e-03
   1.6162746e-01   5.1187520e-03
   1.6313267e-01   4.8315615e-03
   1.6464430e-01   4.5438389e-03
   1.6616238e-01   4.2555714e-03
   1.6768692e-01   3.9667366e-03
   1.6921793e-01   3.6773056e-03
   1.7075543e-01   3.3872472e-03
   1.7229945e-01   3.0965323e-03
   1.7385002e-01   2.8051398e-03
   1.7540717e-01   2.5130611e-03
   1.7697091e-01   2.2203009e-03
   1.7854125e-01   1.9268788e-03
   1.8011823e-01   1.6328278e-03
   1.8170187e-01   1.3381891e-03
   1.8329218e-01   1.0430123e-03
   1.8488920e-01   7.4735170e-04
   1.8649297e-01   4.5126024e-04
   1.8810356e-01   1.5478115e-04
   1.8972101e-01  -1.4205158e-04
   1.9134537e-01  -4.3921366e-04
   1.9297667e-01  -7.3669000e-04
   1.9461492e-01  -1.0344659e-03
   1.9626015e-01  -1.3325217e-03
   1.9791240e-01  -1.6308353e-03
   1.9957170e-01  -1.9293850e-03
   2.0123811e-01  -2.2281471e-03
   2.0291167e-01  -2.5270975e-03
   2.0459241e-01  -2.8262120e-03
   2.0628037e-01  -3.1254638e-03
   2.0797560e-01  -3.4248258e-03
   2.0967817e-01  -3.7242770e-03
   2.1138818e-01  -4.0238018e-03
   2.1310572e-01  -4.3233880e-03
   2.1483089e-01  -4.6230273e-03
   2.1656384e-01  -4.9227157e-03
   2.1830470e-01  -5.2224493e-03
   2.2005359e-01  -5.5222221e-03
   2.2181059e-01  -5.8220297e-03
   2.2357581e-01  -6.1218736e-03
   2.2534933e-01  -6.4217640e-03
   2.2713121e-01  -6.7217132e-03
   2.2892153e-01  -7.0217262e-03
   2.3072033e-01  -7.3217961e-03
   2.3252766e-01  -7.6219016e-03
   2.3434355e-01  -7.9220013e-03
   2.3616803e-01  -8.2220382e-03
   2.3800112e-01  -8.5219460e-03
   2.3984285e-01  -8.8216468e-03
   2.4169326e-01  -9.1210555e-03
   2.4355237e-01  -9.4200864e-03
   2.4542017e-01  -9.7186563e-03
   2.4729663e-01  -1.0016688e-02
   2.4918176e-01  -1.0314108e-02
   2.5107552e-01  -1.0610843e-02
   2.5297790e-01  -1.0906829e-02
   2.5488885e-01  -1.1202019e-02
   2.5680834e-01  -1.1496384e-02
   2.5873629e-01  -1.1789914e-02
   2.6067265e-01  -1.2082610e-02
   2.6261735e-01  -1.2374474e-02
   2.6457035e-01  -1.2665504e-02
   2.6653159e-01  -1.2955695e-02
   2.6850101e-01  -1.3245040e-02
   2.7047855e-01  -1.3533527e-02
   2.7246416e-01  -1.3821141e-02
   2.7445778e-01  -1.4107867e-02
   2.7645935e-01  -1.4393691e-02
   2.7846879e-01  -1.4678604e-02
   2.8048603e-01  -1.4962587e-02
   2.8251102e-01  -1.5245627e-02
   2.8454366e-01  -1.5527713e-02
   2.8658390e-01  -1.5808840e-02
   2.8863167e-01  -1.6089004e-02
   2.9068688e-01  -1.6368206e-02
   2.9274945e-01  -1.6646446e-02
   2.9481929e-01  -1.6923725e-02
   2.9689631e-01  -1.7200042e-02
   2.9898044e-01  -1.7475390e-02
   3.0107161e-01  -1.7749752e-02
   3.0316974e-01  -1.8023108e-02
   3.0527478e-01  -1.8295444e-02
   3.0738667e-01  -1.8566759e-02
   3.0950533e-01  -1.8837059e-02
   3.1163072e-01  -1.9106358e-02
   3.1376278e-01  -1.9374670e-02
   3.1590149e-01  -1.9642006e-02
   3.1804681e-01  -1.9908384e-02
   3.2019872e-01  -2.0173832e-02
   3.2235719e-01  -2.0438395e-02
   3.2452218e-01  -2.0702123e-02
   3.2669365e-01  -2.0965072e-02
   3.2887158e-01  -2.1227289e-02
   3.3105593e-01  -2.1488814e-02
   3.3324670e-01  -2.1749684e-02
   3.3544390e-01  -2.2009934e-02
   3.3764753e-01  -2.2269600e-02
   3.3985760e-01  -2.2528716e-02
   3.4207411e-01  -2.2787317e-02
   3.4429707e-01  -2.3045439e-02
   3.4652644e-01  -2.3303118e-02
   3.4876224e-01  -2.3560388e-02
   3.5100446e-01  -2.3817293e-02
   3.5325307e-01  -2.4073894e-02
   3.5550804e-01  -2.4330263e-02
   3.5776933e-01  -2.4586480e-02
   3.6003693e-01  -2.4842618e-02
   3.6231082e-01  -2.5098751e-02
   3.6459099e-01  -2.5354949e-02
   3.6687741e-01  -2.5611275e-02
   3.6917006e-01  -2.5867786e-02
   3.7146892e-01  -2.6124524e-02
   3.7377395e-01  -2.6381523e-02
   3.7608508e-01  -2.6638811e-02
   3.7840224e-01  -2.6896413e-02
   3.8072537e-01  -2.7154348e-02
   3.8305444e-01  -2.7412631e-02
   3.8538939e-01  -2.7671269e-02
   3.8773015e-01  -2.7930266e-02
   3.9007663e-01  -2.8189624e-02
   3.9242877e-01  -2.8449348e-02
   3.9478649e-01  -2.8709446e-02
   3.9714973e-01  -2.8969926e-02
   3.9951845e-01  -2.9230799e-02
   4.0189260e-01  -2.9492076e-02
   4.0427213e-01  -2.9753765e-02
   4.0665703e-01  -3.0015875e-02
   4.0904725e-01  -3.0278425e-02
   4.1144277e-01  -3.0541438e-02
   4.1384359e-01  -3.0804931e-02
   4.1624969e-01  -3.1068915e-02
   4.1866107e-01  -3.1333393e-02
   4.2107772e-01  -3.1598363e-02
   4.2349960e-01  -3.1863816e-02
   4.2592666e-01  -3.2129751e-02
   4.2835884e-01  -3.2396163e-02
   4.3079610e-01  -3.2663045e-02
   4.3323842e-01  -3.2930378e-02
   4.3568573e-01  -3.3198130e-02
   4.3813801e-01  -3.3466257e-02
   4.4059521e-01  -3.3734708e-02
   4.4305732e-01  -3.4003434e-02
   4.4552431e-01  -3.4272394e-02
   4.4799617e-01  -3.4541552e-02
   4.5047289e-01  -3.4810872e-02
   4.5295446e-01  -3.5080328e-02
   4.5544087e-01  -3.5349895e-02
   4.5793208e-01  -3.5619550e-02
   4.6042808e-01  -3.5889258e-02
   4.6292882e-01  -3.6158976e-02
   4.6543426e-01  -3.6428654e-02
   4.6794431e-01  -3.6698245e-02
   4.7045892e-01  -3.6967697e-02
   4.7297802e-01  -3.7236952e-02
   4.7550153e-01  -3.7505947e-02
   4.7802943e-01  -3.7774616e-02
   4.8056168e-01  -3.8042891e-02
   4.8309823e-01  -3.8310694e-02
   4.8563906e-01  -3.8577949e-02
   4.8818416e-01  -3.8844579e-02
   4.9073348e-01  -3.9110501e-02
   4.9328702e-01  -3.9375626e-02
   4.9584475e-01  -3.9639860e-02
   4.9840665e-01  -3.9903097e-02
   5.0097270e-01  -4.0165227e-02
   5.0354289e-01  -4.0426140e-02
   5.0611722e-01  -4.0685730e-02
   5.0869570e-01  -4.0943901e-02
   5.1127835e-01  -4.1200561e-02
   5.1386517e-01  -4.1455628e-02
   5.1645617e-01  -4.1709031e-02
   5.1905136e-01  -4.1960717e-02
   5.2165074e-01  -4.2210632e-02
   5.2425432e-01  -4.2458731e-02
   5.2686211e-01  -4.2704973e-02
   5.2947410e-01  -4.2949322e-02
   5.3209028e-01  -4.3191751e-02
   5.3471064e-01  -4.3432238e-02
   5.3733518e-01  -4.3670765e-02
   5.3996387e-01  -4.3907320e-02
   5.4259670e-01  -4.4141896e-02
   5.4523366e-01  -4.4374487e-02
   5.4787474e-01  -4.4605091e-02
   5.5051996e-01  -4.4833708e-02
   5.5316931e-01  -4.5060348e-02
   5.5582282e-01  -4.5285026e-02
   5.5848049e-01  -4.5507753e-02
   5.6114235e-01  -4.5728532e-02
   5.6380844e-01  -4.5947363e-02
   5.6647877e-01  -4.6164245e-02
   5.6915340e-01  -4.6379166e-02
   5.7183237e-01  -4.6592119e-02
   5.7451569e-01  -4.6803095e-02
   5.7720342e-01  -4.7012092e-02
   5.7989559e-01  -4.7219113e-02
   5.8259221e-01  -4.7424170e-02
   5.8529330e-01  -4.7627281e-02
   5.8799887e-01  -4.7828473e-02
   5.9070893e-01  -4.8027790e-02
   5.9342348e-01  -4.8225289e-02
   5.9614252e-01  -4.8421027e-02
   5.9886604e-01  -4.8615059e-02
   6.0159403e-01  -4.8807439e-02
   6.0432646e-01  -4.8998210e-02
   6.0706329e-01  -4.9187405e-02
   6.0980446e-01  -4.9375051e-02
   6.1254988e-01  -4.9561165e-02
   6.1529947e-01  -4.9745765e-02
   6.1805314e-01  -4.9928871e-02
   6.2081077e-01  -5.0110495e-02
   6.2357228e-01  -5.0290653e-02
   6.2633758e-01  -5.0469358e-02
   6.2910658e-01  -5.0646626e-02
   6.3187920e-01  -5.0822473e-02
   6.3465538e-01  -5.0996916e-02
   6.3743505e-01  -5.1169979e-02
   6.4021814e-01  -5.1341698e-02
   6.4300460e-01  -5.1512123e-02
   6.4579438e-01  -5.1681299e-02
   6.4858743e-01  -5.1849274e-02
   6.5138372e-01  -5.2016095e-02
   6.5418318e-01  -5.2181802e-02
   6.5698580e-01  -5.2346430e-02
   6.5979153e-01  -5.2510008e-02
   6.6260034e-01  -5.2672564e-02
   6.6541222e-01  -5.2834131e-02
   6.6822714e-01  -5.2994753e-02
   6.7104510e-01  -5.3154484e-02
   6.7386611e-01  -5.3313387e-02
   6.7669015e-01  -5.3471532e-02
   6.7951722e-01  -5.3629000e-02
   6.8234730e-01  -5.3785869e-02
   6.8518040e-01  -5.3942205e-02
   6.8801652e-01  -5.4098067e-02
   6.9085567e-01  -5.4253492e-02
   6.9369788e-01  -5.4408500e-02
   6.9654315e-01  -5.4563091e-02
   6.9939150e-01  -5.4717246e-02
   7.0224294e-01  -5.4870924e-02
   7.0509748e-01  -5.5024061e-02
   7.0795514e-01  -5.5176587e-02
   7.1081591e-01  -5.5328429e-02
   7.1367978e-01  -5.5479522e-02
   7.1654672e-01  -5.5629803e-02
   7.1941672e-01  -5.5779210e-02
   7.2228975e-01  -5.5927685e-02
   7.2516577e-01  -5.6075185e-02
   7.2804473e-01  -5.6221686e-02
   7.3092660e-01  -5.6367191e-02
   7.3381133e-01  -5.6511721e-02
   7.3669887e-01  -5.6655307e-02
   7.3958918e-01  -5.6797987e-02
   7.4248220e-01  -5.6939791e-02
   7.4537788e-01  -5.7080738e-02
   7.4827619e-01  -5.7220839e-02
   7.5117706e-01  -5.7360098e-02
   7.5408043e-01  -5.7498520e-02
   7.5698624e-01  -5.7636111e-02
   7.5989442e-01  -5.7772877e-02
   7.6280489e-01  -5.7908824e-02
   7.6571756e-01  -5.8043953e-02
   7.6863232e-01  -5.8178258e-02
   7.7154909e-01  -5.8311725e-02
   7.7446779e-01  -5.8444349e-02
   7.7738833e-01  -5.8576133e-02
   7.8031066e-01  -5.8707079e-02
   7.8323471e-01  -5.8837186e-02
   7.8616043e-01  -5.8966449e-02
   7.8908777e-01  -5.9094866e-02
   7.9201670e-01  -5.9222440e-02
   7.9494720e-01  -5.9349185e-02
   7.9787926e-01  -5.9475116e-02
   8.0081288e-01  -5.9600242e-02
   8.0374805e-01  -5.9724578e-02
   8.0668478e-01  -5.9848138e-02
   8.0962304e-01  -5.9970929e-02
   8.1256283e-01  -6.0092943e-02
   8.1550414e-01  -6.0214160e-02
   8.1844696e-01  -6.0334555e-02
   8.2139126e-01  -6.0454097e-02
   8.2433703e-01  -6.0572752e-02
   8.2728427e-01  -6.0690481e-02
   8.3023298e-01  -6.0807248e-02
   8.3318317e-01  -6.0923023e-02
   8.3613485e-01  -6.1037786e-02
   8.3908802e-01  -6.1151530e-02
   8.4204268e-01  -6.1264250e-02
   8.4499882e-01  -6.1375949e-02
   8.4795641e-01  -6.1486629e-02
   8.5091540e-01  -6.1596290e-02
   8.5387577e-01  -6.1704938e-02
   8.5683746e-01  -6.1812577e-02
   8.5980042e-01  -6.1919211e-02
   8.6276463e-01  -6.2024836e-02
   8.6573005e-01  -6.2129439e-02
   8.6869665e-01  -6.2233007e-02
   8.7166443e-01  -6.2335524e-02
   8.7463338e-01  -6.2436975e-02
   8.7760349e-01  -6.2537344e-02
   8.8057474e-01  -6.2636611e-02
   8.8354712e-01  -6.2734760e-02
   8.8652062e-01  -6.2831769e-02
   8.8949523e-01  -6.2927614e-02
   8.9247094e-01  -6.3022264e-02
   8.9544774e-01  -6.3115683e-02
   8.9842560e-01  -6.3207819e-02
   9.0140451e-01  -6.3298615e-02
   9.0438446e-01  -6.3388004e-02
   9.0736541e-01  -6.3475919e-02
   9.1034734e-01  -6.3562290e-02
   9.1333024e-01  -6.3647042e-02
   9.1631407e-01  -6.3730089e-02
   9.1929883e-01  -6.3811344e-02
   9.2228450e-01  -6.3890720e-02
   9.2527106e-01  -6.3968129e-02
   9.2825846e-01  -6.4043484e-02
   9.3124665e-01  -6.4116697e-02
   9.3423556e-01  -6.4187690e-02
   9.3722510e-01  -6.4256386e-02
   9.4021518e-01  -6.4322704e-02
   9.4320567e-01  -6.4386571e-02
   9.4619643e-01  -6.4447921e-02
   9.4918733e-01  -6.4506701e-02
   9.5217825e-01  -6.4562868e-02
   9.5516903e-01  -6.4616403e-02
   9.5815954e-01  -6.4667291e-02
   9.6114964e-01  -6.4715519e-02
   9.6413918e-01  -6.4761075e-02
   9.6712802e-01  -6.4803934e-02
   9.7011600e-01  -6.4844065e-02
   9.7310299e-01  -6.4881441e-02
   9.7608884e-01  -6.4916034e-02
   9.7907341e-01  -6.4947805e-02
   9.8205655e-01  -6.4976705e-02
   9.8503814e-01  -6.5002684e-02
   9.8801803e-01  -6.5025696e-02
   9.9099609e-01  -6.5045693e-02
   9.9397222e-01  -6.5062640e-02
   9.9694630e-01  -6.5076499e-02
   9.9991818e-01  -6.5087233e-02
   1.0028877e+00  -6.5094803e-02
   1.0058548e+00  -6.5099159e-02
   1.0088193e+00  -6.5100245e-02
   1.0117810e+00  -6.5098009e-02
   1.0147400e+00  -6.5092415e-02
   1.0176959e+00  -6.5083428e-02
   1.0206489e+00  -6.5071014e-02
   1.0235987e+00  -6.5055136e-02
   1.0265452e+00  -6.5035768e-02
   1.0294885e+00  -6.5012885e-02
   1.0324285e+00  -6.4986463e-02
   1.0353651e+00  -6.4956485e-02
   1.0382984e+00  -6.4922958e-02
   1.0412282e+00  -6.4885903e-02
   1.0441546e+00  -6.4845343e-02
   1.0470777e+00  -6.4801308e-02
   1.0499973e+00  -6.4753833e-02
   1.0529135e+00  -6.4702948e-02
   1.0558263e+00  -6.4648698e-02
   1.0587356e+00  -6.4591151e-02
   1.0616415e+00  -6.4530384e-02
   1.0645440e+00  -6.4466480e-02
   1.0674429e+00  -6.4399533e-02
   1.0703383e+00  -6.4329648e-02
   1.0732300e+00  -6.4256944e-02
   1.0761181e+00  -6.4181555e-02
   1.0790025e+00  -6.4103623e-02
   1.0818832e+00  -6.4023296e-02
   1.0847600e+00  -6.3940714e-02
   1.0876330e+00  -6.3855999e-02
   1.0905021e+00  -6.3769269e-02
   1.0933672e+00  -6.3680636e-02
   1.0962284e+00  -6.3590207e-02
   1.0990855e+00  -6.3498082e-02
   1.1019386e+00  -6.3404351e-02
   1.1047877e+00  -6.3309085e-02
   1.1076326e+00  -6.3212356e-02
   1.1104734e+00  -6.3114239e-02
   1.1133101e+00  -6.3014801e-02
   1.1161427e+00  -6.2914097e-02
   1.1189710e+00  -6.2812171e-02
   1.1217952e+00  -6.2709055e-02
   1.1246152e+00  -6.2604765e-02
   1.1274309e+00  -6.2499310e-02
   1.1302424e+00  -6.2392689e-02
   1.1330497e+00  -6.2284894e-02
   1.1358528e+00  -6.2175907e-02
   1.1386518e+00  -6.2065717e-02
   1.1414467e+00  -6.1954305e-02
   1.1442375e+00  -6.1841639e-02
   1.1470243e+00  -6.1727674e-02
   1.1498070e+00  -6.1612364e-02
   1.1525857e+00  -6.1495660e-02
   1.1553604e+00  -6.1377517e-02
   1.1581311e+00  -6.1257901e-02
   1.1608978e+00  -6.1136791e-02
   1.1636605e+00  -6.1014172e-02
   1.1664193e+00  -6.0890033e-02
   1.1691743e+00  -6.0764372e-02
   1.1719254e+00  -6.0637199e-02
   1.1746726e+00  -6.0508535e-02
   1.1774161e+00  -6.0378407e-02
   1.1801558e+00  -6.0246847e-02
   1.1828919e+00  -6.0113886e-02
   1.1856242e+00  -5.9979559e-02
   1.1883529e+00  -5.9843901e-02
   1.1910780e+00  -5.9706951e-02
   1.1937995e+00  -5.9568752e-02
   1.1965174e+00  -5.9429351e-02
   1.1992317e+00  -5.9288792e-02
   1.2019425e+00  -5.9147117e-02
   1.2046498e+00  -5.9004363e-02
   1.2073536e+00  -5.8860562e-02
   1.2100540e+00  -5.8715744e-02
   1.2127508e+00  -5.8569936e-02
   1.2154441e+00  -5.8423157e-02
   1.2181340e+00  -5.8275412e-02
   1.2208203e+00  -5.8126689e-02
   1.2235031e+00  -5.7976972e-02
   1.2261824e+00  -5.7826234e-02
   1.2288581e+00  -5.7674441e-02
   1.2315303e+00  -5.7521563e-02
   1.2341988e+00  -5.7367570e-02
   1.2368638e+00  -5.7212424e-02
   1.2395250e+00  -5.7056082e-02
   1.2421824e+00  -5.6898492e-02
   1.2448361e+00  -5.6739592e-02
   1.2474858e+00  -5.6579323e-02
   1.2501316e+00  -5.6417641e-02
   1.2527735e+00  -5.6254511e-02
   1.2554114e+00  -5.6089909e-02
   1.2580453e+00  -5.5923808e-02
   1.2606750e+00  -5.5756187e-02
   1.2633006e+00  -5.5587022e-02
   1.2659220e+00  -5.5416272e-02
   1.2685392e+00  -5.5243888e-02
   1.2711520e+00  -5.5069809e-02
   1.2737604e+00  -5.4893976e-02
   1.2763644e+00  -5.4716341e-02
   1.2789639e+00  -5.4536850e-02
   1.2815588e+00  -5.4355445e-02
   1.2841489e+00  -5.4172057e-02
   1.2867344e+00  -5.3986606e-02
   1.2893149e+00  -5.3799005e-02
   1.2918906e+00  -5.3609159e-02
   1.2944613e+00  -5.3416971e-02
   1.2970270e+00  -5.3222350e-02
   1.2995876e+00  -5.3025209e-02
   1.3021431e+00  -5.2825476e-02
   1.3046934e+00  -5.2623089e-02
   1.3072384e+00  -5.2417998e-02
   1.3097782e+00  -5.2210148e-02
   1.3123127e+00  -5.1999492e-02
   1.3148417e+00  -5.1786000e-02
   1.3173653e+00  -5.1569646e-02
   1.3198833e+00  -5.1350407e-02
   1.3223957e+00  -5.1128263e-02
   1.3249025e+00  -5.0903199e-02
   1.3274036e+00  -5.0675196e-02
   1.3298992e+00  -5.0444237e-02
   1.3323891e+00  -5.0210307e-02
   1.3348734e+00  -4.9973389e-02
   1.3373521e+00  -4.9733470e-02
   1.3398250e+00  -4.9490527e-02
   1.3422922e+00  -4.9244547e-02
   1.3447537e+00  -4.8995528e-02
   1.3472094e+00  -4.8743477e-02
   1.3496592e+00  -4.8488401e-02
   1.3521032e+00  -4.8230308e-02
   1.3545412e+00  -4.7969198e-02
   1.3569733e+00  -4.7705075e-02
   1.3593994e+00  -4.7437953e-02
   1.3618193e+00  -4.7167842e-02
   1.3642331e+00  -4.6894754e-02
   1.3666408e+00  -4.6618701e-02
   1.3690422e+00  -4.6339700e-02
   1.3714373e+00  -4.6057755e-02
   1.3738262e+00  -4.5772866e-02
   1.3762086e+00  -4.5485038e-02
   1.3785846e+00  -4.5194291e-02
   1.3809540e+00  -4.4900658e-02
   1.3833167e+00  -4.4604174e-02
   1.3856727e+00  -4.4304876e-02
   1.3880219e+00  -4.4002805e-02
   1.3903641e+00  -4.3698006e-02
   1.3926993e+00  -4.3390517e-02
   1.3950275e+00  -4.3080376e-02
   1.3973484e+00  -4.2767614e-02
   1.3996622e+00  -4.2452257e-02
   1.4019686e+00  -4.2134318e-02
   1.4042676e+00  -4.1813802e-02
   1.4065590e+00  -4.1490715e-02
   1.4088428e+00  -4.1165081e-02
   1.4111189e+00  -4.0836928e-02
   1.4133872e+00  -4.0506298e-02
   1.4156475e+00  -4.0173241e-02
   1.4178998e+00  -3.9837813e-02
   1.4201440e+00  -3.9500073e-02
   1.4223799e+00  -3.9160084e-02
   1.4246075e+00  -3.8817905e-02
   1.4268267e+00  -3.8473589e-02
   1.4290374e+00  -3.8127176e-02
   1.4312396e+00  -3.7778687e-02
   1.4334332e+00  -3.7428123e-02
   1.4356181e+00  -3.7075480e-02
   1.4377943e+00  -3.6720754e-02
   1.4399616e+00  -3.6363942e-02
   1.4421202e+00  -3.6005039e-02
   1.4442699e+00  -3.5644035e-02
   1.4464108e+00  -3.5280921e-02
   1.4485429e+00  -3.4915684e-02
   1.4506661e+00  -3.4548312e-02
   1.4527805e+00  -3.4178795e-02
   1.4548861e+00  -3.3807133e-02
   1.4569830e+00  -3.3433321e-02
   1.4590712e+00  -3.3057344e-02
   1.4611506e+00  -3.2679175e-02
   1.4632213e+00  -3.2298778e-02
   1.4652833e+00  -3.1916107e-02
   1.4673364e+00  -3.1531120e-02
   1.4693808e+00  -3.1143778e-02
   1.4714165e+00  -3.0754044e-02
   1.4734433e+00  -3.0361890e-02
   1.4754614e+00  -2.9967293e-02
   1.4774708e+00  -2.9570233e-02
   1.4794714e+00  -2.9170696e-02
   1.4814632e+00  -2.8768667e-02
   1.4834463e+00  -2.8364133e-02
   1.4854207e+00  -2.7957090e-02
   1.4873864e+00  -2.7547537e-02
   1.4893435e+00  -2.7135473e-02
   1.4912920e+00  -2.6720909e-02
   1.4932320e+00  -2.6303879e-02
   1.4951635e+00  -2.5884425e-02
   1.4970866e+00  -2.5462595e-02
   1.4990013e+00  -2.5038449e-02
   1.5009078e+00  -2.4612061e-02
   1.5028061e+00  -2.4183500e-02
   1.5046963e+00  -2.3752828e-02
   1.5065784e+00  -2.3320097e-02
   1.5084524e+00  -2.2885347e-02
   1.5103185e+00  -2.2448608e-02
   1.5121766e+00  -2.2009893e-02
   1.5140268e+00  -2.1569210e-02
   1.5158691e+00  -2.1126564e-02
   1.5177035e+00  -2.0681957e-02
   1.5195301e+00  -2.0235387e-02
   1.5213488e+00  -1.9786851e-02
   1.5231597e+00  -1.9336354e-02
   1.5249627e+00  -1.8883903e-02
   1.5267579e+00  -1.8429505e-02
   1.5285453e+00  -1.7973163e-02
   1.5303249e+00  -1.7514888e-02
   1.5320966e+00  -1.7054689e-02
   1.5338606e+00  -1.6592575e-02
   1.5356166e+00  -1.6128543e-02
   1.5373649e+00  -1.5662579e-02
   1.5391052e+00  -1.5194666e-02
   1.5408376e+00  -1.4724785e-02
   1.5425621e+00  -1.4252922e-02
   1.5442787e+00  -1.3779069e-02
   1.5459873e+00  -1.3303216e-02
   1.5476879e+00  -1.2825345e-02
   1.5493806e+00  -1.2345439e-02
   1.5510653e+00  -1.1863484e-02
   1.5527420e+00  -1.1379466e-02
   1.5544107e+00  -1.0893373e-02
   1.5560716e+00  -1.0405197e-02
   1.5577245e+00  -9.9149366e-03
   1.5593696e+00  -9.4225983e-03
   1.5610068e+00  -8.9281919e-03
   1.5626363e+00  -8.4317285e-03
   1.5642579e+00  -7.9332085e-03
   1.5658718e+00  -7.4326210e-03
   1.5674778e+00  -6.9299520e-03
   1.5690760e+00  -6.4251915e-03
   1.5706665e+00  -5.9183355e-03
   1.5722492e+00  -5.4093849e-03
   1.5738241e+00  -4.8983501e-03
   1.5753912e+00  -4.3852427e-03
   1.5769506e+00  -3.8700728e-03
   1.5785021e+00  -3.3528421e-03
   1.5800458e+00  -2.8335537e-03
   1.5815818e+00  -2.3122099e-03
   1.5831099e+00  -1.7888085e-03
   1.5846303e+00  -1.2633325e-03
   1.5861430e+00  -7.3575037e-04
   1.5876478e+00  -2.0601585e-04
   1.5891449e+00   3.2592039e-04
   1.5906343e+00   8.6011024e-04
   1.5921158e+00   1.3966061e-03
   1.5935895e+00   1.9354485e-03
   1.5950554e+00   2.4766786e-03
   1.5965135e+00   3.0203475e-03
   1.5979636e+00   3.5665159e-03
   1.5994057e+00   4.1152476e-03
   1.6008399e+00   4.6666159e-03
   1.6022659e+00   5.2206837e-03
   1.6036839e+00   5.7775012e-03
   1.6050936e+00   6.3371181e-03
   1.6064951e+00   6.8995859e-03
   1.6078882e+00   7.4649557e-03
   1.6092729e+00   8.0332706e-03
   1.6106490e+00   8.6045565e-03
   1.6120165e+00   9.1788246e-03
   1.6133753e+00   9.7560841e-03
   1.6147253e+00   1.0336357e-02
   1.6160664e+00   1.0919666e-02
   1.6173985e+00   1.1506040e-02
   1.6187216e+00   1.2095508e-02
   1.6200354e+00   1.2688104e-02
   1.6213401e+00   1.3283872e-02
   1.6226354e+00   1.3882846e-02
   1.6239213e+00   1.4485061e-02
   1.6251978e+00   1.5090554e-02
   1.6264648e+00   1.5699362e-02
   1.6277222e+00   1.6311527e-02
   1.6289699e+00   1.6927082e-02
   1.6302079e+00   1.7546045e-02
   1.6314360e+00   1.8168424e-02
   1.6326544e+00   1.8794213e-02
   1.6338628e+00   1.9423389e-02
   1.6350614e+00   2.0055909e-02
   1.6362500e+00   2.0691717e-02
   1.6374287e+00   2.1330756e-02
   1.6385974e+00   2.1972965e-02
   1.6397561e+00   2.2618284e-02
   1.6409048e+00   2.3266648e-02
   1.6420436e+00   2.3917996e-02
   1.6431722e+00   2.4572263e-02
   1.6442909e+00   2.5229387e-02
   1.6453996e+00   2.5889314e-02
   1.6464982e+00   2.6551987e-02
   1.6475867e+00   2.7217341e-02
   1.6486653e+00   2.7885318e-02
   1.6497339e+00   2.8555867e-02
   1.6507926e+00   2.9228938e-02
   1.6518412e+00   2.9904481e-02
   1.6528798e+00   3.0582444e-02
   1.6539085e+00   3.1262774e-02
   1.6549272e+00   3.1945414e-02
   1.6559359e+00   3.2630302e-02
   1.6569346e+00   3.3317370e-02
   1.6579233e+00   3.4006545e-02
   1.6589020e+00   3.4697753e-02
   1.6598706e+00   3.5390913e-02
   1.6608291e+00   3.6085938e-02
   1.6617776e+00   3.6782733e-02
   1.6627161e+00   3.7481200e-02
   1.6636446e+00   3.8181249e-02
   1.6645631e+00   3.8882795e-02
   1.6654715e+00   3.9585761e-02
   1.6663700e+00   4.0290074e-02
   1.6672584e+00   4.0995675e-02
   1.6681368e+00   4.1702513e-02
   1.6690053e+00   4.2410537e-02
   1.6698638e+00   4.3119702e-02
   1.6707124e+00   4.3829962e-02
   1.6715512e+00   4.4541271e-02
   1.6723801e+00   4.5253590e-02
   1.6731992e+00   4.5966883e-02
   1.6740085e+00   4.6681126e-02
   1.6748081e+00   4.7396289e-02
   1.6755979e+00   4.8112342e-02
   1.6763779e+00   4.8829255e-02
   1.6771482e+00   4.9547001e-02
   1.6779087e+00   5.0265555e-02
   1.6786595e+00   5.0984897e-02
   1.6794006e+00   5.1705017e-02
   1.6801320e+00   5.2425922e-02
   1.6808540e+00   5.3147629e-02
   1.6815664e+00   5.3870167e-02
   1.6822694e+00   5.4593562e-02
   1.6829630e+00   5.5317834e-02
   1.6836473e+00   5.6042997e-02
   1.6843224e+00   5.6769055e-02
   1.6849883e+00   5.7496010e-02
   1.6856450e+00   5.8223856e-02
   1.6862926e+00   5.8952587e-02
   1.6869312e+00   5.9682196e-02
   1.6875607e+00   6.0412667e-02
   1.6881812e+00   6.1143986e-02
   1.6887925e+00   6.1876149e-02
   1.6893948e+00   6.2609159e-02
   1.6899879e+00   6.3343028e-02
   1.6905719e+00   6.4077772e-02
   1.6911467e+00   6.4813415e-02
   1.6917123e+00   6.5549983e-02
   1.6922688e+00   6.6287508e-02
   1.6928161e+00   6.7026029e-02
   1.6933544e+00   6.7765594e-02
   1.6938835e+00   6.8506255e-02
   1.6944035e+00   6.9248060e-02
   1.6949144e+00   6.9991052e-02
   1.6954164e+00   7.0735266e-02
   1.6959093e+00   7.1480737e-02
   1.6963934e+00   7.2227505e-02
   1.6968686e+00   7.2975615e-02
   1.6973350e+00   7.3725122e-02
   1.6977926e+00   7.4476083e-02
   1.6982415e+00   7.5228555e-02
   1.6986816e+00   7.5982594e-02
   1.6991130e+00   7.6738254e-02
   1.6995356e+00   7.7495587e-02
   1.6999495e+00   7.8254643e-02
   1.7003546e+00   7.9015468e-02
   1.7007510e+00   7.9778105e-02
   1.7011385e+00   8.0542599e-02
   1.7015172e+00   8.1308999e-02
   1.7018870e+00   8.2077363e-02
   1.7022479e+00   8.2847745e-02
   1.7025999e+00   8.3620192e-02
   1.7029428e+00   8.4394738e-02
   1.7032769e+00   8.5171403e-02
   1.7036020e+00   8.5950211e-02
   1.7039182e+00   8.6731184e-02
   1.7042255e+00   8.7514348e-02
   1.7045240e+00   8.8299737e-02
   1.7048136e+00   8.9087387e-02
   1.7050944e+00   8.9877338e-02
   1.7053664e+00   9.0669627e-02
   1.7056296e+00   9.1464297e-02
   1.7058841e+00   9.2261386e-02
   1.7061298e+00   9.3060931e-02
   1.7063667e+00   9.3862962e-02
   1.7065949e+00   9.4667507e-02
   1.7068144e+00   9.5474583e-02
   1.7070252e+00   9.6284209e-02
   1.7072274e+00   9.7096408e-02
   1.7074209e+00   9.7911220e-02
   1.7076058e+00   9.8728698e-02
   1.7077821e+00   9.9548906e-02
   1.7079497e+00   1.0037191e-01
   1.7081087e+00   1.0119778e-01
   1.7082591e+00   1.0202656e-01
   1.7084009e+00   1.0285829e-01
   1.7085341e+00   1.0369299e-01
   1.7086588e+00   1.0453071e-01
   1.7087749e+00   1.0537149e-01
   1.7088825e+00   1.0621535e-01
   1.7089816e+00   1.0706231e-01
   1.7090724e+00   1.0791239e-01
   1.7091547e+00   1.0876559e-01
   1.7092287e+00   1.0962194e-01
   1.7092944e+00   1.1048146e-01
   1.7093519e+00   1.1134412e-01
   1.7094012e+00   1.1220991e-01
   1.7094423e+00   1.1307884e-01
   1.7094753e+00   1.1395087e-01
   1.7095001e+00   1.1482599e-01
   1.7095169e+00   1.1570421e-01
   1.7095256e+00   1.1658550e-01
   1.7095262e+00   1.1746987e-01
   1.7095189e+00   1.1835729e-01
   1.7095036e+00   1.1924774e-01
   1.7094804e+00   1.2014119e-01
   1.7094492e+00   1.2103759e-01
   1.7094102e+00   1.2193691e-01
   1.7093633e+00   1.2283910e-01
   1.7093084e+00   1.2374411e-01
   1.7092457e+00   1.2465188e-01
   1.7091750e+00   1.2556234e-01
   1.7090964e+00   1.2647544e-01
   1.7090099e+00   1.2739112e-01
   1.7089155e+00   1.2830932e-01
   1.7088132e+00   1.2923000e-01
   1.7087031e+00   1.3015309e-01
   1.7085851e+00   1.3107854e-01
   1.7084594e+00   1.3200627e-01
   1.7083259e+00   1.3293620e-01
   1.7081849e+00   1.3386825e-01
   1.7080361e+00   1.3480232e-01
   1.7078798e+00   1.3573833e-01
   1.7077158e+00   1.3667618e-01
   1.7075444e+00   1.3761579e-01
   1.7073654e+00   1.3855709e-01
   1.7071790e+00   1.3950002e-01
   1.7069851e+00   1.4044454e-01
   1.7067838e+00   1.4139060e-01
   1.7065751e+00   1.4233816e-01
   1.7063590e+00   1.4328721e-01
   1.7061355e+00   1.4423768e-01
   1.7059047e+00   1.4518955e-01
   1.7056665e+00   1.4614275e-01
   1.7054211e+00   1.4709725e-01
   1.7051684e+00   1.4805297e-01
   1.7049084e+00   1.4900990e-01
   1.7046412e+00   1.4996797e-01
   1.7043667e+00   1.5092714e-01
   1.7040849e+00   1.5188739e-01
   1.7037960e+00   1.5284868e-01
   1.7034999e+00   1.5381100e-01
   1.7031966e+00   1.5477430e-01
   1.7028863e+00   1.5573858e-01
   1.7025688e+00   1.5670382e-01
   1.7022444e+00   1.5767003e-01
   1.7019130e+00   1.5863720e-01
   1.7015747e+00   1.5960534e-01
   1.7012296e+00   1.6057445e-01
   1.7008776e+00   1.6154454e-01
   1.7005189e+00   1.6251560e-01
   1.7001534e+00   1.6348761e-01
   1.6997813e+00   1.6446057e-01
   1.6994024e+00   1.6543446e-01
   1.6990169e+00   1.6640928e-01
   1.6986248e+00   1.6738502e-01
   1.6982260e+00   1.6836165e-01
   1.6978207e+00   1.6933918e-01
   1.6974087e+00   1.7031760e-01
   1.6969902e+00   1.7129691e-01
   1.6965652e+00   1.7227714e-01
   1.6961337e+00   1.7325830e-01
   1.6956957e+00   1.7424039e-01
   1.6952512e+00   1.7522344e-01
   1.6948003e+00   1.7620746e-01
   1.6943429e+00   1.7719250e-01
   1.6938791e+00   1.7817857e-01
   1.6934088e+00   1.7916574e-01
   1.6929323e+00   1.8015402e-01
   1.6924494e+00   1.8114344e-01
   1.6919604e+00   1.8213403e-01
   1.6914651e+00   1.8312577e-01
   1.6909638e+00   1.8411867e-01
   1.6904563e+00   1.8511272e-01
   1.6899429e+00   1.8610789e-01
   1.6894235e+00   1.8710419e-01
   1.6888982e+00   1.8810159e-01
   1.6883670e+00   1.8910011e-01
   1.6878300e+00   1.9009975e-01
   1.6872872e+00   1.9110052e-01
   1.6867386e+00   1.9210244e-01
   1.6861843e+00   1.9310553e-01
   1.6856244e+00   1.9410979e-01
   1.6850587e+00   1.9511522e-01
   1.6844874e+00   1.9612185e-01
   1.6839105e+00   1.9712970e-01
   1.6833280e+00   1.9813878e-01
   1.6827398e+00   1.9914911e-01
   1.6821461e+00   2.0016070e-01
   1.6815467e+00   2.0117357e-01
   1.6809417e+00   2.0218773e-01
   1.6803311e+00   2.0320322e-01
   1.6797148e+00   2.0422008e-01
   1.6790929e+00   2.0523833e-01
   1.6784654e+00   2.0625801e-01
   1.6778322e+00   2.0727913e-01
   1.6771935e+00   2.0830174e-01
   1.6765491e+00   2.0932584e-01
   1.6758991e+00   2.1035146e-01
   1.6752435e+00   2.1137864e-01
   1.6745823e+00   2.1240739e-01
   1.6739156e+00   2.1343774e-01
   1.6732434e+00   2.1446974e-01
   1.6725657e+00   2.1550340e-01
   1.6718825e+00   2.1653876e-01
   1.6711938e+00   2.1757586e-01
   1.6704997e+00   2.1861475e-01
   1.6698001e+00   2.1965545e-01
   1.6690950e+00   2.2069800e-01
   1.6683845e+00   2.2174240e-01
   1.6676685e+00   2.2278865e-01
   1.6669471e+00   2.2383676e-01
   1.6662202e+00   2.2488672e-01
   1.6654880e+00   2.2593849e-01
   1.6647503e+00   2.2699205e-01
   1.6640072e+00   2.2804738e-01
   1.6632587e+00   2.2910443e-01
   1.6625048e+00   2.3016318e-01
   1.6617456e+00   2.3122358e-01
   1.6609811e+00   2.3228559e-01
   1.6602113e+00   2.3334914e-01
   1.6594362e+00   2.3441418e-01
   1.6586560e+00   2.3548063e-01
   1.6578706e+00   2.3654842e-01
   1.6570802e+00   2.3761745e-01
   1.6562847e+00   2.3868767e-01
   1.6554843e+00   2.3975899e-01
   1.6546789e+00   2.4083137e-01
   1.6538686e+00   2.4190473e-01
   1.6530534e+00   2.4297903e-01
   1.6522334e+00   2.4405423e-01
   1.6514085e+00   2.4513030e-01
   1.6505789e+00   2.4620721e-01
   1.6497445e+00   2.4728495e-01
   1.6489054e+00   2.4836354e-01
   1.6480616e+00   2.4944296e-01
   1.6472132e+00   2.5052325e-01
   1.6463603e+00   2.5160440e-01
   1.6455030e+00   2.5268643e-01
   1.6446412e+00   2.5376934e-01
   1.6437751e+00   2.5485315e-01
   1.6429049e+00   2.5593787e-01
   1.6420306e+00   2.5702351e-01
   1.6411522e+00   2.5811009e-01
   1.6402700e+00   2.5919760e-01
   1.6393841e+00   2.6028604e-01
   1.6384945e+00   2.6137542e-01
   1.6376013e+00   2.6246573e-01
   1.6367048e+00   2.6355702e-01
   1.6358050e+00   2.6464929e-01
   1.6349020e+00   2.6574259e-01
   1.6339960e+00   2.6683692e-01
   1.6330872e+00   2.6793231e-01
   1.6321756e+00   2.6902877e-01
   1.6312614e+00   2.7012631e-01
   1.6303447e+00   2.7122495e-01
   1.6294256e+00   2.7232469e-01
   1.6285041e+00   2.7342554e-01
   1.6275804e+00   2.7452750e-01
   1.6266544e+00   2.7563055e-01
   1.6257263e+00   2.7673468e-01
   1.6247961e+00   2.7783987e-01
   1.6238639e+00   2.7894609e-01
   1.6229297e+00   2.8005333e-01
   1.6219936e+00   2.8116154e-01
   1.6210556e+00   2.8227071e-01
   1.6201159e+00   2.8338080e-01
   1.6191744e+00   2.8449175e-01
   1.6182314e+00   2.8560353e-01
   1.6172867e+00   2.8671610e-01
   1.6163405e+00   2.8782939e-01
   1.6153930e+00   2.8894338e-01
   1.6144440e+00   2.9005801e-01
   1.6134938e+00   2.9117323e-01
   1.6125425e+00   2.9228899e-01
   1.6115900e+00   2.9340524e-01
   1.6106366e+00   2.9452192e-01
   1.6096823e+00   2.9563897e-01
   1.6087272e+00   2.9675633e-01
   1.6077714e+00   2.9787398e-01
   1.6068150e+00   2.9899187e-01
   1.6058580e+00   3.0010999e-01
   1.6049005e+00   3.0122831e-01
   1.6039425e+00   3.0234683e-01
   1.6029842e+00   3.0346555e-01
   1.6020256e+00   3.0458445e-01
   1.6010666e+00   3.0570356e-01
   1.6001074e+00   3.0682290e-01
   1.5991479e+00   3.0794248e-01
   1.5981883e+00   3.0906236e-01
   1.5972286e+00   3.1018255e-01
   1.5962687e+00   3.1130311e-01
   1.5953088e+00   3.1242405e-01
   1.5943488e+00   3.1354543e-01
   1.5933888e+00   3.1466727e-01
   1.5924288e+00   3.1578964e-01
   1.5914688e+00   3.1691255e-01
   1.5905088e+00   3.1803607e-01
   1.5895489e+00   3.1916022e-01
   1.5885890e+00   3.2028501e-01
   1.5876293e+00   3.2141048e-01
   1.5866696e+00   3.2253666e-01
   1.5857100e+00   3.2366356e-01
   1.5847506e+00   3.2479124e-01
   1.5837913e+00   3.2591973e-01
   1.5828321e+00   3.2704907e-01
   1.5818730e+00   3.2817932e-01
   1.5809140e+00   3.2931051e-01
   1.5799551e+00   3.3044266e-01
   1.5789961e+00   3.3157580e-01
   1.5780371e+00   3.3270995e-01
   1.5770780e+00   3.3384515e-01
   1.5761188e+00   3.3498141e-01
   1.5751595e+00   3.3611876e-01
   1.5741999e+00   3.3725722e-01
   1.5732402e+00   3.3839678e-01
   1.5722803e+00   3.3953749e-01
   1.5713202e+00   3.4067934e-01
   1.5703600e+00   3.4182237e-01
   1.5693996e+00   3.4296657e-01
   1.5684393e+00   3.4411196e-01
   1.5674789e+00   3.4525851e-01
   1.5665187e+00   3.4640623e-01
   1.5655585e+00   3.4755508e-01
   1.5645985e+00   3.4870500e-01
   1.5636388e+00   3.4985596e-01
   1.5626793e+00   3.5100787e-01
   1.5617201e+00   3.5216071e-01
   1.5607612e+00   3.5331441e-01
   1.5598026e+00   3.5446894e-01
   1.5588445e+00   3.5562425e-01
   1.5578867e+00   3.5678032e-01
   1.5569295e+00   3.5793711e-01
   1.5559726e+00   3.5909460e-01
   1.5550163e+00   3.6025278e-01
   1.5540605e+00   3.6141163e-01
   1.5531052e+00   3.6257113e-01
   1.5521505e+00   3.6373126e-01
   1.5511963e+00   3.6489201e-01
   1.5502427e+00   3.6605337e-01
   1.5492896e+00   3.6721536e-01
   1.5483372e+00   3.6837800e-01
   1.5473855e+00   3.6954129e-01
   1.5464345e+00   3.7070526e-01
   1.5454842e+00   3.7186989e-01
   1.5445347e+00   3.7303520e-01
   1.5435862e+00   3.7420117e-01
   1.5426385e+00   3.7536779e-01
   1.5416918e+00   3.7653507e-01
   1.5407462e+00   3.7770298e-01
   1.5398015e+00   3.7887152e-01
   1.5388579e+00   3.8004069e-01
   1.5379154e+00   3.8121052e-01
   1.5369739e+00   3.8238102e-01
   1.5360336e+00   3.8355224e-01
   1.5350945e+00   3.8472421e-01
   1.5341567e+00   3.8589694e-01
   1.5332202e+00   3.8707046e-01
   1.5322851e+00   3.8824478e-01
   1.5313516e+00   3.8941991e-01
   1.5304196e+00   3.9059581e-01
   1.5294894e+00   3.9177247e-01
   1.5285610e+00   3.9294984e-01
   1.5276345e+00   3.9412788e-01
   1.5267100e+00   3.9530653e-01
   1.5257877e+00   3.9648575e-01
   1.5248677e+00   3.9766550e-01
   1.5239500e+00   3.9884574e-01
   1.5230348e+00   4.0002644e-01
   1.5221220e+00   4.0120758e-01
   1.5212119e+00   4.0238914e-01
   1.5203045e+00   4.0357110e-01
   1.5193997e+00   4.0475344e-01
   1.5184977e+00   4.0593614e-01
   1.5175985e+00   4.0711921e-01
   1.5167022e+00   4.0830264e-01
   1.5158087e+00   4.0948646e-01
   1.5149181e+00   4.1067069e-01
   1.5140304e+00   4.1185536e-01
   1.5131457e+00   4.1304049e-01
   1.5122640e+00   4.1422609e-01
   1.5113852e+00   4.1541220e-01
   1.5105095e+00   4.1659882e-01
   1.5096369e+00   4.1778597e-01
   1.5087674e+00   4.1897364e-01
   1.5079009e+00   4.2016181e-01
   1.5070376e+00   4.2135046e-01
   1.5061773e+00   4.2253953e-01
   1.5053202e+00   4.2372897e-01
   1.5044663e+00   4.2491870e-01
   1.5036155e+00   4.2610867e-01
   1.5027679e+00   4.2729879e-01
   1.5019234e+00   4.2848897e-01
   1.5010821e+00   4.2967914e-01
   1.5002440e+00   4.3086921e-01
   1.4994091e+00   4.3205909e-01
   1.4985775e+00   4.3324869e-01
   1.4977492e+00   4.3443794e-01
   1.4969243e+00   4.3562676e-01
   1.4961028e+00   4.3681511e-01
   1.4952848e+00   4.3800294e-01
   1.4944704e+00   4.3919024e-01
   1.4936596e+00   4.4037699e-01
   1.4928524e+00   4.4156318e-01
   1.4920489e+00   4.4274881e-01
   1.4912492e+00   4.4393384e-01
   1.4904533e+00   4.4511828e-01
   1.4896612e+00   4.4630212e-01
   1.4888730e+00   4.4748534e-01
   1.4880888e+00   4.4866794e-01
   1.4873086e+00   4.4984991e-01
   1.4865326e+00   4.5103125e-01
   1.4857608e+00   4.5221197e-01
   1.4849932e+00   4.5339205e-01
   1.4842301e+00   4.5457150e-01
   1.4834714e+00   4.5575032e-01
   1.4827173e+00   4.5692852e-01
   1.4819677e+00   4.5810608e-01
   1.4812226e+00   4.5928305e-01
   1.4804822e+00   4.6045942e-01
   1.4797464e+00   4.6163522e-01
   1.4790153e+00   4.6281048e-01
   1.4782888e+00   4.6398520e-01
   1.4775670e+00   4.6515937e-01
   1.4768500e+00   4.6633299e-01
   1.4761378e+00   4.6750604e-01
   1.4754306e+00   4.6867849e-01
   1.4747283e+00   4.6985035e-01
   1.4740312e+00   4.7102161e-01
   1.4733393e+00   4.7219230e-01
   1.4726526e+00   4.7336243e-01
   1.4719712e+00   4.7453202e-01
   1.4712953e+00   4.7570111e-01
   1.4706248e+00   4.7686972e-01
   1.4699598e+00   4.7803788e-01
   1.4693005e+00   4.7920558e-01
   1.4686468e+00   4.8037283e-01
   1.4679987e+00   4.8153958e-01
   1.4673565e+00   4.8270580e-01
   1.4667200e+00   4.8387148e-01
   1.4660894e+00   4.8503657e-01
   1.4654647e+00   4.8620106e-01
   1.4648457e+00   4.8736492e-01
   1.4642327e+00   4.8852813e-01
   1.4636255e+00   4.8969067e-01
   1.4630241e+00   4.9085252e-01
   1.4624286e+00   4.9201368e-01
   1.4618390e+00   4.9317414e-01
   1.4612551e+00   4.9433390e-01
   1.4606771e+00   4.9549296e-01
   1.4601050e+00   4.9665134e-01
   1.4595387e+00   4.9780907e-01
   1.4589785e+00   4.9896618e-01
   1.4584242e+00   5.0012273e-01
   1.4578760e+00   5.0127876e-01
   1.4573340e+00   5.0243432e-01
   1.4567983e+00   5.0358947e-01
   1.4562688e+00   5.0474425e-01
   1.4557458e+00   5.0589869e-01
   1.4552293e+00   5.0705280e-01
   1.4547193e+00   5.0820659e-01
   1.4542159e+00   5.0936006e-01
   1.4537191e+00   5.1051319e-01
   1.4532292e+00   5.1166594e-01
   1.4527461e+00   5.1281827e-01
   1.4522700e+00   5.1397015e-01
   1.4518010e+00   5.1512153e-01
   1.4513391e+00   5.1627239e-01
   1.4508845e+00   5.1742271e-01
   1.4504373e+00   5.1857248e-01
   1.4499975e+00   5.1972169e-01
   1.4495652e+00   5.2087035e-01
   1.4491405e+00   5.2201847e-01
   1.4487233e+00   5.2316606e-01
   1.4483138e+00   5.2431315e-01
   1.4479120e+00   5.2545976e-01
   1.4475179e+00   5.2660593e-01
   1.4471317e+00   5.2775169e-01
   1.4467532e+00   5.2889710e-01
   1.4463826e+00   5.3004222e-01
   1.4460199e+00   5.3118708e-01
   1.4456651e+00   5.3233175e-01
   1.4453183e+00   5.3347627e-01
   1.4449794e+00   5.3462066e-01
   1.4446485e+00   5.3576498e-01
   1.4443257e+00   5.3690926e-01
   1.4440109e+00   5.3805354e-01
   1.4437041e+00   5.3919786e-01
   1.4434054e+00   5.4034226e-01
   1.4431147e+00   5.4148678e-01
   1.4428320e+00   5.4263148e-01
   1.4425576e+00   5.4377640e-01
   1.4422913e+00   5.4492158e-01
   1.4420333e+00   5.4606710e-01
   1.4417835e+00   5.4721302e-01
   1.4415420e+00   5.4835943e-01
   1.4413089e+00   5.4950640e-01
   1.4410841e+00   5.5065401e-01
   1.4408677e+00   5.5180230e-01
   1.4406597e+00   5.5295132e-01
   1.4404602e+00   5.5410109e-01
   1.4402692e+00   5.5525165e-01
   1.4400868e+00   5.5640302e-01
   1.4399129e+00   5.5755523e-01
   1.4397477e+00   5.5870828e-01
   1.4395912e+00   5.5986216e-01
   1.4394434e+00   5.6101685e-01
   1.4393045e+00   5.6217230e-01
   1.4391744e+00   5.6332850e-01
   1.4390532e+00   5.6448538e-01
   1.4389410e+00   5.6564292e-01
   1.4388377e+00   5.6680106e-01
   1.4387434e+00   5.6795976e-01
   1.4386581e+00   5.6911898e-01
   1.4385819e+00   5.7027871e-01
   1.4385148e+00   5.7143893e-01
   1.4384568e+00   5.7259963e-01
   1.4384081e+00   5.7376079e-01
   1.4383686e+00   5.7492242e-01
   1.4383383e+00   5.7608452e-01
   1.4383174e+00   5.7724708e-01
   1.4383057e+00   5.7841012e-01
   1.4383034e+00   5.7957364e-01
   1.4383105e+00   5.8073766e-01
   1.4383269e+00   5.8190215e-01
   1.4383527e+00   5.8306709e-01
   1.4383878e+00   5.8423246e-01
   1.4384323e+00   5.8539819e-01
   1.4384862e+00   5.8656424e-01
   1.4385494e+00   5.8773053e-01
   1.4386219e+00   5.8889698e-01
   1.4387037e+00   5.9006352e-01
   1.4387947e+00   5.9123004e-01
   1.4388950e+00   5.9239644e-01
   1.4390045e+00   5.9356259e-01
   1.4391232e+00   5.9472837e-01
   1.4392513e+00   5.9589364e-01
   1.4393886e+00   5.9705825e-01
   1.4395352e+00   5.9822207e-01
   1.4396911e+00   5.9938493e-01
   1.4398563e+00   6.0054671e-01
   1.4400309e+00   6.0170727e-01
   1.4402149e+00   6.0286645e-01
   1.4404083e+00   6.0402412e-01
   1.4406110e+00   6.0518015e-01
   1.4408232e+00   6.0633442e-01
   1.4410448e+00   6.0748681e-01
   1.4412759e+00   6.0863721e-01
   1.4415166e+00   6.0978555e-01
   1.4417667e+00   6.1093173e-01
   1.4420263e+00   6.1207569e-01
   1.4422955e+00   6.1321737e-01
   1.4425743e+00   6.1435668e-01
   1.4428626e+00   6.1549355e-01
   1.4431605e+00   6.1662792e-01
   1.4434680e+00   6.1775974e-01
   1.4437851e+00   6.1888895e-01
   1.4441118e+00   6.2001551e-01
   1.4444481e+00   6.2113939e-01
   1.4447940e+00   6.2226055e-01
   1.4451493e+00   6.2337900e-01
   1.4455141e+00   6.2449471e-01
   1.4458883e+00   6.2560769e-01
   1.4462719e+00   6.2671793e-01
   1.4466649e+00   6.2782546e-01
   1.4470673e+00   6.2893030e-01
   1.4474790e+00   6.3003249e-01
   1.4479001e+00   6.3113208e-01
   1.4483307e+00   6.3222911e-01
   1.4487706e+00   6.3332366e-01
   1.4492199e+00   6.3441578e-01
   1.4496786e+00   6.3550556e-01
   1.4501468e+00   6.3659305e-01
   1.4506244e+00   6.3767831e-01
   1.4511116e+00   6.3876139e-01
   1.4516083e+00   6.3984234e-01
   1.4521146e+00   6.4092124e-01
   1.4526304e+00   6.4199814e-01
   1.4531559e+00   6.4307308e-01
   1.4536910e+00   6.4414611e-01
   1.4542357e+00   6.4521729e-01
   1.4547900e+00   6.4628667e-01
   1.4553539e+00   6.4735429e-01
   1.4559274e+00   6.4842022e-01
   1.4565105e+00   6.4948450e-01
   1.4571032e+00   6.5054719e-01
   1.4577056e+00   6.5160832e-01
   1.4583176e+00   6.5266793e-01
   1.4589393e+00   6.5372603e-01
   1.4595707e+00   6.5478265e-01
   1.4602118e+00   6.5583780e-01
   1.4608628e+00   6.5689153e-01
   1.4615236e+00   6.5794385e-01
   1.4621943e+00   6.5899481e-01
   1.4628749e+00   6.6004445e-01
   1.4635656e+00   6.6109280e-01
   1.4642663e+00   6.6213989e-01
   1.4649771e+00   6.6318573e-01
   1.4656980e+00   6.6423037e-01
   1.4664292e+00   6.6527381e-01
   1.4671707e+00   6.6631609e-01
   1.4679226e+00   6.6735725e-01
   1.4686848e+00   6.6839732e-01
   1.4694576e+00   6.6943631e-01
   1.4702408e+00   6.7047427e-01
   1.4710346e+00   6.7151125e-01
   1.4718391e+00   6.7254729e-01
   1.4726542e+00   6.7358246e-01
   1.4734802e+00   6.7461681e-01
   1.4743169e+00   6.7565038e-01
   1.4751646e+00   6.7668320e-01
   1.4760231e+00   6.7771531e-01
   1.4768927e+00   6.7874673e-01
   1.4777734e+00   6.7977748e-01
   1.4786651e+00   6.8080759e-01
   1.4795681e+00   6.8183710e-01
   1.4804823e+00   6.8286602e-01
   1.4814077e+00   6.8389436e-01
   1.4823444e+00   6.8492213e-01
   1.4832924e+00   6.8594935e-01
   1.4842516e+00   6.8697603e-01
   1.4852222e+00   6.8800219e-01
   1.4862041e+00   6.8902783e-01
   1.4871974e+00   6.9005299e-01
   1.4882020e+00   6.9107767e-01
   1.4892181e+00   6.9210190e-01
   1.4902456e+00   6.9312570e-01
   1.4912845e+00   6.9414907e-01
   1.4923350e+00   6.9517202e-01
   1.4933970e+00   6.9619452e-01
   1.4944705e+00   6.9721655e-01
   1.4955557e+00   6.9823808e-01
   1.4966525e+00   6.9925907e-01
   1.4977610e+00   7.0027949e-01
   1.4988811e+00   7.0129932e-01
   1.5000130e+00   7.0231853e-01
   1.5011567e+00   7.0333711e-01
   1.5023121e+00   7.0435502e-01
   1.5034794e+00   7.0537224e-01
   1.5046586e+00   7.0638875e-01
   1.5058498e+00   7.0740452e-01
   1.5070530e+00   7.0841955e-01
   1.5082682e+00   7.0943381e-01
   1.5094957e+00   7.1044729e-01
   1.5107353e+00   7.1145999e-01
   1.5119872e+00   7.1247186e-01
   1.5132513e+00   7.1348287e-01
   1.5145277e+00   7.1449297e-01
   1.5158165e+00   7.1550211e-01
   1.5171175e+00   7.1651025e-01
   1.5184310e+00   7.1751736e-01
   1.5197569e+00   7.1852340e-01
   1.5210952e+00   7.1952835e-01
   1.5224460e+00   7.2053219e-01
   1.5238094e+00   7.2153491e-01
   1.5251853e+00   7.2253648e-01
   1.5265738e+00   7.2353689e-01
   1.5279748e+00   7.2453610e-01
   1.5293885e+00   7.2553411e-01
   1.5308148e+00   7.2653091e-01
   1.5322538e+00   7.2752646e-01
   1.5337055e+00   7.2852077e-01
   1.5351700e+00   7.2951379e-01
   1.5366472e+00   7.3050550e-01
   1.5381373e+00   7.3149587e-01
   1.5396402e+00   7.3248488e-01
   1.5411561e+00   7.3347249e-01
   1.5426848e+00   7.3445869e-01
   1.5442264e+00   7.3544344e-01
   1.5457810e+00   7.3642672e-01
   1.5473485e+00   7.3740851e-01
   1.5489289e+00   7.3838877e-01
   1.5505221e+00   7.3936748e-01
   1.5521280e+00   7.4034462e-01
   1.5537467e+00   7.4132016e-01
   1.5553781e+00   7.4229410e-01
   1.5570221e+00   7.4326643e-01
   1.5586787e+00   7.4423716e-01
   1.5603478e+00   7.4520628e-01
   1.5620294e+00   7.4617382e-01
   1.5637232e+00   7.4713979e-01
   1.5654294e+00   7.4810419e-01
   1.5671479e+00   7.4906704e-01
   1.5688786e+00   7.5002836e-01
   1.5706215e+00   7.5098818e-01
   1.5723765e+00   7.5194654e-01
   1.5741436e+00   7.5290347e-01
   1.5759227e+00   7.5385902e-01
   1.5777138e+00   7.5481324e-01
   1.5795168e+00   7.5576620e-01
   1.5813317e+00   7.5671795e-01
   1.5831584e+00   7.5766856e-01
   1.5849968e+00   7.5861807e-01
   1.5868469e+00   7.5956650e-01
   1.5887087e+00   7.6051387e-01
   1.5905821e+00   7.6146020e-01
   1.5924670e+00   7.6240549e-01
   1.5943634e+00   7.6334974e-01
   1.5962712e+00   7.6429294e-01
   1.5981903e+00   7.6523510e-01
   1.6001208e+00   7.6617619e-01
   1.6020624e+00   7.6711616e-01
   1.6040153e+00   7.6805501e-01
   1.6059792e+00   7.6899272e-01
   1.6079540e+00   7.6992928e-01
   1.6099397e+00   7.7086469e-01
   1.6119361e+00   7.7179896e-01
   1.6139432e+00   7.7273210e-01
   1.6159607e+00   7.7366411e-01
   1.6179886e+00   7.7459502e-01
   1.6200267e+00   7.7552487e-01
   1.6220750e+00   7.7645369e-01
   1.6241334e+00   7.7738148e-01
   1.6262017e+00   7.7830829e-01
   1.6282798e+00   7.7923413e-01
   1.6303677e+00   7.8015903e-01
   1.6324653e+00   7.8108301e-01
   1.6345726e+00   7.8200610e-01
   1.6366896e+00   7.8292832e-01
   1.6388161e+00   7.8384967e-01
   1.6409524e+00   7.8477020e-01
   1.6430984e+00   7.8568991e-01
   1.6452542e+00   7.8660882e-01
   1.6474197e+00   7.8752694e-01
   1.6495952e+00   7.8844426e-01
   1.6517804e+00   7.8936078e-01
   1.6539756e+00   7.9027650e-01
   1.6561808e+00   7.9119141e-01
   1.6583961e+00   7.9210550e-01
   1.6606214e+00   7.9301876e-01
   1.6628568e+00   7.9393119e-01
   1.6651023e+00   7.9484278e-01
   1.6673581e+00   7.9575352e-01
   1.6696241e+00   7.9666337e-01
   1.6719005e+00   7.9757232e-01
   1.6741871e+00   7.9848035e-01
   1.6764842e+00   7.9938747e-01
   1.6787917e+00   8.0029367e-01
   1.6811097e+00   8.0119893e-01
   1.6834381e+00   8.0210325e-01
   1.6857769e+00   8.0300663e-01
   1.6881262e+00   8.0390908e-01
   1.6904860e+00   8.0481058e-01
   1.6928561e+00   8.0571114e-01
   1.6952367e+00   8.0661076e-01
   1.6976276e+00   8.0750946e-01
   1.7000289e+00   8.0840727e-01
   1.7024406e+00   8.0930420e-01
   1.7048627e+00   8.1020028e-01
   1.7072952e+00   8.1109551e-01
   1.7097381e+00   8.1198990e-01
   1.7121916e+00   8.1288348e-01
   1.7146557e+00   8.1377624e-01
   1.7171305e+00   8.1466823e-01
   1.7196160e+00   8.1555946e-01
   1.7221123e+00   8.1644998e-01
   1.7246195e+00   8.1733981e-01
   1.7271377e+00   8.1822895e-01
   1.7296668e+00   8.1911743e-01
   1.7322071e+00   8.2000526e-01
   1.7347585e+00   8.2089244e-01
   1.7373210e+00   8.2177899e-01
   1.7398948e+00   8.2266492e-01
   1.7424799e+00   8.2355023e-01
   1.7450763e+00   8.2443490e-01
   1.7476841e+00   8.2531892e-01
   1.7503032e+00   8.2620226e-01
   1.7529336e+00   8.2708487e-01
   1.7555754e+00   8.2796669e-01
   1.7582284e+00   8.2884766e-01
   1.7608927e+00   8.2972770e-01
   1.7635682e+00   8.3060673e-01
   1.7662550e+00   8.3148467e-01
   1.7689529e+00   8.3236142e-01
   1.7716621e+00   8.3323692e-01
   1.7743825e+00   8.3411109e-01
   1.7771140e+00   8.3498385e-01
   1.7798566e+00   8.3585515e-01
   1.7826102e+00   8.3672494e-01
   1.7853748e+00   8.3759318e-01
   1.7881504e+00   8.3845981e-01
   1.7909370e+00   8.3932480e-01
   1.7937345e+00   8.4018809e-01
   1.7965430e+00   8.4104966e-01
   1.7993624e+00   8.4190951e-01
   1.8021926e+00   8.4276763e-01
   1.8050338e+00   8.4362403e-01
   1.8078858e+00   8.4447870e-01
   1.8107486e+00   8.4533166e-01
   1.8136222e+00   8.4618292e-01
   1.8165066e+00   8.4703249e-01
   1.8194017e+00   8.4788037e-01
   1.8223075e+00   8.4872657e-01
   1.8252240e+00   8.4957108e-01
   1.8281511e+00   8.5041390e-01
   1.8310887e+00   8.5125502e-01
   1.8340369e+00   8.5209444e-01
   1.8369956e+00   8.5293211e-01
   1.8399647e+00   8.5376801e-01
   1.8429442e+00   8.5460209e-01
   1.8459341e+00   8.5543432e-01
   1.8489342e+00   8.5626467e-01
   1.8519444e+00   8.5709311e-01
   1.8549645e+00   8.5791963e-01
   1.8579945e+00   8.5874421e-01
   1.8610343e+00   8.5956684e-01
   1.8640837e+00   8.6038753e-01
   1.8671427e+00   8.6120626e-01
   1.8702111e+00   8.6202305e-01
   1.8732890e+00   8.6283787e-01
   1.8763762e+00   8.6365073e-01
   1.8794727e+00   8.6446163e-01
   1.8825784e+00   8.6527057e-01
   1.8856934e+00   8.6607757e-01
   1.8888175e+00   8.6688264e-01
   1.8919508e+00   8.6768580e-01
   1.8950933e+00   8.6848711e-01
   1.8982449e+00   8.6928658e-01
   1.9014057e+00   8.7008426e-01
   1.9045756e+00   8.7088018e-01
   1.9077548e+00   8.7167436e-01
   1.9109431e+00   8.7246682e-01
   1.9141407e+00   8.7325760e-01
   1.9173474e+00   8.7404671e-01
   1.9205633e+00   8.7483414e-01
   1.9237883e+00   8.7561990e-01
   1.9270225e+00   8.7640396e-01
   1.9302657e+00   8.7718631e-01
   1.9335180e+00   8.7796693e-01
   1.9367792e+00   8.7874581e-01
   1.9400493e+00   8.7952290e-01
   1.9433283e+00   8.8029816e-01
   1.9466161e+00   8.8107154e-01
   1.9499126e+00   8.8184302e-01
   1.9532177e+00   8.8261255e-01
   1.9565313e+00   8.8338011e-01
   1.9598534e+00   8.8414566e-01
   1.9631837e+00   8.8490920e-01
   1.9665222e+00   8.8567068e-01
   1.9698688e+00   8.8643009e-01
   1.9732233e+00   8.8718738e-01
   1.9765856e+00   8.8794252e-01
   1.9799557e+00   8.8869550e-01
   1.9833333e+00   8.8944629e-01
   1.9867186e+00   8.9019490e-01
   1.9901113e+00   8.9094133e-01
   1.9935115e+00   8.9168560e-01
   1.9969192e+00   8.9242772e-01
   2.0003343e+00   8.9316773e-01
   2.0037569e+00   8.9390565e-01
   2.0071870e+00   8.9464154e-01
   2.0106246e+00   8.9537542e-01
   2.0140697e+00   8.9610733e-01
   2.0175224e+00   8.9683730e-01
   2.0209828e+00   8.9756537e-01
   2.0244507e+00   8.9829159e-01
   2.0279264e+00   8.9901602e-01
   2.0314097e+00   8.9973872e-01
   2.0349007e+00   9.0045975e-01
   2.0383994e+00   9.0117920e-01
   2.0419058e+00   9.0189716e-01
   2.0454200e+00   9.0261374e-01
   2.0489418e+00   9.0332901e-01
   2.0524714e+00   9.0404305e-01
   2.0560087e+00   9.0475592e-01
   2.0595537e+00   9.0546769e-01
   2.0631064e+00   9.0617842e-01
   2.0666668e+00   9.0688818e-01
   2.0702347e+00   9.0759701e-01
   2.0738102e+00   9.0830496e-01
   2.0773932e+00   9.0901206e-01
   2.0809838e+00   9.0971837e-01
   2.0845817e+00   9.1042390e-01
   2.0881869e+00   9.1112869e-01
   2.0917995e+00   9.1183277e-01
   2.0954192e+00   9.1253616e-01
   2.0990460e+00   9.1323888e-01
   2.1026799e+00   9.1394097e-01
   2.1063207e+00   9.1464244e-01
   2.1099685e+00   9.1534331e-01
   2.1136231e+00   9.1604357e-01
   2.1172845e+00   9.1674323e-01
   2.1209527e+00   9.1744227e-01
   2.1246278e+00   9.1814072e-01
   2.1283096e+00   9.1883857e-01
   2.1319983e+00   9.1953579e-01
   2.1356938e+00   9.2023236e-01
   2.1393961e+00   9.2092821e-01
   2.1431054e+00   9.2162329e-01
   2.1468215e+00   9.2231754e-01
   2.1505444e+00   9.2301092e-01
   2.1542743e+00   9.2370336e-01
   2.1580111e+00   9.2439482e-01
   2.1617549e+00   9.2508524e-01
   2.1655056e+00   9.2577457e-01
   2.1692632e+00   9.2646279e-01
   2.1730279e+00   9.2714985e-01
   2.1767994e+00   9.2783576e-01
   2.1805778e+00   9.2852051e-01
   2.1843631e+00   9.2920409e-01
   2.1881552e+00   9.2988647e-01
   2.1919542e+00   9.3056766e-01
   2.1957600e+00   9.3124766e-01
   2.1995727e+00   9.3192648e-01
   2.2033921e+00   9.3260412e-01
   2.2072184e+00   9.3328062e-01
   2.2110514e+00   9.3395598e-01
   2.2148912e+00   9.3463023e-01
   2.2187377e+00   9.3530340e-01
   2.2225910e+00   9.3597548e-01
   2.2264510e+00   9.3664646e-01
   2.2303176e+00   9.3731636e-01
   2.2341908e+00   9.3798518e-01
   2.2380707e+00   9.3865292e-01
   2.2419571e+00   9.3931958e-01
   2.2458500e+00   9.3998519e-01
   2.2497494e+00   9.4064975e-01
   2.2536554e+00   9.4131326e-01
   2.2575678e+00   9.4197574e-01
   2.2614867e+00   9.4263720e-01
   2.2654119e+00   9.4329765e-01
   2.2693433e+00   9.4395710e-01
   2.2732809e+00   9.4461555e-01
   2.2772246e+00   9.4527299e-01
   2.2811743e+00   9.4592944e-01
   2.2851299e+00   9.4658488e-01
   2.2890914e+00   9.4723930e-01
   2.2930587e+00   9.4789270e-01
   2.2970317e+00   9.4854506e-01
   2.3010103e+00   9.4919638e-01
   2.3049943e+00   9.4984665e-01
   2.3089837e+00   9.5049582e-01
   2.3129784e+00   9.5114388e-01
   2.3169782e+00   9.5179078e-01
   2.3209830e+00   9.5243649e-01
   2.3249928e+00   9.5308097e-01
   2.3290073e+00   9.5372419e-01
   2.3330266e+00   9.5436612e-01
   2.3370504e+00   9.5500671e-01
   2.3410788e+00   9.5564592e-01
   2.3451116e+00   9.5628368e-01
   2.3491486e+00   9.5691997e-01
   2.3531898e+00   9.5755473e-01
   2.3572351e+00   9.5818796e-01
   2.3612844e+00   9.5881967e-01
   2.3653375e+00   9.5944987e-01
   2.3693945e+00   9.6007859e-01
   2.3734552e+00   9.6070585e-01
   2.3775195e+00   9.6133166e-01
   2.3815874e+00   9.6195603e-01
   2.3856589e+00   9.6257895e-01
   2.3897339e+00   9.6320042e-01
   2.3938124e+00   9.6382041e-01
   2.3978944e+00   9.6443892e-01
   2.4019798e+00   9.6505593e-01
   2.4060687e+00   9.6567144e-01
   2.4101609e+00   9.6628544e-01
   2.4142565e+00   9.6689793e-01
   2.4183555e+00   9.6750890e-01
   2.4224579e+00   9.6811835e-01
   2.4265637e+00   9.6872626e-01
   2.4306729e+00   9.6933265e-01
   2.4347854e+00   9.6993752e-01
   2.4389013e+00   9.7054088e-01
   2.4430205e+00   9.7114275e-01
   2.4471431e+00   9.7174316e-01
   2.4512690e+00   9.7234214e-01
   2.4553983e+00   9.7293969e-01
   2.4595309e+00   9.7353579e-01
   2.4636668e+00   9.7413043e-01
   2.4678059e+00   9.7472359e-01
   2.4719483e+00   9.7531525e-01
   2.4760938e+00   9.7590540e-01
   2.4802425e+00   9.7649406e-01
   2.4843944e+00   9.7708127e-01
   2.4885493e+00   9.7766706e-01
   2.4927073e+00   9.7825150e-01
   2.4968684e+00   9.7883464e-01
   2.5010325e+00   9.7941656e-01
   2.5051996e+00   9.7999731e-01
   2.5093697e+00   9.8057696e-01
   2.5135427e+00   9.8115560e-01
   2.5177185e+00   9.8173329e-01
   2.5218973e+00   9.8231011e-01
   2.5260788e+00   9.8288611e-01
   2.5302631e+00   9.8346134e-01
   2.5344501e+00   9.8403584e-01
   2.5386395e+00   9.8460961e-01
   2.5428314e+00   9.8518267e-01
   2.5470257e+00   9.8575503e-01
   2.5512222e+00   9.8632668e-01
   2.5554209e+00   9.8689765e-01
   2.5596217e+00   9.8746796e-01
   2.5638245e+00   9.8803764e-01
   2.5680293e+00   9.8860673e-01
   2.5722361e+00   9.8917525e-01
   2.5764448e+00   9.8974324e-01
   2.5806554e+00   9.9031071e-01
   2.5848679e+00   9.9087767e-01
   2.5890821e+00   9.9144410e-01
   2.5932981e+00   9.9200995e-01
   2.5975158e+00   9.9257520e-01
   2.6017351e+00   9.9313984e-01
   2.6059562e+00   9.9370386e-01
   2.6101788e+00   9.9426728e-01
   2.6144030e+00   9.9483012e-01
   2.6186286e+00   9.9539239e-01
   2.6228558e+00   9.9595410e-01
   2.6270843e+00   9.9651527e-01
   2.6313142e+00   9.9707591e-01
   2.6355456e+00   9.9763602e-01
   2.6397782e+00   9.9819561e-01
   2.6440121e+00   9.9875468e-01
   2.6482473e+00   9.9931322e-01
   2.6524836e+00   9.9987124e-01
   2.6567211e+00   1.0004287e+00
   2.6609596e+00   1.0009857e+00
   2.6651992e+00   1.0015423e+00
   2.6694398e+00   1.0020983e+00
   2.6736813e+00   1.0026539e+00
   2.6779237e+00   1.0032090e+00
   2.6821670e+00   1.0037637e+00
   2.6864110e+00   1.0043178e+00
   2.6906556e+00   1.0048715e+00
   2.6949009e+00   1.0054246e+00
   2.6991467e+00   1.0059773e+00
   2.7033930e+00   1.0065294e+00
   2.7076397e+00   1.0070809e+00
   2.7118867e+00   1.0076318e+00
   2.7161341e+00   1.0081822e+00
   2.7203817e+00   1.0087319e+00
   2.7246295e+00   1.0092810e+00
   2.7288775e+00   1.0098296e+00
   2.7331257e+00   1.0103774e+00
   2.7373740e+00   1.0109247e+00
   2.7416225e+00   1.0114712e+00
   2.7458710e+00   1.0120171e+00
   2.7501195e+00   1.0125624e+00
   2.7543680e+00   1.0131071e+00
   2.7586163e+00   1.0136514e+00
   2.7628645e+00   1.0141952e+00
   2.7671123e+00   1.0147385e+00
   2.7713599e+00   1.0152815e+00
   2.7756071e+00   1.0158241e+00
   2.7798540e+00   1.0163664e+00
   2.7841004e+00   1.0169083e+00
   2.7883464e+00   1.0174500e+00
   2.7925919e+00   1.0179913e+00
   2.7968369e+00   1.0185323e+00
   2.8010814e+00   1.0190729e+00
   2.8053254e+00   1.0196131e+00
   2.8095687e+00   1.0201529e+00
   2.8138114e+00   1.0206922e+00
   2.8180533e+00   1.0212310e+00
   2.8222944e+00   1.0217692e+00
   2.8265347e+00   1.0223069e+00
   2.8307738e+00   1.0228441e+00
   2.8350119e+00   1.0233807e+00
   2.8392487e+00   1.0239167e+00
   2.8434842e+00   1.0244521e+00
   2.8477182e+00   1.0249869e+00
   2.8519508e+00   1.0255211e+00
   2.8561820e+00   1.0260547e+00
   2.8604115e+00   1.0265874e+00
   2.8646396e+00   1.0271194e+00
   2.8688660e+00   1.0276504e+00
   2.8730909e+00   1.0281805e+00
   2.8773141e+00   1.0287096e+00
   2.8815356e+00   1.0292376e+00
   2.8857555e+00   1.0297645e+00
   2.8899736e+00   1.0302902e+00
   2.8941900e+00   1.0308145e+00
   2.8984046e+00   1.0313375e+00
   2.9026174e+00   1.0318591e+00
   2.9068284e+00   1.0323791e+00
   2.9110375e+00   1.0328977e+00
   2.9152447e+00   1.0334146e+00
   2.9194499e+00   1.0339299e+00
   2.9236530e+00   1.0344436e+00
   2.9278541e+00   1.0349558e+00
   2.9320530e+00   1.0354663e+00
   2.9362498e+00   1.0359753e+00
   2.9404444e+00   1.0364828e+00
   2.9446368e+00   1.0369888e+00
   2.9488268e+00   1.0374933e+00
   2.9530144e+00   1.0379963e+00
   2.9571996e+00   1.0384978e+00
   2.9613822e+00   1.0389979e+00
   2.9655622e+00   1.0394964e+00
   2.9697396e+00   1.0399935e+00
   2.9739143e+00   1.0404890e+00
   2.9780863e+00   1.0409831e+00
   2.9822555e+00   1.0414758e+00
   2.9864219e+00   1.0419670e+00
   2.9905854e+00   1.0424569e+00
   2.9947461e+00   1.0429454e+00
   2.9989038e+00   1.0434326e+00
   3.0030586e+00   1.0439186e+00
   3.0072103e+00   1.0444034e+00
   3.0113590e+00   1.0448870e+00
   3.0155045e+00   1.0453694e+00
   3.0196467e+00   1.0458507e+00
   3.0237855e+00   1.0463307e+00
   3.0279209e+00   1.0468095e+00
   3.0320526e+00   1.0472872e+00
   3.0361806e+00   1.0477638e+00
   3.0403047e+00   1.0482392e+00
   3.0444249e+00   1.0487135e+00
   3.0485409e+00   1.0491867e+00
   3.0526527e+00   1.0496589e+00
   3.0567601e+00   1.0501300e+00
   3.0608631e+00   1.0506002e+00
   3.0649616e+00   1.0510693e+00
   3.0690555e+00   1.0515374e+00
   3.0731446e+00   1.0520045e+00
   3.0772290e+00   1.0524706e+00
   3.0813085e+00   1.0529357e+00
   3.0853830e+00   1.0533998e+00
   3.0894525e+00   1.0538628e+00
   3.0935168e+00   1.0543248e+00
   3.0975758e+00   1.0547856e+00
   3.1016296e+00   1.0552453e+00
   3.1056781e+00   1.0557039e+00
   3.1097212e+00   1.0561613e+00
   3.1137588e+00   1.0566175e+00
   3.1177910e+00   1.0570726e+00
   3.1218176e+00   1.0575265e+00
   3.1258387e+00   1.0579792e+00
   3.1298541e+00   1.0584308e+00
   3.1338638e+00   1.0588811e+00
   3.1378677e+00   1.0593303e+00
   3.1418657e+00   1.0597784e+00
   3.1458579e+00   1.0602252e+00
   3.1498440e+00   1.0606710e+00
   3.1538242e+00   1.0611157e+00
   3.1577982e+00   1.0615593e+00
   3.1617660e+00   1.0620018e+00
   3.1657276e+00   1.0624432e+00
   3.1696828e+00   1.0628837e+00
   3.1736316e+00   1.0633233e+00
   3.1775740e+00   1.0637620e+00
   3.1815099e+00   1.0641998e+00
   3.1854393e+00   1.0646369e+00
   3.1893622e+00   1.0650732e+00
   3.1932786e+00   1.0655087e+00
   3.1971884e+00   1.0659435e+00
   3.2010918e+00   1.0663776e+00
   3.2049887e+00   1.0668109e+00
   3.2088791e+00   1.0672434e+00
   3.2127631e+00   1.0676751e+00
   3.2166407e+00   1.0681059e+00
   3.2205120e+00   1.0685358e+00
   3.2243770e+00   1.0689646e+00
   3.2282358e+00   1.0693924e+00
   3.2320883e+00   1.0698190e+00
   3.2359345e+00   1.0702443e+00
   3.2397747e+00   1.0706684e+00
   3.2436087e+00   1.0710911e+00
   3.2474366e+00   1.0715123e+00
   3.2512585e+00   1.0719321e+00
   3.2550744e+00   1.0723503e+00
   3.2588843e+00   1.0727668e+00
   3.2626884e+00   1.0731817e+00
   3.2664867e+00   1.0735949e+00
   3.2702792e+00   1.0740064e+00
   3.2740661e+00   1.0744162e+00
   3.2778472e+00   1.0748242e+00
   3.2816228e+00   1.0752304e+00
   3.2853927e+00   1.0756349e+00
   3.2891571e+00   1.0760377e+00
   3.2929160e+00   1.0764388e+00
   3.2966693e+00   1.0768382e+00
   3.3004171e+00   1.0772361e+00
   3.3041595e+00   1.0776324e+00
   3.3078964e+00   1.0780273e+00
   3.3116280e+00   1.0784209e+00
   3.3153541e+00   1.0788131e+00
   3.3190749e+00   1.0792040e+00
   3.3227902e+00   1.0795937e+00
   3.3265001e+00   1.0799823e+00
   3.3302046e+00   1.0803698e+00
   3.3339036e+00   1.0807564e+00
   3.3375971e+00   1.0811419e+00
   3.3412850e+00   1.0815267e+00
   3.3449672e+00   1.0819106e+00
   3.3486438e+00   1.0822937e+00
   3.3523146e+00   1.0826761e+00
   3.3559797e+00   1.0830579e+00
   3.3596389e+00   1.0834389e+00
   3.3632922e+00   1.0838194e+00
   3.3669397e+00   1.0841993e+00
   3.3705813e+00   1.0845787e+00
   3.3742169e+00   1.0849575e+00
   3.3778464e+00   1.0853359e+00
   3.3814698e+00   1.0857138e+00
   3.3850870e+00   1.0860913e+00
   3.3886979e+00   1.0864684e+00
   3.3923025e+00   1.0868452e+00
   3.3959008e+00   1.0872215e+00
   3.3994925e+00   1.0875975e+00
   3.4030777e+00   1.0879731e+00
   3.4066562e+00   1.0883484e+00
   3.4102280e+00   1.0887234e+00
   3.4137930e+00   1.0890981e+00
   3.4173509e+00   1.0894724e+00
   3.4209018e+00   1.0898465e+00
   3.4244454e+00   1.0902202e+00
   3.4279818e+00   1.0905937e+00
   3.4315107e+00   1.0909668e+00
   3.4350322e+00   1.0913397e+00
   3.4385461e+00   1.0917123e+00
   3.4420524e+00   1.0920846e+00
   3.4455510e+00   1.0924566e+00
   3.4490419e+00   1.0928282e+00
   3.4525249e+00   1.0931995e+00
   3.4560002e+00   1.0935705e+00
   3.4594676e+00   1.0939412e+00
   3.4629271e+00   1.0943115e+00
   3.4663788e+00   1.0946816e+00
   3.4698226e+00   1.0950513e+00
   3.4732584e+00   1.0954208e+00
   3.4766864e+00   1.0957902e+00
   3.4801064e+00   1.0961594e+00
   3.4835184e+00   1.0965287e+00
   3.4869226e+00   1.0968980e+00
   3.4903187e+00   1.0972674e+00
   3.4937068e+00   1.0976370e+00
   3.4970867e+00   1.0980068e+00
   3.5004586e+00   1.0983769e+00
   3.5038221e+00   1.0987472e+00
   3.5071774e+00   1.0991179e+00
   3.5105244e+00   1.0994889e+00
   3.5138630e+00   1.0998603e+00
   3.5171931e+00   1.1002320e+00
   3.5205147e+00   1.1006041e+00
   3.5238277e+00   1.1009764e+00
   3.5271323e+00   1.1013490e+00
   3.5304282e+00   1.1017217e+00
   3.5337155e+00   1.1020946e+00
   3.5369940e+00   1.1024676e+00
   3.5402638e+00   1.1028407e+00
   3.5435247e+00   1.1032137e+00
   3.5467768e+00   1.1035868e+00
   3.5500198e+00   1.1039598e+00
   3.5532539e+00   1.1043327e+00
   3.5564788e+00   1.1047054e+00
   3.5596944e+00   1.1050780e+00
   3.5629008e+00   1.1054503e+00
   3.5660977e+00   1.1058224e+00
   3.5692852e+00   1.1061942e+00
   3.5724633e+00   1.1065657e+00
   3.5756317e+00   1.1069368e+00
   3.5787906e+00   1.1073075e+00
   3.5819399e+00   1.1076777e+00
   3.5850797e+00   1.1080475e+00
   3.5882100e+00   1.1084168e+00
   3.5913307e+00   1.1087857e+00
   3.5944419e+00   1.1091540e+00
   3.5975437e+00   1.1095219e+00
   3.6006361e+00   1.1098893e+00
   3.6037192e+00   1.1102562e+00
   3.6067930e+00   1.1106228e+00
   3.6098576e+00   1.1109888e+00
   3.6129129e+00   1.1113545e+00
   3.6159592e+00   1.1117199e+00
   3.6189964e+00   1.1120849e+00
   3.6220246e+00   1.1124496e+00
   3.6250439e+00   1.1128141e+00
   3.6280542e+00   1.1131783e+00
   3.6310557e+00   1.1135424e+00
   3.6340482e+00   1.1139063e+00
   3.6370318e+00   1.1142700e+00
   3.6400065e+00   1.1146335e+00
   3.6429723e+00   1.1149970e+00
   3.6459292e+00   1.1153603e+00
   3.6488770e+00   1.1157235e+00
   3.6518159e+00   1.1160865e+00
   3.6547456e+00   1.1164495e+00
   3.6576662e+00   1.1168123e+00
   3.6605776e+00   1.1171750e+00
   3.6634798e+00   1.1175376e+00
   3.6663726e+00   1.1179000e+00
   3.6692562e+00   1.1182623e+00
   3.6721304e+00   1.1186245e+00
   3.6749951e+00   1.1189865e+00
   3.6778504e+00   1.1193482e+00
   3.6806962e+00   1.1197098e+00
   3.6835325e+00   1.1200710e+00
   3.6863591e+00   1.1204319e+00
   3.6891760e+00   1.1207925e+00
   3.6919832e+00   1.1211526e+00
   3.6947805e+00   1.1215123e+00
   3.6975679e+00   1.1218716e+00
   3.7003454e+00   1.1222304e+00
   3.7031130e+00   1.1225889e+00
   3.7058708e+00   1.1229469e+00
   3.7086187e+00   1.1233044e+00
   3.7113567e+00   1.1236616e+00
   3.7140847e+00   1.1240183e+00
   3.7168028e+00   1.1243746e+00
   3.7195110e+00   1.1247304e+00
   3.7222091e+00   1.1250858e+00
   3.7248972e+00   1.1254407e+00
   3.7275752e+00   1.1257951e+00
   3.7302431e+00   1.1261491e+00
   3.7329007e+00   1.1265027e+00
   3.7355482e+00   1.1268557e+00
   3.7381856e+00   1.1272083e+00
   3.7408128e+00   1.1275604e+00
   3.7434298e+00   1.1279120e+00
   3.7460367e+00   1.1282631e+00
   3.7486334e+00   1.1286138e+00
   3.7512200e+00   1.1289641e+00
   3.7537964e+00   1.1293141e+00
   3.7563628e+00   1.1296636e+00
   3.7589192e+00   1.1300128e+00
   3.7614655e+00   1.1303616e+00
   3.7640019e+00   1.1307099e+00
   3.7665284e+00   1.1310578e+00
   3.7690449e+00   1.1314053e+00
   3.7715514e+00   1.1317522e+00
   3.7740481e+00   1.1320987e+00
   3.7765349e+00   1.1324446e+00
   3.7790120e+00   1.1327900e+00
   3.7814793e+00   1.1331348e+00
   3.7839369e+00   1.1334789e+00
   3.7863850e+00   1.1338225e+00
   3.7888236e+00   1.1341653e+00
   3.7912527e+00   1.1345074e+00
   3.7936725e+00   1.1348486e+00
   3.7960831e+00   1.1351890e+00
   3.7984845e+00   1.1355284e+00
   3.8008767e+00   1.1358669e+00
   3.8032598e+00   1.1362042e+00
   3.8056339e+00   1.1365404e+00
   3.8079990e+00   1.1368753e+00
   3.8103549e+00   1.1372090e+00
   3.8127019e+00   1.1375412e+00
   3.8150397e+00   1.1378721e+00
   3.8173685e+00   1.1382016e+00
   3.8196882e+00   1.1385295e+00
   3.8219988e+00   1.1388560e+00
   3.8243002e+00   1.1391810e+00
   3.8265925e+00   1.1395045e+00
   3.8288756e+00   1.1398266e+00
   3.8311494e+00   1.1401473e+00
   3.8334140e+00   1.1404665e+00
   3.8356694e+00   1.1407844e+00
   3.8379155e+00   1.1411009e+00
   3.8401524e+00   1.1414160e+00
   3.8423799e+00   1.1417299e+00
   3.8445980e+00   1.1420424e+00
   3.8468069e+00   1.1423538e+00
   3.8490065e+00   1.1426641e+00
   3.8511967e+00   1.1429733e+00
   3.8533776e+00   1.1432817e+00
   3.8555491e+00   1.1435891e+00
   3.8577113e+00   1.1438958e+00
   3.8598642e+00   1.1442017e+00
   3.8620077e+00   1.1445069e+00
   3.8641418e+00   1.1448114e+00
   3.8662666e+00   1.1451154e+00
   3.8683820e+00   1.1454189e+00
   3.8704880e+00   1.1457219e+00
   3.8725846e+00   1.1460244e+00
   3.8746718e+00   1.1463265e+00
   3.8767496e+00   1.1466282e+00
   3.8788180e+00   1.1469295e+00
   3.8808769e+00   1.1472305e+00
   3.8829265e+00   1.1475311e+00
   3.8849666e+00   1.1478314e+00
   3.8869972e+00   1.1481314e+00
   3.8890185e+00   1.1484310e+00
   3.8910304e+00   1.1487304e+00
   3.8930329e+00   1.1490295e+00
   3.8950262e+00   1.1493283e+00
   3.8970101e+00   1.1496269e+00
   3.8989846e+00   1.1499252e+00
   3.9009498e+00   1.1502233e+00
   3.9029056e+00   1.1505212e+00
   3.9048520e+00   1.1508190e+00
   3.9067890e+00   1.1511165e+00
   3.9087167e+00   1.1514139e+00
   3.9106350e+00   1.1517113e+00
   3.9125439e+00   1.1520085e+00
   3.9144434e+00   1.1523056e+00
   3.9163336e+00   1.1526027e+00
   3.9182143e+00   1.1528999e+00
   3.9200858e+00   1.1531970e+00
   3.9219479e+00   1.1534942e+00
   3.9238008e+00   1.1537915e+00
   3.9256444e+00   1.1540890e+00
   3.9274788e+00   1.1543865e+00
   3.9293039e+00   1.1546842e+00
   3.9311199e+00   1.1549820e+00
   3.9329269e+00   1.1552799e+00
   3.9347247e+00   1.1555780e+00
   3.9365136e+00   1.1558762e+00
   3.9382936e+00   1.1561745e+00
   3.9400647e+00   1.1564729e+00
   3.9418270e+00   1.1567714e+00
   3.9435805e+00   1.1570702e+00
   3.9453252e+00   1.1573691e+00
   3.9470611e+00   1.1576682e+00
   3.9487883e+00   1.1579675e+00
   3.9505067e+00   1.1582671e+00
   3.9522163e+00   1.1585670e+00
   3.9539173e+00   1.1588673e+00
   3.9556095e+00   1.1591680e+00
   3.9572931e+00   1.1594692e+00
   3.9589680e+00   1.1597709e+00
   3.9606342e+00   1.1600732e+00
   3.9622918e+00   1.1603759e+00
   3.9639407e+00   1.1606792e+00
   3.9655809e+00   1.1609830e+00
   3.9672124e+00   1.1612873e+00
   3.9688352e+00   1.1615921e+00
   3.9704494e+00   1.1618974e+00
   3.9720550e+00   1.1622032e+00
   3.9736520e+00   1.1625095e+00
   3.9752403e+00   1.1628162e+00
   3.9768200e+00   1.1631233e+00
   3.9783911e+00   1.1634309e+00
   3.9799536e+00   1.1637389e+00
   3.9815075e+00   1.1640473e+00
   3.9830528e+00   1.1643561e+00
   3.9845895e+00   1.1646652e+00
   3.9861177e+00   1.1649747e+00
   3.9876373e+00   1.1652844e+00
   3.9891484e+00   1.1655945e+00
   3.9906509e+00   1.1659047e+00
   3.9921449e+00   1.1662152e+00
   3.9936303e+00   1.1665258e+00
   3.9951071e+00   1.1668366e+00
   3.9965753e+00   1.1671475e+00
   3.9980349e+00   1.1674585e+00
   3.9994859e+00   1.1677697e+00
   4.0009284e+00   1.1680809e+00
   4.0023623e+00   1.1683921e+00
   4.0037877e+00   1.1687034e+00
   4.0052045e+00   1.1690146e+00
   4.0066128e+00   1.1693257e+00
   4.0080125e+00   1.1696367e+00
   4.0094036e+00   1.1699476e+00
   4.0107862e+00   1.1702582e+00
   4.0121602e+00   1.1705686e+00
   4.0135255e+00   1.1708786e+00
   4.0148824e+00   1.1711881e+00
   4.0162307e+00   1.1714972e+00
   4.0175705e+00   1.1718058e+00
   4.0189019e+00   1.1721138e+00
   4.0202249e+00   1.1724212e+00
   4.0215396e+00   1.1727281e+00
   4.0228461e+00   1.1730343e+00
   4.0241443e+00   1.1733399e+00
   4.0254344e+00   1.1736448e+00
   4.0267163e+00   1.1739489e+00
   4.0279901e+00   1.1742523e+00
   4.0292558e+00   1.1745549e+00
   4.0305134e+00   1.1748566e+00
   4.0317630e+00   1.1751576e+00
   4.0330044e+00   1.1754577e+00
   4.0342379e+00   1.1757569e+00
   4.0354633e+00   1.1760552e+00
   4.0366807e+00   1.1763527e+00
   4.0378900e+00   1.1766494e+00
   4.0390912e+00   1.1769452e+00
   4.0402843e+00   1.1772402e+00
   4.0414692e+00   1.1775345e+00
   4.0426459e+00   1.1778280e+00
   4.0438144e+00   1.1781209e+00
   4.0449747e+00   1.1784131e+00
   4.0461269e+00   1.1787048e+00
   4.0472709e+00   1.1789959e+00
   4.0484068e+00   1.1792866e+00
   4.0495344e+00   1.1795768e+00
   4.0506539e+00   1.1798666e+00
   4.0517652e+00   1.1801561e+00
   4.0528684e+00   1.1804453e+00
   4.0539634e+00   1.1807341e+00
   4.0550503e+00   1.1810228e+00
   4.0561290e+00   1.1813112e+00
   4.0571996e+00   1.1815995e+00
   4.0582619e+00   1.1818876e+00
   4.0593161e+00   1.1821757e+00
   4.0603621e+00   1.1824636e+00
   4.0613999e+00   1.1827517e+00
   4.0624296e+00   1.1830397e+00
   4.0634511e+00   1.1833279e+00
   4.0644645e+00   1.1836163e+00
   4.0654697e+00   1.1839050e+00
   4.0664668e+00   1.1841939e+00
   4.0674557e+00   1.1844830e+00
   4.0684364e+00   1.1847725e+00
   4.0694091e+00   1.1850622e+00
   4.0703735e+00   1.1853522e+00
   4.0713298e+00   1.1856425e+00
   4.0722779e+00   1.1859329e+00
   4.0732178e+00   1.1862235e+00
   4.0741496e+00   1.1865143e+00
   4.0750733e+00   1.1868052e+00
   4.0759889e+00   1.1870963e+00
   4.0768964e+00   1.1873875e+00
   4.0777959e+00   1.1876788e+00
   4.0786873e+00   1.1879702e+00
   4.0795706e+00   1.1882616e+00
   4.0804460e+00   1.1885532e+00
   4.0813134e+00   1.1888448e+00
   4.0821729e+00   1.1891365e+00
   4.0830246e+00   1.1894283e+00
   4.0838686e+00   1.1897201e+00
   4.0847048e+00   1.1900121e+00
   4.0855334e+00   1.1903041e+00
   4.0863545e+00   1.1905962e+00
   4.0871681e+00   1.1908884e+00
   4.0879743e+00   1.1911806e+00
   4.0887731e+00   1.1914730e+00
   4.0895647e+00   1.1917654e+00
   4.0903492e+00   1.1920580e+00
   4.0911266e+00   1.1923506e+00
   4.0918971e+00   1.1926435e+00
   4.0926607e+00   1.1929364e+00
   4.0934176e+00   1.1932295e+00
   4.0941680e+00   1.1935228e+00
   4.0949118e+00   1.1938161e+00
   4.0956492e+00   1.1941096e+00
   4.0963803e+00   1.1944033e+00
   4.0971051e+00   1.1946970e+00
   4.0978238e+00   1.1949909e+00
   4.0985362e+00   1.1952849e+00
   4.0992426e+00   1.1955790e+00
   4.0999430e+00   1.1958733e+00
   4.1006373e+00   1.1961678e+00
   4.1013257e+00   1.1964624e+00
   4.1020082e+00   1.1967573e+00
   4.1026847e+00   1.1970523e+00
   4.1033553e+00   1.1973476e+00
   4.1040201e+00   1.1976430e+00
   4.1046790e+00   1.1979385e+00
   4.1053320e+00   1.1982343e+00
   4.1059792e+00   1.1985302e+00
   4.1066206e+00   1.1988263e+00
   4.1072563e+00   1.1991225e+00
   4.1078862e+00   1.1994188e+00
   4.1085105e+00   1.1997153e+00
   4.1091292e+00   1.2000118e+00
   4.1097422e+00   1.2003085e+00
   4.1103497e+00   1.2006053e+00
   4.1109517e+00   1.2009021e+00
   4.1115482e+00   1.2011989e+00
   4.1121392e+00   1.2014958e+00
   4.1127248e+00   1.2017927e+00
   4.1133049e+00   1.2020895e+00
   4.1138797e+00   1.2023862e+00
   4.1144491e+00   1.2026828e+00
   4.1150133e+00   1.2029793e+00
   4.1155723e+00   1.2032757e+00
   4.1161261e+00   1.2035718e+00
   4.1166749e+00   1.2038676e+00
   4.1172187e+00   1.2041631e+00
   4.1177575e+00   1.2044582e+00
   4.1182914e+00   1.2047529e+00
   4.1188205e+00   1.2050471e+00
   4.1193448e+00   1.2053408e+00
   4.1198643e+00   1.2056340e+00
   4.1203791e+00   1.2059265e+00
   4.1208890e+00   1.2062185e+00
   4.1213943e+00   1.2065097e+00
   4.1218950e+00   1.2068002e+00
   4.1223910e+00   1.2070900e+00
   4.1228824e+00   1.2073790e+00
   4.1233693e+00   1.2076671e+00
   4.1238518e+00   1.2079544e+00
   4.1243298e+00   1.2082409e+00
   4.1248035e+00   1.2085264e+00
   4.1252729e+00   1.2088110e+00
   4.1257382e+00   1.2090947e+00
   4.1261994e+00   1.2093775e+00
   4.1266566e+00   1.2096593e+00
   4.1271100e+00   1.2099402e+00
   4.1275596e+00   1.2102201e+00
   4.1280055e+00   1.2104991e+00
   4.1284479e+00   1.2107771e+00
   4.1288868e+00   1.2110542e+00
   4.1293223e+00   1.2113303e+00
   4.1297543e+00   1.2116056e+00
   4.1301830e+00   1.2118799e+00
   4.1306084e+00   1.2121532e+00
   4.1310304e+00   1.2124257e+00
   4.1314491e+00   1.2126971e+00
   4.1318645e+00   1.2129676e+00
   4.1322766e+00   1.2132371e+00
   4.1326854e+00   1.2135055e+00
   4.1330908e+00   1.2137730e+00
   4.1334929e+00   1.2140394e+00
   4.1338916e+00   1.2143048e+00
   4.1342868e+00   1.2145693e+00
   4.1346786e+00   1.2148327e+00
   4.1350668e+00   1.2150951e+00
   4.1354515e+00   1.2153565e+00
   4.1358325e+00   1.2156169e+00
   4.1362099e+00   1.2158763e+00
   4.1365837e+00   1.2161347e+00
   4.1369537e+00   1.2163923e+00
   4.1373199e+00   1.2166488e+00
   4.1376823e+00   1.2169045e+00
   4.1380407e+00   1.2171592e+00
   4.1383953e+00   1.2174131e+00
   4.1387458e+00   1.2176660e+00
   4.1390922e+00   1.2179181e+00
   4.1394347e+00   1.2181693e+00
   4.1397730e+00   1.2184197e+00
   4.1401073e+00   1.2186693e+00
   4.1404375e+00   1.2189181e+00
   4.1407638e+00   1.2191662e+00
   4.1410862e+00   1.2194136e+00
   4.1414047e+00   1.2196604e+00
   4.1417193e+00   1.2199065e+00
   4.1420302e+00   1.2201519e+00
   4.1423373e+00   1.2203968e+00
   4.1426406e+00   1.2206410e+00
   4.1429403e+00   1.2208847e+00
   4.1432362e+00   1.2211278e+00
   4.1435285e+00   1.2213703e+00
   4.1438171e+00   1.2216122e+00
   4.1441021e+00   1.2218536e+00
   4.1443835e+00   1.2220945e+00
   4.1446614e+00   1.2223348e+00
   4.1449357e+00   1.2225746e+00
   4.1452065e+00   1.2228139e+00
   4.1454739e+00   1.2230528e+00
   4.1457378e+00   1.2232912e+00
   4.1459983e+00   1.2235293e+00
   4.1462553e+00   1.2237672e+00
   4.1465088e+00   1.2240048e+00
   4.1467589e+00   1.2242423e+00
   4.1470054e+00   1.2244799e+00
   4.1472485e+00   1.2247174e+00
   4.1474880e+00   1.2249551e+00
   4.1477240e+00   1.2251930e+00
   4.1479564e+00   1.2254311e+00
   4.1481852e+00   1.2256695e+00
   4.1484104e+00   1.2259083e+00
   4.1486321e+00   1.2261474e+00
   4.1488502e+00   1.2263869e+00
   4.1490648e+00   1.2266268e+00
   4.1492758e+00   1.2268672e+00
   4.1494834e+00   1.2271081e+00
   4.1496876e+00   1.2273496e+00
   4.1498885e+00   1.2275917e+00
   4.1500861e+00   1.2278344e+00
   4.1502807e+00   1.2280779e+00
   4.1504723e+00   1.2283221e+00
   4.1506610e+00   1.2285671e+00
   4.1508470e+00   1.2288129e+00
   4.1510302e+00   1.2290595e+00
   4.1512108e+00   1.2293068e+00
   4.1513889e+00   1.2295549e+00
   4.1515645e+00   1.2298036e+00
   4.1517376e+00   1.2300530e+00
   4.1519084e+00   1.2303030e+00
   4.1520768e+00   1.2305535e+00
   4.1522429e+00   1.2308044e+00
   4.1524069e+00   1.2310557e+00
   4.1525686e+00   1.2313072e+00
   4.1527282e+00   1.2315589e+00
   4.1528858e+00   1.2318106e+00
   4.1530413e+00   1.2320624e+00
   4.1531948e+00   1.2323140e+00
   4.1533464e+00   1.2325654e+00
   4.1534961e+00   1.2328166e+00
   4.1536439e+00   1.2330675e+00
   4.1537898e+00   1.2333179e+00
   4.1539341e+00   1.2335679e+00
   4.1540767e+00   1.2338175e+00
   4.1542176e+00   1.2340665e+00
   4.1543571e+00   1.2343149e+00
   4.1544950e+00   1.2345628e+00
   4.1546314e+00   1.2348100e+00
   4.1547663e+00   1.2350567e+00
   4.1548999e+00   1.2353027e+00
   4.1550319e+00   1.2355480e+00
   4.1551625e+00   1.2357928e+00
   4.1552917e+00   1.2360368e+00
   4.1554195e+00   1.2362802e+00
   4.1555458e+00   1.2365229e+00
   4.1556706e+00   1.2367648e+00
   4.1557940e+00   1.2370059e+00
   4.1559160e+00   1.2372462e+00
   4.1560364e+00   1.2374857e+00
   4.1561554e+00   1.2377244e+00
   4.1562729e+00   1.2379621e+00
   4.1563890e+00   1.2381988e+00
   4.1565035e+00   1.2384346e+00
   4.1566166e+00   1.2386693e+00
   4.1567282e+00   1.2389029e+00
   4.1568383e+00   1.2391355e+00
   4.1569470e+00   1.2393669e+00
   4.1570542e+00   1.2395972e+00
   4.1571599e+00   1.2398263e+00
   4.1572641e+00   1.2400543e+00
   4.1573669e+00   1.2402811e+00
   4.1574680e+00   1.2405069e+00
   4.1575677e+00   1.2407316e+00
   4.1576657e+00   1.2409554e+00
   4.1577621e+00   1.2411782e+00
   4.1578569e+00   1.2414001e+00
   4.1579500e+00   1.2416212e+00
   4.1580415e+00   1.2418414e+00
   4.1581312e+00   1.2420608e+00
   4.1582192e+00   1.2422795e+00
   4.1583055e+00   1.2424974e+00
   4.1583899e+00   1.2427145e+00
   4.1584724e+00   1.2429309e+00
   4.1585531e+00   1.2431465e+00
   4.1586318e+00   1.2433613e+00
   4.1587086e+00   1.2435753e+00
   4.1587835e+00   1.2437886e+00
   4.1588565e+00   1.2440011e+00
   4.1589276e+00   1.2442130e+00
   4.1589968e+00   1.2444241e+00
   4.1590641e+00   1.2446345e+00
   4.1591296e+00   1.2448444e+00
   4.1591933e+00   1.2450536e+00
   4.1592552e+00   1.2452622e+00
   4.1593154e+00   1.2454703e+00
   4.1593738e+00   1.2456778e+00
   4.1594305e+00   1.2458848e+00
   4.1594855e+00   1.2460913e+00
   4.1595388e+00   1.2462973e+00
   4.1595905e+00   1.2465028e+00
   4.1596406e+00   1.2467077e+00
   4.1596891e+00   1.2469121e+00
   4.1597360e+00   1.2471159e+00
   4.1597813e+00   1.2473190e+00
   4.1598251e+00   1.2475216e+00
   4.1598674e+00   1.2477234e+00
   4.1599083e+00   1.2479246e+00
   4.1599479e+00   1.2481249e+00
   4.1599863e+00   1.2483246e+00
   4.1600235e+00   1.2485234e+00
   4.1600597e+00   1.2487214e+00
   4.1600948e+00   1.2489186e+00
   4.1601291e+00   1.2491149e+00
   4.1601626e+00   1.2493105e+00
   4.1601953e+00   1.2495052e+00
   4.1602274e+00   1.2496990e+00
   4.1602589e+00   1.2498920e+00
   4.1602900e+00   1.2500841e+00
   4.1603206e+00   1.2502753e+00
   4.1603509e+00   1.2504657e+00
   4.1603810e+00   1.2506551e+00
   4.1604107e+00   1.2508437e+00
   4.1604404e+00   1.2510314e+00
   4.1604699e+00   1.2512183e+00
   4.1604993e+00   1.2514042e+00
   4.1605288e+00   1.2515892e+00
   4.1605584e+00   1.2517733e+00
   4.1605880e+00   1.2519565e+00
   4.1606179e+00   1.2521388e+00
   4.1606480e+00   1.2523202e+00
   4.1606783e+00   1.2525006e+00
   4.1607090e+00   1.2526802e+00
   4.1607399e+00   1.2528589e+00
   4.1607711e+00   1.2530368e+00
   4.1608027e+00   1.2532139e+00
   4.1608346e+00   1.2533902e+00
   4.1608668e+00   1.2535657e+00
   4.1608994e+00   1.2537404e+00
   4.1609324e+00   1.2539143e+00
   4.1609656e+00   1.2540875e+00
   4.1609992e+00   1.2542599e+00
   4.1610330e+00   1.2544316e+00
   4.1610670e+00   1.2546024e+00
   4.1611012e+00   1.2547725e+00
   4.1611356e+00   1.2549417e+00
   4.1611702e+00   1.2551102e+00
   4.1612050e+00   1.2552780e+00
   4.1612400e+00   1.2554451e+00
   4.1612750e+00   1.2556114e+00
   4.1613102e+00   1.2557772e+00
   4.1613456e+00   1.2559422e+00
   4.1613810e+00   1.2561067e+00
   4.1614165e+00   1.2562705e+00
   4.1614521e+00   1.2564337e+00
   4.1614878e+00   1.2565962e+00
   4.1615235e+00   1.2567581e+00
   4.1615591e+00   1.2569194e+00
   4.1615947e+00   1.2570799e+00
   4.1616302e+00   1.2572398e+00
   4.1616655e+00   1.2573989e+00
   4.1617008e+00   1.2575574e+00
   4.1617359e+00   1.2577151e+00
   4.1617709e+00   1.2578722e+00
   4.1618058e+00   1.2580286e+00
   4.1618405e+00   1.2581842e+00
   4.1618751e+00   1.2583392e+00
   4.1619094e+00   1.2584934e+00
   4.1619436e+00   1.2586469e+00
   4.1619775e+00   1.2587997e+00
   4.1620112e+00   1.2589516e+00
   4.1620446e+00   1.2591026e+00
   4.1620778e+00   1.2592528e+00
   4.1621107e+00   1.2594021e+00
   4.1621433e+00   1.2595506e+00
   4.1621757e+00   1.2596981e+00
   4.1622077e+00   1.2598447e+00
   4.1622394e+00   1.2599905e+00
   4.1622709e+00   1.2601355e+00
   4.1623019e+00   1.2602798e+00
   4.1623326e+00   1.2604234e+00
   4.1623628e+00   1.2605663e+00
   4.1623924e+00   1.2607087e+00
   4.1624215e+00   1.2608505e+00
   4.1624498e+00   1.2609918e+00
   4.1624773e+00   1.2611326e+00
   4.1625041e+00   1.2612729e+00
   4.1625299e+00   1.2614128e+00
   4.1625548e+00   1.2615521e+00
   4.1625787e+00   1.2616910e+00
   4.1626016e+00   1.2618293e+00
   4.1626235e+00   1.2619671e+00
   4.1626442e+00   1.2621044e+00
   4.1626640e+00   1.2622412e+00
   4.1626828e+00   1.2623776e+00
   4.1627005e+00   1.2625135e+00
   4.1627174e+00   1.2626489e+00
   4.1627333e+00   1.2627840e+00
   4.1627484e+00   1.2629186e+00
   4.1627628e+00   1.2630528e+00
   4.1627763e+00   1.2631867e+00
   4.1627891e+00   1.2633202e+00
   4.1628012e+00   1.2634533e+00
   4.1628126e+00   1.2635861e+00
   4.1628234e+00   1.2637184e+00
   4.1628336e+00   1.2638505e+00
   4.1628432e+00   1.2639821e+00
   4.1628521e+00   1.2641134e+00
   4.1628606e+00   1.2642444e+00
   4.1628684e+00   1.2643749e+00
   4.1628758e+00   1.2645050e+00
   4.1628826e+00   1.2646346e+00
   4.1628889e+00   1.2647637e+00
   4.1628947e+00   1.2648923e+00
   4.1629000e+00   1.2650204e+00
   4.1629049e+00   1.2651478e+00
   4.1629092e+00   1.2652747e+00
   4.1629130e+00   1.2654010e+00
   4.1629164e+00   1.2655266e+00
   4.1629193e+00   1.2656516e+00
   4.1629218e+00   1.2657760e+00
   4.1629239e+00   1.2658996e+00
   4.1629257e+00   1.2660226e+00
   4.1629271e+00   1.2661449e+00
   4.1629282e+00   1.2662665e+00
   4.1629290e+00   1.2663874e+00
   4.1629295e+00   1.2665075e+00
   4.1629297e+00   1.2666269e+00
   4.1629297e+00   1.2667456e+00
   4.1629294e+00   1.2668635e+00
   4.1629288e+00   1.2669806e+00
   4.1629280e+00   1.2670968e+00
   4.1629270e+00   1.2672120e+00
   4.1629256e+00   1.2673263e+00
   4.1629241e+00   1.2674396e+00
   4.1629222e+00   1.2675519e+00
   4.1629201e+00   1.2676630e+00
   4.1629177e+00   1.2677729e+00
   4.1629151e+00   1.2678817e+00
