   0.0000000e+00   0.0000000e+00
   2.2920647e-14  -9.9906560e-16
   7.3194934e-13  -3.1899234e-14
   5.5467816e-12  -2.4169752e-13
   2.3325882e-11  -1.0162508e-12
   7.1038051e-11  -3.0944636e-12
   1.7640047e-10  -7.6829036e-12
   3.8048342e-10  -1.6568855e-11
   7.4028185e-10  -3.2231814e-11
   1.3312539e-09  -5.7953446e-11
   2.2498270e-09  -9.7925996e-11
   3.6158707e-09  -1.5735918e-10
   5.5751379e-09  -2.4258553e-10
   8.3016731e-09  -3.6116430e-10
   1.2000189e-08  -5.2198376e-10
   1.6908413e-08  -7.3536208e-10
   2.3299396e-08  -1.0131467e-09
   3.1483798e-08  -1.3688123e-09
   4.1812138e-08  -1.8175570e-09
   5.4677011e-08  -2.3763975e-09
   7.0515276e-08  -3.0642629e-09
   8.9810218e-08  -3.9020859e-09
   1.1309367e-07  -4.9128943e-09
   1.4094811e-07  -6.1218999e-09
   1.7400873e-07  -7.5565862e-09
   2.1296546e-07  -9.2467949e-09
   2.5856501e-07  -1.1224811e-08
   3.1161280e-07  -1.3525445e-08
   3.7297493e-07  -1.6186118e-08
   4.4358011e-07  -1.9246940e-08
   5.2442150e-07  -2.2750791e-08
   6.1655866e-07  -2.6743397e-08
   7.2111927e-07  -3.1273408e-08
   8.3930102e-07  -3.6392474e-08
   9.7237333e-07  -4.2155319e-08
   1.1216791e-06  -4.8619812e-08
   1.2886366e-06  -5.5847041e-08
   1.4747407e-06  -6.3901380e-08
   1.6815651e-06  -7.2850560e-08
   1.9107636e-06  -8.2765736e-08
   2.1640718e-06  -9.3721555e-08
   2.4433087e-06  -1.0579621e-07
   2.7503781e-06  -1.1907154e-07
   3.0872706e-06  -1.3363302e-07
   3.4560644e-06  -1.4956991e-07
   3.8589273e-06  -1.6697524e-07
   4.2981180e-06  -1.8594593e-07
   4.7759873e-06  -2.0658279e-07
   5.2949800e-06  -2.2899063e-07
   5.8576357e-06  -2.5327827e-07
   6.4665904e-06  -2.7955862e-07
   7.1245781e-06  -3.0794872e-07
   7.8344313e-06  -3.3856981e-07
   8.5990833e-06  -3.7154736e-07
   9.4215686e-06  -4.0701112e-07
   1.0305024e-05  -4.4509518e-07
   1.1252692e-05  -4.8593801e-07
   1.2267917e-05  -5.2968251e-07
   1.3354153e-05  -5.7647604e-07
   1.4514960e-05  -6.2647048e-07
   1.5754004e-05  -6.7982226e-07
   1.7075065e-05  -7.3669241e-07
   1.8482031e-05  -7.9724661e-07
   1.9978900e-05  -8.6165519e-07
   2.1569787e-05  -9.3009320e-07
   2.3258916e-05  -1.0027405e-06
   2.5050628e-05  -1.0797815e-06
   2.6949378e-05  -1.1614059e-06
   2.8959740e-05  -1.2478077e-06
   3.1086401e-05  -1.3391861e-06
   3.3334170e-05  -1.4357453e-06
   3.5707973e-05  -1.5376941e-06
   3.8212855e-05  -1.6452466e-06
   4.0853984e-05  -1.7586217e-06
   4.3636646e-05  -1.8780435e-06
   4.6566251e-05  -2.0037411e-06
   4.9648333e-05  -2.1359485e-06
   5.2888546e-05  -2.2749050e-06
   5.6292672e-05  -2.4208549e-06
   5.9866614e-05  -2.5740479e-06
   6.3616402e-05  -2.7347386e-06
   6.7548195e-05  -2.9031868e-06
   7.1668273e-05  -3.0796577e-06
   7.5983048e-05  -3.2644216e-06
   8.0499057e-05  -3.4577540e-06
   8.5222968e-05  -3.6599358e-06
   9.0161574e-05  -3.8712530e-06
   9.5321801e-05  -4.0919970e-06
   1.0071070e-04  -4.3224646e-06
   1.0633546e-04  -4.5629576e-06
   1.1220340e-04  -4.8137834e-06
   1.1832196e-04  -5.0752547e-06
   1.2469872e-04  -5.3476895e-06
   1.3134139e-04  -5.6314111e-06
   1.3825781e-04  -5.9267482e-06
   1.4545595e-04  -6.2340349e-06
   1.5294394e-04  -6.5536107e-06
   1.6072999e-04  -6.8858205e-06
   1.6882250e-04  -7.2310143e-06
   1.7722997e-04  -7.5895479e-06
   1.8596104e-04  -7.9617823e-06
   1.9502449e-04  -8.3480837e-06
   2.0442923e-04  -8.7488241e-06
   2.1418431e-04  -9.1643806e-06
   2.2429890e-04  -9.5951356e-06
   2.3478233e-04  -1.0041477e-05
   2.4564404e-04  -1.0503799e-05
   2.5689363e-04  -1.0982499e-05
   2.6854081e-04  -1.1477982e-05
   2.8059544e-04  -1.1990657e-05
   2.9306751e-04  -1.2520940e-05
   3.0596716e-04  -1.3069249e-05
   3.1930465e-04  -1.3636012e-05
   3.3309038e-04  -1.4221658e-05
   3.4733488e-04  -1.4826624e-05
   3.6204883e-04  -1.5451352e-05
   3.7724303e-04  -1.6096288e-05
   3.9292843e-04  -1.6761885e-05
   4.0911610e-04  -1.7448600e-05
   4.2581727e-04  -1.8156896e-05
   4.4304328e-04  -1.8887241e-05
   4.6080561e-04  -1.9640108e-05
   4.7911589e-04  -2.0415976e-05
   4.9798588e-04  -2.1215328e-05
   5.1742745e-04  -2.2038655e-05
   5.3745265e-04  -2.2886449e-05
   5.5807363e-04  -2.3759210e-05
   5.7930268e-04  -2.4657442e-05
   6.0115223e-04  -2.5581656e-05
   6.2363485e-04  -2.6532366e-05
   6.4676323e-04  -2.7510092e-05
   6.7055020e-04  -2.8515359e-05
   6.9500873e-04  -2.9548696e-05
   7.2015192e-04  -3.0610640e-05
   7.4599299e-04  -3.1701729e-05
   7.7254530e-04  -3.2822509e-05
   7.9982235e-04  -3.3973530e-05
   8.2783777e-04  -3.5155347e-05
   8.5660531e-04  -3.6368519e-05
   8.8613886e-04  -3.7613612e-05
   9.1645244e-04  -3.8891194e-05
   9.4756020e-04  -4.0201841e-05
   9.7947642e-04  -4.1546132e-05
   1.0122155e-03  -4.2924651e-05
   1.0457920e-03  -4.4337985e-05
   1.0802206e-03  -4.5786730e-05
   1.1155160e-03  -4.7271482e-05
   1.1516932e-03  -4.8792846e-05
   1.1887673e-03  -5.0351427e-05
   1.2267534e-03  -5.1947839e-05
   1.2656668e-03  -5.3582698e-05
   1.3055229e-03  -5.5256625e-05
   1.3463374e-03  -5.6970246e-05
   1.3881259e-03  -5.8724190e-05
   1.4309041e-03  -6.0519092e-05
   1.4746881e-03  -6.2355592e-05
   1.5194938e-03  -6.4234332e-05
   1.5653375e-03  -6.6155961e-05
   1.6122354e-03  -6.8121129e-05
   1.6602039e-03  -7.0130493e-05
   1.7092597e-03  -7.2184714e-05
   1.7594193e-03  -7.4284455e-05
   1.8106995e-03  -7.6430386e-05
   1.8631173e-03  -7.8623180e-05
   1.9166896e-03  -8.0863512e-05
   1.9714336e-03  -8.3152064e-05
   2.0273664e-03  -8.5489521e-05
   2.0845056e-03  -8.7876571e-05
   2.1428686e-03  -9.0313907e-05
   2.2024729e-03  -9.2802225e-05
   2.2633363e-03  -9.5342226e-05
   2.3254766e-03  -9.7934614e-05
   2.3889117e-03  -1.0058010e-04
   2.4536597e-03  -1.0327938e-04
   2.5197388e-03  -1.0603319e-04
   2.5871671e-03  -1.0884224e-04
   2.6559632e-03  -1.1170725e-04
   2.7261455e-03  -1.1462895e-04
   2.7977325e-03  -1.1760806e-04
   2.8707431e-03  -1.2064532e-04
   2.9451960e-03  -1.2374147e-04
   3.0211100e-03  -1.2689724e-04
   3.0985044e-03  -1.3011338e-04
   3.1773981e-03  -1.3339063e-04
   3.2578104e-03  -1.3672974e-04
   3.3397606e-03  -1.4013147e-04
   3.4232683e-03  -1.4359656e-04
   3.5083528e-03  -1.4712578e-04
   3.5950339e-03  -1.5071989e-04
   3.6833313e-03  -1.5437965e-04
   3.7732648e-03  -1.5810582e-04
   3.8648544e-03  -1.6189919e-04
   3.9581200e-03  -1.6576051e-04
   4.0530818e-03  -1.6969057e-04
   4.1497601e-03  -1.7369015e-04
   4.2481751e-03  -1.7776002e-04
   4.3483473e-03  -1.8190096e-04
   4.4502971e-03  -1.8611377e-04
   4.5540451e-03  -1.9039923e-04
   4.6596120e-03  -1.9475813e-04
   4.7670186e-03  -1.9919126e-04
   4.8762857e-03  -2.0369942e-04
   4.9874343e-03  -2.0828341e-04
   5.1004854e-03  -2.1294403e-04
   5.2154602e-03  -2.1768207e-04
   5.3323797e-03  -2.2249834e-04
   5.4512654e-03  -2.2739365e-04
   5.5721385e-03  -2.3236881e-04
   5.6950206e-03  -2.3742462e-04
   5.8199330e-03  -2.4256189e-04
   5.9468976e-03  -2.4778145e-04
   6.0759359e-03  -2.5308409e-04
   6.2070696e-03  -2.5847065e-04
   6.3403207e-03  -2.6394194e-04
   6.4757111e-03  -2.6949878e-04
   6.6132627e-03  -2.7514199e-04
   6.7529976e-03  -2.8087239e-04
   6.8949380e-03  -2.8669081e-04
   7.0391060e-03  -2.9259807e-04
   7.1855239e-03  -2.9859501e-04
   7.3342141e-03  -3.0468244e-04
   7.4851990e-03  -3.1086121e-04
   7.6385010e-03  -3.1713213e-04
   7.7941428e-03  -3.2349604e-04
   7.9521469e-03  -3.2995377e-04
   8.1125359e-03  -3.3650617e-04
   8.2753327e-03  -3.4315405e-04
   8.4405600e-03  -3.4989825e-04
   8.6082407e-03  -3.5673962e-04
   8.7783978e-03  -3.6367899e-04
   8.9510541e-03  -3.7071720e-04
   9.1262327e-03  -3.7785507e-04
   9.3039568e-03  -3.8509346e-04
   9.4842494e-03  -3.9243320e-04
   9.6671338e-03  -3.9987513e-04
   9.8526331e-03  -4.0742009e-04
   1.0040771e-02  -4.1506891e-04
   1.0231570e-02  -4.2282245e-04
   1.0425055e-02  -4.3068153e-04
   1.0621248e-02  -4.3864700e-04
   1.0820173e-02  -4.4671970e-04
   1.1021853e-02  -4.5490047e-04
   1.1226313e-02  -4.6319016e-04
   1.1433576e-02  -4.7158958e-04
   1.1643665e-02  -4.8009960e-04
   1.1856604e-02  -4.8872105e-04
   1.2072417e-02  -4.9745476e-04
   1.2291128e-02  -5.0630158e-04
   1.2512761e-02  -5.1526234e-04
   1.2737339e-02  -5.2433788e-04
   1.2964886e-02  -5.3352904e-04
   1.3195427e-02  -5.4283666e-04
   1.3428985e-02  -5.5226156e-04
   1.3665584e-02  -5.6180459e-04
   1.3905249e-02  -5.7146658e-04
   1.4148003e-02  -5.8124835e-04
   1.4393871e-02  -5.9115076e-04
   1.4642876e-02  -6.0117461e-04
   1.4895043e-02  -6.1132075e-04
   1.5150396e-02  -6.2159000e-04
   1.5408959e-02  -6.3198319e-04
   1.5670757e-02  -6.4250114e-04
   1.5935813e-02  -6.5314468e-04
   1.6204153e-02  -6.6391464e-04
   1.6475799e-02  -6.7481183e-04
   1.6750777e-02  -6.8583708e-04
   1.7029111e-02  -6.9699120e-04
   1.7310825e-02  -7.0827501e-04
   1.7595943e-02  -7.1968932e-04
   1.7884491e-02  -7.3123495e-04
   1.8176491e-02  -7.4291271e-04
   1.8471970e-02  -7.5472341e-04
   1.8770950e-02  -7.6666786e-04
   1.9073457e-02  -7.7874685e-04
   1.9379514e-02  -7.9096121e-04
   1.9689148e-02  -8.0331171e-04
   2.0002380e-02  -8.1579917e-04
   2.0319237e-02  -8.2842438e-04
   2.0639743e-02  -8.4118813e-04
   2.0963921e-02  -8.5409122e-04
   2.1291797e-02  -8.6713443e-04
   2.1623395e-02  -8.8031856e-04
   2.1958739e-02  -8.9364437e-04
   2.2297854e-02  -9.0711266e-04
   2.2640764e-02  -9.2072420e-04
   2.2987494e-02  -9.3447977e-04
   2.3338068e-02  -9.4838014e-04
   2.3692510e-02  -9.6242608e-04
   2.4050845e-02  -9.7661835e-04
   2.4413097e-02  -9.9095773e-04
   2.4779291e-02  -1.0054450e-03
   2.5149451e-02  -1.0200808e-03
   2.5523601e-02  -1.0348660e-03
   2.5901765e-02  -1.0498013e-03
   2.6283968e-02  -1.0648875e-03
   2.6670235e-02  -1.0801253e-03
   2.7060589e-02  -1.0955155e-03
   2.7455055e-02  -1.1110587e-03
   2.7853657e-02  -1.1267558e-03
   2.8256419e-02  -1.1426074e-03
   2.8663365e-02  -1.1586142e-03
   2.9074520e-02  -1.1747771e-03
   2.9489908e-02  -1.1910966e-03
   2.9909552e-02  -1.2075736e-03
   3.0333478e-02  -1.2242087e-03
   3.0761708e-02  -1.2410026e-03
   3.1194267e-02  -1.2579561e-03
   3.1631180e-02  -1.2750697e-03
   3.2072469e-02  -1.2923443e-03
   3.2518159e-02  -1.3097805e-03
   3.2968273e-02  -1.3273790e-03
   3.3422837e-02  -1.3451405e-03
   3.3881872e-02  -1.3630656e-03
   3.4345404e-02  -1.3811550e-03
   3.4813456e-02  -1.3994094e-03
   3.5286051e-02  -1.4178294e-03
   3.5763214e-02  -1.4364157e-03
   3.6244967e-02  -1.4551690e-03
   3.6731335e-02  -1.4740898e-03
   3.7222341e-02  -1.4931789e-03
   3.7718009e-02  -1.5124368e-03
   3.8218361e-02  -1.5318642e-03
   3.8723421e-02  -1.5514617e-03
   3.9233213e-02  -1.5712299e-03
   3.9747760e-02  -1.5911695e-03
   4.0267085e-02  -1.6112810e-03
   4.0791211e-02  -1.6315651e-03
   4.1320162e-02  -1.6520223e-03
   4.1853960e-02  -1.6726533e-03
   4.2392628e-02  -1.6934586e-03
   4.2936189e-02  -1.7144388e-03
   4.3484667e-02  -1.7355945e-03
   4.4038084e-02  -1.7569263e-03
   4.4596463e-02  -1.7784347e-03
   4.5159826e-02  -1.8001202e-03
   4.5728196e-02  -1.8219835e-03
   4.6301596e-02  -1.8440251e-03
   4.6880048e-02  -1.8662454e-03
   4.7463575e-02  -1.8886451e-03
   4.8052198e-02  -1.9112247e-03
   4.8645941e-02  -1.9339846e-03
   4.9244826e-02  -1.9569255e-03
   4.9848874e-02  -1.9800478e-03
   5.0458108e-02  -2.0033519e-03
   5.1072549e-02  -2.0268385e-03
   5.1692221e-02  -2.0505080e-03
   5.2317144e-02  -2.0743608e-03
   5.2947340e-02  -2.0983975e-03
   5.3582831e-02  -2.1226185e-03
   5.4223639e-02  -2.1470243e-03
   5.4869785e-02  -2.1716153e-03
   5.5521290e-02  -2.1963920e-03
   5.6178177e-02  -2.2213548e-03
   5.6840466e-02  -2.2465042e-03
   5.7508178e-02  -2.2718405e-03
   5.8181335e-02  -2.2973643e-03
   5.8859958e-02  -2.3230758e-03
   5.9544067e-02  -2.3489755e-03
   6.0233684e-02  -2.3750639e-03
   6.0928829e-02  -2.4013412e-03
   6.1629523e-02  -2.4278079e-03
   6.2335786e-02  -2.4544644e-03
   6.3047640e-02  -2.4813110e-03
   6.3765104e-02  -2.5083481e-03
   6.4488198e-02  -2.5355760e-03
   6.5216944e-02  -2.5629950e-03
   6.5951361e-02  -2.5906056e-03
   6.6691468e-02  -2.6184080e-03
   6.7437287e-02  -2.6464026e-03
   6.8188836e-02  -2.6745896e-03
   6.8946136e-02  -2.7029694e-03
   6.9709206e-02  -2.7315423e-03
   7.0478065e-02  -2.7603085e-03
   7.1252734e-02  -2.7892684e-03
   7.2033231e-02  -2.8184222e-03
   7.2819575e-02  -2.8477701e-03
   7.3611786e-02  -2.8773125e-03
   7.4409882e-02  -2.9070496e-03
   7.5213883e-02  -2.9369815e-03
   7.6023807e-02  -2.9671087e-03
   7.6839673e-02  -2.9974311e-03
   7.7661500e-02  -3.0279492e-03
   7.8489305e-02  -3.0586630e-03
   7.9323107e-02  -3.0895728e-03
   8.0162925e-02  -3.1206788e-03
   8.1008776e-02  -3.1519811e-03
   8.1860679e-02  -3.1834800e-03
   8.2718650e-02  -3.2151755e-03
   8.3582709e-02  -3.2470678e-03
   8.4452872e-02  -3.2791571e-03
   8.5329158e-02  -3.3114435e-03
   8.6211582e-02  -3.3439271e-03
   8.7100164e-02  -3.3766080e-03
   8.7994919e-02  -3.4094864e-03
   8.8895865e-02  -3.4425623e-03
   8.9803019e-02  -3.4758359e-03
   9.0716397e-02  -3.5093072e-03
   9.1636016e-02  -3.5429762e-03
   9.2561893e-02  -3.5768431e-03
   9.3494043e-02  -3.6109078e-03
   9.4432484e-02  -3.6451705e-03
   9.5377231e-02  -3.6796312e-03
   9.6328301e-02  -3.7142898e-03
   9.7285708e-02  -3.7491464e-03
   9.8249470e-02  -3.7842010e-03
   9.9219601e-02  -3.8194536e-03
   1.0019612e-01  -3.8549041e-03
   1.0117903e-01  -3.8905526e-03
   1.0216836e-01  -3.9263990e-03
   1.0316413e-01  -3.9624433e-03
   1.0416633e-01  -3.9986853e-03
   1.0517500e-01  -4.0351251e-03
   1.0619014e-01  -4.0717625e-03
   1.0721177e-01  -4.1085975e-03
   1.0823991e-01  -4.1456300e-03
   1.0927456e-01  -4.1828598e-03
   1.1031575e-01  -4.2202869e-03
   1.1136348e-01  -4.2579111e-03
   1.1241777e-01  -4.2957322e-03
   1.1347863e-01  -4.3337502e-03
   1.1454608e-01  -4.3719649e-03
   1.1562013e-01  -4.4103761e-03
   1.1670079e-01  -4.4489836e-03
   1.1778808e-01  -4.4877872e-03
   1.1888201e-01  -4.5267868e-03
   1.1998259e-01  -4.5659821e-03
   1.2108984e-01  -4.6053728e-03
   1.2220376e-01  -4.6449589e-03
   1.2332437e-01  -4.6847400e-03
   1.2445169e-01  -4.7247158e-03
   1.2558571e-01  -4.7648862e-03
   1.2672647e-01  -4.8052508e-03
   1.2787396e-01  -4.8458093e-03
   1.2902819e-01  -4.8865615e-03
   1.3018919e-01  -4.9275070e-03
   1.3135696e-01  -4.9686455e-03
   1.3253152e-01  -5.0099767e-03
   1.3371286e-01  -5.0515003e-03
   1.3490101e-01  -5.0932159e-03
   1.3609598e-01  -5.1351231e-03
   1.3729776e-01  -5.1772216e-03
   1.3850639e-01  -5.2195109e-03
   1.3972186e-01  -5.2619907e-03
   1.4094419e-01  -5.3046606e-03
   1.4217338e-01  -5.3475202e-03
   1.4340945e-01  -5.3905690e-03
   1.4465240e-01  -5.4338065e-03
   1.4590224e-01  -5.4772324e-03
   1.4715899e-01  -5.5208461e-03
   1.4842265e-01  -5.5646473e-03
   1.4969323e-01  -5.6086353e-03
   1.5097074e-01  -5.6528097e-03
   1.5225519e-01  -5.6971700e-03
   1.5354659e-01  -5.7417157e-03
   1.5484493e-01  -5.7864463e-03
   1.5615025e-01  -5.8313611e-03
   1.5746253e-01  -5.8764597e-03
   1.5878179e-01  -5.9217414e-03
   1.6010804e-01  -5.9672057e-03
   1.6144127e-01  -6.0128520e-03
   1.6278151e-01  -6.0586797e-03
   1.6412876e-01  -6.1046882e-03
   1.6548302e-01  -6.1508768e-03
   1.6684430e-01  -6.1972450e-03
   1.6821260e-01  -6.2437920e-03
   1.6958795e-01  -6.2905172e-03
   1.7097032e-01  -6.3374200e-03
   1.7235975e-01  -6.3844995e-03
   1.7375623e-01  -6.4317553e-03
   1.7515976e-01  -6.4791864e-03
   1.7657035e-01  -6.5267923e-03
   1.7798802e-01  -6.5745721e-03
   1.7941275e-01  -6.6225252e-03
   1.8084456e-01  -6.6706507e-03
   1.8228346e-01  -6.7189480e-03
   1.8372944e-01  -6.7674161e-03
   1.8518251e-01  -6.8160544e-03
   1.8664268e-01  -6.8648620e-03
   1.8810994e-01  -6.9138381e-03
   1.8958431e-01  -6.9629819e-03
   1.9106579e-01  -7.0122925e-03
   1.9255438e-01  -7.0617690e-03
   1.9405008e-01  -7.1114107e-03
   1.9555289e-01  -7.1612166e-03
   1.9706283e-01  -7.2111858e-03
   1.9857989e-01  -7.2613174e-03
   2.0010407e-01  -7.3116105e-03
   2.0163538e-01  -7.3620642e-03
   2.0317382e-01  -7.4126776e-03
   2.0471940e-01  -7.4634496e-03
   2.0627210e-01  -7.5143793e-03
   2.0783194e-01  -7.5654658e-03
   2.0939892e-01  -7.6167080e-03
   2.1097304e-01  -7.6681049e-03
   2.1255429e-01  -7.7196556e-03
   2.1414268e-01  -7.7713590e-03
   2.1573822e-01  -7.8232140e-03
   2.1734090e-01  -7.8752196e-03
   2.1895071e-01  -7.9273747e-03
   2.2056767e-01  -7.9796782e-03
   2.2219177e-01  -8.0321292e-03
   2.2382302e-01  -8.0847264e-03
   2.2546140e-01  -8.1374687e-03
   2.2710693e-01  -8.1903550e-03
   2.2875959e-01  -8.2433842e-03
   2.3041940e-01  -8.2965550e-03
   2.3208634e-01  -8.3498665e-03
   2.3376042e-01  -8.4033172e-03
   2.3544163e-01  -8.4569062e-03
   2.3712998e-01  -8.5106321e-03
   2.3882546e-01  -8.5644937e-03
   2.4052807e-01  -8.6184899e-03
   2.4223781e-01  -8.6726193e-03
   2.4395467e-01  -8.7268807e-03
   2.4567866e-01  -8.7812728e-03
   2.4740976e-01  -8.8357944e-03
   2.4914798e-01  -8.8904442e-03
   2.5089331e-01  -8.9452208e-03
   2.5264576e-01  -9.0001230e-03
   2.5440531e-01  -9.0551493e-03
   2.5617196e-01  -9.1102985e-03
   2.5794571e-01  -9.1655692e-03
   2.5972656e-01  -9.2209600e-03
   2.6151450e-01  -9.2764695e-03
   2.6330952e-01  -9.3320964e-03
   2.6511163e-01  -9.3878392e-03
   2.6692081e-01  -9.4436965e-03
   2.6873706e-01  -9.4996668e-03
   2.7056038e-01  -9.5557488e-03
   2.7239076e-01  -9.6119410e-03
   2.7422819e-01  -9.6682418e-03
   2.7607268e-01  -9.7246498e-03
   2.7792420e-01  -9.7811634e-03
   2.7978277e-01  -9.8377813e-03
   2.8164836e-01  -9.8945018e-03
   2.8352098e-01  -9.9513234e-03
   2.8540061e-01  -1.0008245e-02
   2.8728726e-01  -1.0065264e-02
   2.8918090e-01  -1.0122379e-02
   2.9108155e-01  -1.0179590e-02
   2.9298918e-01  -1.0236893e-02
   2.9490379e-01  -1.0294289e-02
   2.9682537e-01  -1.0351774e-02
   2.9875392e-01  -1.0409347e-02
   3.0068943e-01  -1.0467008e-02
   3.0263188e-01  -1.0524753e-02
   3.0458127e-01  -1.0582581e-02
   3.0653759e-01  -1.0640492e-02
   3.0850083e-01  -1.0698482e-02
   3.1047098e-01  -1.0756550e-02
   3.1244804e-01  -1.0814695e-02
   3.1443199e-01  -1.0872914e-02
   3.1642282e-01  -1.0931207e-02
   3.1842052e-01  -1.0989570e-02
   3.2042509e-01  -1.1048003e-02
   3.2243650e-01  -1.1106504e-02
   3.2445476e-01  -1.1165071e-02
   3.2647985e-01  -1.1223701e-02
   3.2851176e-01  -1.1282394e-02
   3.3055048e-01  -1.1341147e-02
   3.3259599e-01  -1.1399958e-02
   3.3464830e-01  -1.1458826e-02
   3.3670737e-01  -1.1517749e-02
   3.3877321e-01  -1.1576724e-02
   3.4084579e-01  -1.1635750e-02
   3.4292512e-01  -1.1694825e-02
   3.4501117e-01  -1.1753947e-02
   3.4710393e-01  -1.1813115e-02
   3.4920339e-01  -1.1872325e-02
   3.5130954e-01  -1.1931576e-02
   3.5342236e-01  -1.1990867e-02
   3.5554184e-01  -1.2050195e-02
   3.5766797e-01  -1.2109557e-02
   3.5980073e-01  -1.2168953e-02
   3.6194010e-01  -1.2228380e-02
   3.6408609e-01  -1.2287836e-02
   3.6623866e-01  -1.2347318e-02
   3.6839781e-01  -1.2406826e-02
   3.7056352e-01  -1.2466356e-02
   3.7273577e-01  -1.2525907e-02
   3.7491456e-01  -1.2585477e-02
   3.7709986e-01  -1.2645063e-02
   3.7929166e-01  -1.2704663e-02
   3.8148994e-01  -1.2764275e-02
   3.8369470e-01  -1.2823897e-02
   3.8590590e-01  -1.2883527e-02
   3.8812354e-01  -1.2943162e-02
   3.9034760e-01  -1.3002801e-02
   3.9257807e-01  -1.3062441e-02
   3.9481492e-01  -1.3122080e-02
   3.9705814e-01  -1.3181716e-02
   3.9930772e-01  -1.3241346e-02
   4.0156362e-01  -1.3300968e-02
   4.0382585e-01  -1.3360580e-02
   4.0609437e-01  -1.3420179e-02
   4.0836918e-01  -1.3479764e-02
   4.1065025e-01  -1.3539332e-02
   4.1293757e-01  -1.3598880e-02
   4.1523112e-01  -1.3658407e-02
   4.1753087e-01  -1.3717909e-02
   4.1983681e-01  -1.3777385e-02
   4.2214893e-01  -1.3836833e-02
   4.2446720e-01  -1.3896249e-02
   4.2679160e-01  -1.3955631e-02
   4.2912211e-01  -1.4014978e-02
   4.3145871e-01  -1.4074286e-02
   4.3380140e-01  -1.4133553e-02
   4.3615013e-01  -1.4192777e-02
   4.3850490e-01  -1.4251955e-02
   4.4086568e-01  -1.4311085e-02
   4.4323245e-01  -1.4370164e-02
   4.4560520e-01  -1.4429189e-02
   4.4798389e-01  -1.4488159e-02
   4.5036852e-01  -1.4547071e-02
   4.5275905e-01  -1.4605921e-02
   4.5515548e-01  -1.4664709e-02
   4.5755777e-01  -1.4723430e-02
   4.5996590e-01  -1.4782083e-02
   4.6237985e-01  -1.4840665e-02
   4.6479961e-01  -1.4899173e-02
   4.6722514e-01  -1.4957605e-02
   4.6965643e-01  -1.5015957e-02
   4.7209345e-01  -1.5074229e-02
   4.7453618e-01  -1.5132416e-02
   4.7698459e-01  -1.5190516e-02
   4.7943868e-01  -1.5248527e-02
   4.8189840e-01  -1.5306445e-02
   4.8436374e-01  -1.5364268e-02
   4.8683467e-01  -1.5421994e-02
   4.8931117e-01  -1.5479620e-02
   4.9179322e-01  -1.5537143e-02
   4.9428079e-01  -1.5594559e-02
   4.9677385e-01  -1.5651868e-02
   4.9927239e-01  -1.5709065e-02
   5.0177638e-01  -1.5766148e-02
   5.0428579e-01  -1.5823114e-02
   5.0680060e-01  -1.5879960e-02
   5.0932079e-01  -1.5936684e-02
   5.1184632e-01  -1.5993283e-02
   5.1437717e-01  -1.6049754e-02
   5.1691332e-01  -1.6106094e-02
   5.1945475e-01  -1.6162300e-02
   5.2200141e-01  -1.6218369e-02
   5.2455330e-01  -1.6274299e-02
   5.2711038e-01  -1.6330087e-02
   5.2967263e-01  -1.6385729e-02
   5.3224002e-01  -1.6441223e-02
   5.3481252e-01  -1.6496566e-02
   5.3739011e-01  -1.6551755e-02
   5.3997275e-01  -1.6606787e-02
   5.4256043e-01  -1.6661659e-02
   5.4515312e-01  -1.6716368e-02
   5.4775078e-01  -1.6770911e-02
   5.5035340e-01  -1.6825285e-02
   5.5296093e-01  -1.6879488e-02
   5.5557336e-01  -1.6933516e-02
   5.5819066e-01  -1.6987366e-02
   5.6081279e-01  -1.7041035e-02
   5.6343973e-01  -1.7094520e-02
   5.6607146e-01  -1.7147818e-02
   5.6870794e-01  -1.7200926e-02
   5.7134914e-01  -1.7253841e-02
   5.7399503e-01  -1.7306560e-02
   5.7664559e-01  -1.7359080e-02
   5.7930079e-01  -1.7411397e-02
   5.8196059e-01  -1.7463509e-02
   5.8462497e-01  -1.7515412e-02
   5.8729390e-01  -1.7567103e-02
   5.8996735e-01  -1.7618580e-02
   5.9264528e-01  -1.7669839e-02
   5.9532767e-01  -1.7720876e-02
   5.9801449e-01  -1.7771689e-02
   6.0070570e-01  -1.7822275e-02
   6.0340128e-01  -1.7872630e-02
   6.0610120e-01  -1.7922751e-02
   6.0880542e-01  -1.7972634e-02
   6.1151392e-01  -1.8022278e-02
   6.1422666e-01  -1.8071678e-02
   6.1694360e-01  -1.8120831e-02
   6.1966473e-01  -1.8169734e-02
   6.2239001e-01  -1.8218384e-02
   6.2511941e-01  -1.8266777e-02
   6.2785289e-01  -1.8314910e-02
   6.3059042e-01  -1.8362780e-02
   6.3333197e-01  -1.8410383e-02
   6.3607752e-01  -1.8457717e-02
   6.3882702e-01  -1.8504778e-02
   6.4158044e-01  -1.8551562e-02
   6.4433775e-01  -1.8598066e-02
   6.4709893e-01  -1.8644288e-02
   6.4986393e-01  -1.8690222e-02
   6.5263272e-01  -1.8735867e-02
   6.5540528e-01  -1.8781219e-02
   6.5818156e-01  -1.8826274e-02
   6.6096153e-01  -1.8871030e-02
   6.6374517e-01  -1.8915481e-02
   6.6653243e-01  -1.8959626e-02
   6.6932328e-01  -1.9003461e-02
   6.7211770e-01  -1.9046982e-02
   6.7491564e-01  -1.9090186e-02
   6.7771707e-01  -1.9133070e-02
   6.8052195e-01  -1.9175629e-02
   6.8333026e-01  -1.9217861e-02
   6.8614196e-01  -1.9259762e-02
   6.8895701e-01  -1.9301329e-02
   6.9177538e-01  -1.9342558e-02
   6.9459704e-01  -1.9383445e-02
   6.9742194e-01  -1.9423988e-02
   7.0025006e-01  -1.9464182e-02
   7.0308136e-01  -1.9504024e-02
   7.0591581e-01  -1.9543510e-02
   7.0875336e-01  -1.9582638e-02
   7.1159399e-01  -1.9621403e-02
   7.1443765e-01  -1.9659802e-02
   7.1728432e-01  -1.9697831e-02
   7.2013395e-01  -1.9735487e-02
   7.2298652e-01  -1.9772766e-02
   7.2584198e-01  -1.9809664e-02
   7.2870030e-01  -1.9846179e-02
   7.3156144e-01  -1.9882306e-02
   7.3442537e-01  -1.9918041e-02
   7.3729205e-01  -1.9953382e-02
   7.4016145e-01  -1.9988324e-02
   7.4303352e-01  -2.0022864e-02
   7.4590823e-01  -2.0056998e-02
   7.4878555e-01  -2.0090723e-02
   7.5166543e-01  -2.0124035e-02
   7.5454785e-01  -2.0156930e-02
   7.5743276e-01  -2.0189404e-02
   7.6032012e-01  -2.0221455e-02
   7.6320990e-01  -2.0253077e-02
   7.6610207e-01  -2.0284268e-02
   7.6899658e-01  -2.0315024e-02
   7.7189339e-01  -2.0345340e-02
   7.7479248e-01  -2.0375215e-02
   7.7769379e-01  -2.0404642e-02
   7.8059731e-01  -2.0433620e-02
   7.8350297e-01  -2.0462144e-02
   7.8641076e-01  -2.0490210e-02
   7.8932062e-01  -2.0517815e-02
   7.9223253e-01  -2.0544954e-02
   7.9514644e-01  -2.0571625e-02
   7.9806232e-01  -2.0597823e-02
   8.0098012e-01  -2.0623545e-02
   8.0389982e-01  -2.0648787e-02
   8.0682136e-01  -2.0673544e-02
   8.0974472e-01  -2.0697814e-02
   8.1266985e-01  -2.0721592e-02
   8.1559671e-01  -2.0744874e-02
   8.1852527e-01  -2.0767658e-02
   8.2145549e-01  -2.0789938e-02
   8.2438733e-01  -2.0811712e-02
   8.2732074e-01  -2.0832974e-02
   8.3025570e-01  -2.0853722e-02
   8.3319215e-01  -2.0873952e-02
   8.3613007e-01  -2.0893659e-02
   8.3906941e-01  -2.0912841e-02
   8.4201013e-01  -2.0931492e-02
   8.4495220e-01  -2.0949609e-02
   8.4789557e-01  -2.0967189e-02
   8.5084021e-01  -2.0984227e-02
   8.5378607e-01  -2.1000719e-02
   8.5673311e-01  -2.1016662e-02
   8.5968131e-01  -2.1032052e-02
   8.6263060e-01  -2.1046884e-02
   8.6558097e-01  -2.1061156e-02
   8.6853236e-01  -2.1074862e-02
   8.7148474e-01  -2.1087999e-02
   8.7443806e-01  -2.1100563e-02
   8.7739229e-01  -2.1112551e-02
   8.8034738e-01  -2.1123958e-02
   8.8330330e-01  -2.1134780e-02
   8.8626001e-01  -2.1145013e-02
   8.8921746e-01  -2.1154654e-02
   8.9217562e-01  -2.1163698e-02
   8.9513444e-01  -2.1172142e-02
   8.9809389e-01  -2.1179981e-02
   9.0105392e-01  -2.1187212e-02
   9.0401450e-01  -2.1193830e-02
   9.0697557e-01  -2.1199832e-02
   9.0993711e-01  -2.1205213e-02
   9.1289907e-01  -2.1209970e-02
   9.1586142e-01  -2.1214099e-02
   9.1882410e-01  -2.1217596e-02
   9.2178708e-01  -2.1220456e-02
   9.2475032e-01  -2.1222675e-02
   9.2771378e-01  -2.1224251e-02
   9.3067741e-01  -2.1225177e-02
   9.3364118e-01  -2.1225452e-02
   9.3660505e-01  -2.1225070e-02
   9.3956897e-01  -2.1224028e-02
   9.4253290e-01  -2.1222321e-02
   9.4549681e-01  -2.1219945e-02
   9.4846065e-01  -2.1216898e-02
   9.5142437e-01  -2.1213173e-02
   9.5438795e-01  -2.1208768e-02
   9.5735133e-01  -2.1203678e-02
   9.6031448e-01  -2.1197900e-02
   9.6327736e-01  -2.1191429e-02
   9.6623992e-01  -2.1184261e-02
   9.6920212e-01  -2.1176392e-02
   9.7216392e-01  -2.1167818e-02
   9.7512529e-01  -2.1158535e-02
   9.7808617e-01  -2.1148540e-02
   9.8104653e-01  -2.1137827e-02
   9.8400633e-01  -2.1126393e-02
   9.8696552e-01  -2.1114233e-02
   9.8992406e-01  -2.1101344e-02
   9.9288192e-01  -2.1087722e-02
   9.9583905e-01  -2.1073363e-02
   9.9879541e-01  -2.1058261e-02
   1.0017510e+00  -2.1042414e-02
   1.0047056e+00  -2.1025818e-02
   1.0076594e+00  -2.1008467e-02
   1.0106123e+00  -2.0990359e-02
   1.0135642e+00  -2.0971488e-02
   1.0165150e+00  -2.0951851e-02
   1.0194648e+00  -2.0931445e-02
   1.0224135e+00  -2.0910263e-02
   1.0253611e+00  -2.0888304e-02
   1.0283075e+00  -2.0865561e-02
   1.0312526e+00  -2.0842032e-02
   1.0341965e+00  -2.0817713e-02
   1.0371391e+00  -2.0792598e-02
   1.0400803e+00  -2.0766684e-02
   1.0430201e+00  -2.0739968e-02
   1.0459585e+00  -2.0712444e-02
   1.0488954e+00  -2.0684109e-02
   1.0518308e+00  -2.0654958e-02
   1.0547646e+00  -2.0624988e-02
   1.0576969e+00  -2.0594194e-02
   1.0606275e+00  -2.0562572e-02
   1.0635564e+00  -2.0530118e-02
   1.0664836e+00  -2.0496829e-02
   1.0694090e+00  -2.0462699e-02
   1.0723326e+00  -2.0427725e-02
   1.0752544e+00  -2.0391902e-02
   1.0781743e+00  -2.0355227e-02
   1.0810922e+00  -2.0317695e-02
   1.0840082e+00  -2.0279302e-02
   1.0869221e+00  -2.0240045e-02
   1.0898340e+00  -2.0199918e-02
   1.0927439e+00  -2.0158919e-02
   1.0956515e+00  -2.0117041e-02
   1.0985570e+00  -2.0074283e-02
   1.1014603e+00  -2.0030639e-02
   1.1043613e+00  -1.9986105e-02
   1.1072600e+00  -1.9940677e-02
   1.1101564e+00  -1.9894352e-02
   1.1130504e+00  -1.9847124e-02
   1.1159419e+00  -1.9798990e-02
   1.1188310e+00  -1.9749946e-02
   1.1217176e+00  -1.9699988e-02
   1.1246016e+00  -1.9649111e-02
   1.1274831e+00  -1.9597311e-02
   1.1303619e+00  -1.9544584e-02
   1.1332381e+00  -1.9490926e-02
   1.1361115e+00  -1.9436334e-02
   1.1389822e+00  -1.9380802e-02
   1.1418501e+00  -1.9324326e-02
   1.1447151e+00  -1.9266904e-02
   1.1475773e+00  -1.9208529e-02
   1.1504366e+00  -1.9149199e-02
   1.1532929e+00  -1.9088910e-02
   1.1561462e+00  -1.9027656e-02
   1.1589965e+00  -1.8965434e-02
   1.1618437e+00  -1.8902240e-02
   1.1646877e+00  -1.8838070e-02
   1.1675287e+00  -1.8772920e-02
   1.1703664e+00  -1.8706785e-02
   1.1732009e+00  -1.8639661e-02
   1.1760321e+00  -1.8571545e-02
   1.1788600e+00  -1.8502432e-02
   1.1816845e+00  -1.8432318e-02
   1.1845056e+00  -1.8361199e-02
   1.1873233e+00  -1.8289071e-02
   1.1901376e+00  -1.8215930e-02
   1.1929483e+00  -1.8141771e-02
   1.1957554e+00  -1.8066592e-02
   1.1985589e+00  -1.7990386e-02
   1.2013588e+00  -1.7913151e-02
   1.2041551e+00  -1.7834883e-02
   1.2069476e+00  -1.7755576e-02
   1.2097363e+00  -1.7675228e-02
   1.2125213e+00  -1.7593834e-02
   1.2153024e+00  -1.7511390e-02
   1.2180797e+00  -1.7427892e-02
   1.2208530e+00  -1.7343336e-02
   1.2236224e+00  -1.7257718e-02
   1.2263878e+00  -1.7171034e-02
   1.2291491e+00  -1.7083279e-02
   1.2319064e+00  -1.6994450e-02
   1.2346596e+00  -1.6904542e-02
   1.2374087e+00  -1.6813552e-02
   1.2401535e+00  -1.6721476e-02
   1.2428941e+00  -1.6628309e-02
   1.2456305e+00  -1.6534047e-02
   1.2483626e+00  -1.6438687e-02
   1.2510903e+00  -1.6342224e-02
   1.2538136e+00  -1.6244655e-02
   1.2565325e+00  -1.6145974e-02
   1.2592470e+00  -1.6046179e-02
   1.2619570e+00  -1.5945266e-02
   1.2646624e+00  -1.5843229e-02
   1.2673633e+00  -1.5740066e-02
   1.2700596e+00  -1.5635771e-02
   1.2727512e+00  -1.5530343e-02
   1.2754382e+00  -1.5423775e-02
   1.2781204e+00  -1.5316064e-02
   1.2807979e+00  -1.5207207e-02
   1.2834705e+00  -1.5097199e-02
   1.2861384e+00  -1.4986036e-02
   1.2888014e+00  -1.4873715e-02
   1.2914594e+00  -1.4760230e-02
   1.2941126e+00  -1.4645579e-02
   1.2967607e+00  -1.4529758e-02
   1.2994038e+00  -1.4412762e-02
   1.3020419e+00  -1.4294587e-02
   1.3046749e+00  -1.4175230e-02
   1.3073028e+00  -1.4054686e-02
   1.3099255e+00  -1.3932952e-02
   1.3125430e+00  -1.3810024e-02
   1.3151552e+00  -1.3685898e-02
   1.3177622e+00  -1.3560569e-02
   1.3203639e+00  -1.3434034e-02
   1.3229602e+00  -1.3306290e-02
   1.3255512e+00  -1.3177331e-02
   1.3281367e+00  -1.3047155e-02
   1.3307168e+00  -1.2915757e-02
   1.3332915e+00  -1.2783133e-02
   1.3358605e+00  -1.2649280e-02
   1.3384241e+00  -1.2514193e-02
   1.3409820e+00  -1.2377870e-02
   1.3435343e+00  -1.2240305e-02
   1.3460810e+00  -1.2101495e-02
   1.3486219e+00  -1.1961437e-02
   1.3511572e+00  -1.1820126e-02
   1.3536866e+00  -1.1677558e-02
   1.3562103e+00  -1.1533730e-02
   1.3587281e+00  -1.1388638e-02
   1.3612401e+00  -1.1242278e-02
   1.3637461e+00  -1.1094646e-02
   1.3662462e+00  -1.0945739e-02
   1.3687404e+00  -1.0795552e-02
   1.3712285e+00  -1.0644082e-02
   1.3737106e+00  -1.0491325e-02
   1.3761867e+00  -1.0337277e-02
   1.3786566e+00  -1.0181934e-02
   1.3811204e+00  -1.0025294e-02
   1.3835780e+00  -9.8673510e-03
   1.3860294e+00  -9.7081024e-03
   1.3884746e+00  -9.5475441e-03
   1.3909135e+00  -9.3856726e-03
   1.3933461e+00  -9.2224840e-03
   1.3957723e+00  -9.0579746e-03
   1.3981922e+00  -8.8921407e-03
   1.4006057e+00  -8.7249786e-03
   1.4030128e+00  -8.5564846e-03
   1.4054134e+00  -8.3866549e-03
   1.4078075e+00  -8.2154859e-03
   1.4101951e+00  -8.0429740e-03
   1.4125761e+00  -7.8691153e-03
   1.4149506e+00  -7.6939064e-03
   1.4173184e+00  -7.5173434e-03
   1.4196795e+00  -7.3394228e-03
   1.4220340e+00  -7.1601409e-03
   1.4243818e+00  -6.9794942e-03
   1.4267228e+00  -6.7974788e-03
   1.4290570e+00  -6.6140913e-03
   1.4313845e+00  -6.4293281e-03
   1.4337051e+00  -6.2431855e-03
   1.4360188e+00  -6.0556599e-03
   1.4383256e+00  -5.8667478e-03
   1.4406256e+00  -5.6764455e-03
   1.4429185e+00  -5.4847496e-03
   1.4452045e+00  -5.2916564e-03
   1.4474834e+00  -5.0971624e-03
   1.4497553e+00  -4.9012641e-03
   1.4520202e+00  -4.7039580e-03
   1.4542779e+00  -4.5052404e-03
   1.4565285e+00  -4.3051080e-03
   1.4587719e+00  -4.1035571e-03
   1.4610082e+00  -3.9005843e-03
   1.4632372e+00  -3.6961862e-03
   1.4654590e+00  -3.4903592e-03
   1.4676736e+00  -3.2830998e-03
   1.4698808e+00  -3.0744046e-03
   1.4720807e+00  -2.8642702e-03
   1.4742732e+00  -2.6526932e-03
   1.4764583e+00  -2.4396700e-03
   1.4786361e+00  -2.2251972e-03
   1.4808064e+00  -2.0092716e-03
   1.4829692e+00  -1.7918896e-03
   1.4851246e+00  -1.5730478e-03
   1.4872724e+00  -1.3527429e-03
   1.4894127e+00  -1.1309716e-03
   1.4915454e+00  -9.0773033e-04
   1.4936705e+00  -6.8301590e-04
   1.4957880e+00  -4.5682492e-04
   1.4978978e+00  -2.2915406e-04
   1.5000000e+00   0.0000000e+00
   1.5020945e+00   2.3064057e-04
   1.5041812e+00   4.6277096e-04
   1.5062602e+00   6.9639445e-04
   1.5083314e+00   9.3151433e-04
   1.5103948e+00   1.1681339e-03
   1.5124504e+00   1.4062563e-03
   1.5144982e+00   1.6458849e-03
   1.5165380e+00   1.8870229e-03
   1.5185700e+00   2.1296736e-03
   1.5205940e+00   2.3738400e-03
   1.5226102e+00   2.6195256e-03
   1.5246183e+00   2.8667334e-03
   1.5266184e+00   3.1154666e-03
   1.5286105e+00   3.3657284e-03
   1.5305946e+00   3.6175219e-03
   1.5325707e+00   3.8708504e-03
   1.5345386e+00   4.1257170e-03
   1.5364984e+00   4.3821247e-03
   1.5384501e+00   4.6400767e-03
   1.5403937e+00   4.8995762e-03
   1.5423291e+00   5.1606261e-03
   1.5442562e+00   5.4232296e-03
   1.5461752e+00   5.6873898e-03
   1.5480859e+00   5.9531097e-03
   1.5499884e+00   6.2203923e-03
   1.5518826e+00   6.4892408e-03
   1.5537685e+00   6.7596580e-03
   1.5556460e+00   7.0316471e-03
   1.5575152e+00   7.3052111e-03
   1.5593761e+00   7.5803529e-03
   1.5612285e+00   7.8570754e-03
   1.5630726e+00   8.1353818e-03
   1.5649082e+00   8.4152749e-03
   1.5667354e+00   8.6967576e-03
   1.5685542e+00   8.9798329e-03
   1.5703644e+00   9.2645038e-03
   1.5721662e+00   9.5507730e-03
   1.5739594e+00   9.8386436e-03
   1.5757441e+00   1.0128118e-02
   1.5775202e+00   1.0419200e-02
   1.5792878e+00   1.0711892e-02
   1.5810467e+00   1.1006196e-02
   1.5827971e+00   1.1302116e-02
   1.5845388e+00   1.1599655e-02
   1.5862719e+00   1.1898815e-02
   1.5879963e+00   1.2199598e-02
   1.5897120e+00   1.2502009e-02
   1.5914190e+00   1.2806049e-02
   1.5931173e+00   1.3111721e-02
   1.5948069e+00   1.3419028e-02
   1.5964877e+00   1.3727973e-02
   1.5981598e+00   1.4038559e-02
   1.5998230e+00   1.4350788e-02
   1.6014775e+00   1.4664662e-02
   1.6031232e+00   1.4980185e-02
   1.6047600e+00   1.5297360e-02
   1.6063880e+00   1.5616188e-02
   1.6080072e+00   1.5936673e-02
   1.6096174e+00   1.6258817e-02
   1.6112188e+00   1.6582622e-02
   1.6128113e+00   1.6908092e-02
   1.6143948e+00   1.7235229e-02
   1.6159694e+00   1.7564035e-02
   1.6175351e+00   1.7894513e-02
   1.6190918e+00   1.8226666e-02
   1.6206396e+00   1.8560496e-02
   1.6221783e+00   1.8896005e-02
   1.6237081e+00   1.9233197e-02
   1.6252288e+00   1.9572073e-02
   1.6267406e+00   1.9912636e-02
   1.6282433e+00   2.0254889e-02
   1.6297369e+00   2.0598834e-02
   1.6312215e+00   2.0944473e-02
   1.6326970e+00   2.1291809e-02
   1.6341634e+00   2.1640844e-02
   1.6356207e+00   2.1991580e-02
   1.6370690e+00   2.2344021e-02
   1.6385081e+00   2.2698168e-02
   1.6399380e+00   2.3054023e-02
   1.6413589e+00   2.3411590e-02
   1.6427705e+00   2.3770870e-02
   1.6441731e+00   2.4131866e-02
   1.6455664e+00   2.4494579e-02
   1.6469506e+00   2.4859013e-02
   1.6483256e+00   2.5225169e-02
   1.6496913e+00   2.5593049e-02
   1.6510479e+00   2.5962657e-02
   1.6523953e+00   2.6333994e-02
   1.6537334e+00   2.6707062e-02
   1.6550623e+00   2.7081863e-02
   1.6563819e+00   2.7458400e-02
   1.6576923e+00   2.7836675e-02
   1.6589935e+00   2.8216690e-02
   1.6602853e+00   2.8598447e-02
   1.6615679e+00   2.8981948e-02
   1.6628412e+00   2.9367196e-02
   1.6641053e+00   2.9754192e-02
   1.6653600e+00   3.0142938e-02
   1.6666054e+00   3.0533437e-02
   1.6678415e+00   3.0925690e-02
   1.6690683e+00   3.1319700e-02
   1.6702858e+00   3.1715468e-02
   1.6714939e+00   3.2112997e-02
   1.6726928e+00   3.2512289e-02
   1.6738822e+00   3.2913344e-02
   1.6750624e+00   3.3316167e-02
   1.6762331e+00   3.3720757e-02
   1.6773946e+00   3.4127118e-02
   1.6785466e+00   3.4535251e-02
   1.6796894e+00   3.4945158e-02
   1.6808227e+00   3.5356840e-02
   1.6819467e+00   3.5770301e-02
   1.6830613e+00   3.6185541e-02
   1.6841665e+00   3.6602562e-02
   1.6852623e+00   3.7021367e-02
   1.6863488e+00   3.7441956e-02
   1.6874258e+00   3.7864333e-02
   1.6884935e+00   3.8288497e-02
   1.6895518e+00   3.8714452e-02
   1.6906006e+00   3.9142199e-02
   1.6916401e+00   3.9571739e-02
   1.6926702e+00   4.0003075e-02
   1.6936909e+00   4.0436208e-02
   1.6947022e+00   4.0871139e-02
   1.6957041e+00   4.1307871e-02
   1.6966965e+00   4.1746405e-02
   1.6976796e+00   4.2186742e-02
   1.6986533e+00   4.2628884e-02
   1.6996175e+00   4.3072833e-02
   1.7005724e+00   4.3518591e-02
   1.7015178e+00   4.3966158e-02
   1.7024538e+00   4.4415536e-02
   1.7033805e+00   4.4866728e-02
   1.7042977e+00   4.5319733e-02
   1.7052055e+00   4.5774555e-02
   1.7061039e+00   4.6231193e-02
   1.7069930e+00   4.6689651e-02
   1.7078726e+00   4.7149928e-02
   1.7087428e+00   4.7612027e-02
   1.7096036e+00   4.8075949e-02
   1.7104551e+00   4.8541696e-02
   1.7112971e+00   4.9009268e-02
   1.7121298e+00   4.9478667e-02
   1.7129530e+00   4.9949895e-02
   1.7137669e+00   5.0422952e-02
   1.7145714e+00   5.0897840e-02
   1.7153665e+00   5.1374560e-02
   1.7161523e+00   5.1853114e-02
   1.7169287e+00   5.2333503e-02
   1.7176957e+00   5.2815728e-02
   1.7184534e+00   5.3299790e-02
   1.7192017e+00   5.3785690e-02
   1.7199406e+00   5.4273430e-02
   1.7206702e+00   5.4763010e-02
   1.7213905e+00   5.5254433e-02
   1.7221014e+00   5.5747698e-02
   1.7228031e+00   5.6242807e-02
   1.7234953e+00   5.6739762e-02
   1.7241783e+00   5.7238563e-02
   1.7248520e+00   5.7739211e-02
   1.7255163e+00   5.8241708e-02
   1.7261714e+00   5.8746054e-02
   1.7268171e+00   5.9252250e-02
   1.7274536e+00   5.9760298e-02
   1.7280808e+00   6.0270198e-02
   1.7286987e+00   6.0781952e-02
   1.7293074e+00   6.1295559e-02
   1.7299068e+00   6.1811022e-02
   1.7304970e+00   6.2328341e-02
   1.7310779e+00   6.2847517e-02
   1.7316497e+00   6.3368550e-02
   1.7322121e+00   6.3891442e-02
   1.7327654e+00   6.4416194e-02
   1.7333095e+00   6.4942806e-02
   1.7338444e+00   6.5471279e-02
   1.7343701e+00   6.6001614e-02
   1.7348866e+00   6.6533811e-02
   1.7353940e+00   6.7067872e-02
   1.7358922e+00   6.7603797e-02
   1.7363813e+00   6.8141587e-02
   1.7368613e+00   6.8681242e-02
   1.7373321e+00   6.9222764e-02
   1.7377938e+00   6.9766152e-02
   1.7382465e+00   7.0311408e-02
   1.7386900e+00   7.0858531e-02
   1.7391245e+00   7.1407524e-02
   1.7395499e+00   7.1958386e-02
   1.7399662e+00   7.2511117e-02
   1.7403736e+00   7.3065719e-02
   1.7407719e+00   7.3622192e-02
   1.7411612e+00   7.4180536e-02
   1.7415415e+00   7.4740752e-02
   1.7419128e+00   7.5302840e-02
   1.7422751e+00   7.5866801e-02
   1.7426285e+00   7.6432636e-02
   1.7429729e+00   7.7000344e-02
   1.7433084e+00   7.7569926e-02
   1.7436350e+00   7.8141383e-02
   1.7439527e+00   7.8714715e-02
   1.7442615e+00   7.9289922e-02
   1.7445614e+00   7.9867004e-02
   1.7448525e+00   8.0445962e-02
   1.7451347e+00   8.1026797e-02
   1.7454081e+00   8.1609508e-02
   1.7456727e+00   8.2194095e-02
   1.7459285e+00   8.2780559e-02
   1.7461756e+00   8.3368901e-02
   1.7464138e+00   8.3959120e-02
   1.7466434e+00   8.4551216e-02
   1.7468641e+00   8.5145190e-02
   1.7470762e+00   8.5741042e-02
   1.7472796e+00   8.6338772e-02
   1.7474743e+00   8.6938380e-02
   1.7476604e+00   8.7539867e-02
   1.7478378e+00   8.8143231e-02
   1.7480066e+00   8.8748474e-02
   1.7481668e+00   8.9355595e-02
   1.7483184e+00   8.9964595e-02
   1.7484614e+00   9.0575473e-02
   1.7485959e+00   9.1188229e-02
   1.7487218e+00   9.1802864e-02
   1.7488393e+00   9.2419377e-02
   1.7489482e+00   9.3037769e-02
   1.7490487e+00   9.3658038e-02
   1.7491407e+00   9.4280186e-02
   1.7492243e+00   9.4904211e-02
   1.7492995e+00   9.5530114e-02
   1.7493663e+00   9.6157895e-02
   1.7494247e+00   9.6787554e-02
   1.7494748e+00   9.7419089e-02
   1.7495165e+00   9.8052502e-02
   1.7495499e+00   9.8687791e-02
   1.7495751e+00   9.9324957e-02
   1.7495919e+00   9.9963999e-02
   1.7496006e+00   1.0060492e-01
   1.7496010e+00   1.0124771e-01
   1.7495932e+00   1.0189238e-01
   1.7495772e+00   1.0253892e-01
   1.7495531e+00   1.0318734e-01
   1.7495208e+00   1.0383764e-01
   1.7494805e+00   1.0448980e-01
   1.7494320e+00   1.0514384e-01
   1.7493755e+00   1.0579976e-01
   1.7493110e+00   1.0645754e-01
   1.7492384e+00   1.0711720e-01
   1.7491578e+00   1.0777873e-01
   1.7490693e+00   1.0844213e-01
   1.7489728e+00   1.0910740e-01
   1.7488684e+00   1.0977454e-01
   1.7487561e+00   1.1044355e-01
   1.7486360e+00   1.1111443e-01
   1.7485080e+00   1.1178718e-01
   1.7483721e+00   1.1246179e-01
   1.7482285e+00   1.1313828e-01
   1.7480771e+00   1.1381662e-01
   1.7479180e+00   1.1449684e-01
   1.7477511e+00   1.1517892e-01
   1.7475766e+00   1.1586286e-01
   1.7473944e+00   1.1654867e-01
   1.7472046e+00   1.1723634e-01
   1.7470071e+00   1.1792587e-01
   1.7468020e+00   1.1861726e-01
   1.7465894e+00   1.1931051e-01
   1.7463693e+00   1.2000563e-01
   1.7461417e+00   1.2070260e-01
   1.7459066e+00   1.2140143e-01
   1.7456640e+00   1.2210211e-01
   1.7454140e+00   1.2280465e-01
   1.7451566e+00   1.2350905e-01
   1.7448919e+00   1.2421530e-01
   1.7446198e+00   1.2492340e-01
   1.7443404e+00   1.2563336e-01
   1.7440538e+00   1.2634517e-01
   1.7437599e+00   1.2705883e-01
   1.7434587e+00   1.2777433e-01
   1.7431504e+00   1.2849169e-01
   1.7428349e+00   1.2921089e-01
   1.7425123e+00   1.2993194e-01
   1.7421826e+00   1.3065483e-01
   1.7418458e+00   1.3137957e-01
   1.7415019e+00   1.3210615e-01
   1.7411511e+00   1.3283457e-01
   1.7407933e+00   1.3356483e-01
   1.7404285e+00   1.3429693e-01
   1.7400568e+00   1.3503087e-01
   1.7396782e+00   1.3576665e-01
   1.7392927e+00   1.3650426e-01
   1.7389004e+00   1.3724370e-01
   1.7385014e+00   1.3798498e-01
   1.7380955e+00   1.3872809e-01
   1.7376830e+00   1.3947303e-01
   1.7372637e+00   1.4021980e-01
   1.7368378e+00   1.4096839e-01
   1.7364052e+00   1.4171881e-01
   1.7359660e+00   1.4247106e-01
   1.7355203e+00   1.4322513e-01
   1.7350680e+00   1.4398102e-01
   1.7346092e+00   1.4473873e-01
   1.7341439e+00   1.4549826e-01
   1.7336722e+00   1.4625961e-01
   1.7331941e+00   1.4702278e-01
   1.7327097e+00   1.4778776e-01
   1.7322189e+00   1.4855455e-01
   1.7317217e+00   1.4932315e-01
   1.7312184e+00   1.5009356e-01
   1.7307087e+00   1.5086578e-01
   1.7301929e+00   1.5163981e-01
   1.7296709e+00   1.5241564e-01
   1.7291428e+00   1.5319328e-01
   1.7286086e+00   1.5397271e-01
   1.7280683e+00   1.5475395e-01
   1.7275220e+00   1.5553698e-01
   1.7269697e+00   1.5632181e-01
   1.7264115e+00   1.5710844e-01
   1.7258473e+00   1.5789686e-01
   1.7252772e+00   1.5868707e-01
   1.7247013e+00   1.5947907e-01
   1.7241196e+00   1.6027285e-01
   1.7235321e+00   1.6106842e-01
   1.7229389e+00   1.6186578e-01
   1.7223399e+00   1.6266492e-01
   1.7217353e+00   1.6346583e-01
   1.7211251e+00   1.6426853e-01
   1.7205092e+00   1.6507300e-01
   1.7198878e+00   1.6587925e-01
   1.7192609e+00   1.6668726e-01
   1.7186285e+00   1.6749705e-01
   1.7179907e+00   1.6830861e-01
   1.7173474e+00   1.6912193e-01
   1.7166988e+00   1.6993702e-01
   1.7160448e+00   1.7075386e-01
   1.7153856e+00   1.7157247e-01
   1.7147211e+00   1.7239284e-01
   1.7140514e+00   1.7321496e-01
   1.7133765e+00   1.7403884e-01
   1.7126964e+00   1.7486447e-01
   1.7120113e+00   1.7569184e-01
   1.7113211e+00   1.7652097e-01
   1.7106258e+00   1.7735184e-01
   1.7099256e+00   1.7818445e-01
   1.7092204e+00   1.7901880e-01
   1.7085103e+00   1.7985489e-01
   1.7077954e+00   1.8069272e-01
   1.7070756e+00   1.8153228e-01
   1.7063511e+00   1.8237357e-01
   1.7056217e+00   1.8321659e-01
   1.7048877e+00   1.8406134e-01
   1.7041490e+00   1.8490781e-01
   1.7034057e+00   1.8575601e-01
   1.7026578e+00   1.8660592e-01
   1.7019053e+00   1.8745755e-01
   1.7011484e+00   1.8831090e-01
   1.7003869e+00   1.8916596e-01
   1.6996211e+00   1.9002273e-01
   1.6988508e+00   1.9088120e-01
   1.6980762e+00   1.9174138e-01
   1.6972973e+00   1.9260327e-01
   1.6965142e+00   1.9346685e-01
   1.6957268e+00   1.9433213e-01
   1.6949352e+00   1.9519910e-01
   1.6941395e+00   1.9606777e-01
   1.6933397e+00   1.9693813e-01
   1.6925359e+00   1.9781017e-01
   1.6917280e+00   1.9868390e-01
   1.6909162e+00   1.9955931e-01
   1.6901004e+00   2.0043640e-01
   1.6892807e+00   2.0131516e-01
   1.6884572e+00   2.0219560e-01
   1.6876299e+00   2.0307771e-01
   1.6867989e+00   2.0396148e-01
   1.6859641e+00   2.0484693e-01
   1.6851256e+00   2.0573403e-01
   1.6842836e+00   2.0662279e-01
   1.6834379e+00   2.0751322e-01
   1.6825887e+00   2.0840529e-01
   1.6817359e+00   2.0929902e-01
   1.6808798e+00   2.1019439e-01
   1.6800201e+00   2.1109141e-01
   1.6791572e+00   2.1199008e-01
   1.6782909e+00   2.1289038e-01
   1.6774213e+00   2.1379232e-01
   1.6765484e+00   2.1469589e-01
   1.6756724e+00   2.1560110e-01
   1.6747932e+00   2.1650793e-01
   1.6739109e+00   2.1741639e-01
   1.6730256e+00   2.1832647e-01
   1.6721372e+00   2.1923816e-01
   1.6712458e+00   2.2015148e-01
   1.6703515e+00   2.2106640e-01
   1.6694543e+00   2.2198294e-01
   1.6685543e+00   2.2290108e-01
   1.6676515e+00   2.2382083e-01
   1.6667459e+00   2.2474217e-01
   1.6658376e+00   2.2566512e-01
   1.6649266e+00   2.2658965e-01
   1.6640130e+00   2.2751578e-01
   1.6630968e+00   2.2844350e-01
   1.6621781e+00   2.2937280e-01
   1.6612570e+00   2.3030368e-01
   1.6603333e+00   2.3123614e-01
   1.6594073e+00   2.3217017e-01
   1.6584789e+00   2.3310578e-01
   1.6575482e+00   2.3404295e-01
   1.6566153e+00   2.3498169e-01
   1.6556801e+00   2.3592199e-01
   1.6547428e+00   2.3686385e-01
   1.6538034e+00   2.3780726e-01
   1.6528618e+00   2.3875222e-01
   1.6519183e+00   2.3969873e-01
   1.6509727e+00   2.4064679e-01
   1.6500253e+00   2.4159639e-01
   1.6490759e+00   2.4254752e-01
   1.6481247e+00   2.4350019e-01
   1.6471716e+00   2.4445439e-01
   1.6462169e+00   2.4541012e-01
   1.6452604e+00   2.4636737e-01
   1.6443022e+00   2.4732614e-01
   1.6433424e+00   2.4828643e-01
   1.6423811e+00   2.4924823e-01
   1.6414182e+00   2.5021155e-01
   1.6404539e+00   2.5117636e-01
   1.6394881e+00   2.5214268e-01
   1.6385210e+00   2.5311050e-01
   1.6375525e+00   2.5407982e-01
   1.6365827e+00   2.5505062e-01
   1.6356117e+00   2.5602291e-01
   1.6346395e+00   2.5699669e-01
   1.6336661e+00   2.5797195e-01
   1.6326916e+00   2.5894869e-01
   1.6317161e+00   2.5992689e-01
   1.6307396e+00   2.6090657e-01
   1.6297621e+00   2.6188771e-01
   1.6287837e+00   2.6287032e-01
   1.6278044e+00   2.6385438e-01
   1.6268243e+00   2.6483990e-01
   1.6258434e+00   2.6582687e-01
   1.6248619e+00   2.6681528e-01
   1.6238796e+00   2.6780514e-01
   1.6228967e+00   2.6879644e-01
   1.6219132e+00   2.6978917e-01
   1.6209292e+00   2.7078333e-01
   1.6199447e+00   2.7177892e-01
   1.6189598e+00   2.7277594e-01
   1.6179744e+00   2.7377437e-01
   1.6169887e+00   2.7477422e-01
   1.6160028e+00   2.7577548e-01
   1.6150165e+00   2.7677815e-01
   1.6140301e+00   2.7778222e-01
   1.6130435e+00   2.7878769e-01
   1.6120569e+00   2.7979456e-01
   1.6110701e+00   2.8080281e-01
   1.6100834e+00   2.8181246e-01
   1.6090966e+00   2.8282349e-01
   1.6081100e+00   2.8383590e-01
   1.6071235e+00   2.8484968e-01
   1.6061372e+00   2.8586484e-01
   1.6051511e+00   2.8688136e-01
   1.6041653e+00   2.8789925e-01
   1.6031798e+00   2.8891849e-01
   1.6021947e+00   2.8993909e-01
   1.6012100e+00   2.9096104e-01
   1.6002258e+00   2.9198433e-01
   1.5992421e+00   2.9300897e-01
   1.5982590e+00   2.9403495e-01
   1.5972765e+00   2.9506226e-01
   1.5962946e+00   2.9609089e-01
   1.5953134e+00   2.9712086e-01
   1.5943331e+00   2.9815214e-01
   1.5933535e+00   2.9918474e-01
   1.5923747e+00   3.0021866e-01
   1.5913969e+00   3.0125388e-01
   1.5904200e+00   3.0229041e-01
   1.5894441e+00   3.0332823e-01
   1.5884693e+00   3.0436735e-01
   1.5874956e+00   3.0540776e-01
   1.5865230e+00   3.0644946e-01
   1.5855516e+00   3.0749243e-01
   1.5845814e+00   3.0853669e-01
   1.5836125e+00   3.0958222e-01
   1.5826450e+00   3.1062902e-01
   1.5816788e+00   3.1167708e-01
   1.5807141e+00   3.1272640e-01
   1.5797509e+00   3.1377698e-01
   1.5787892e+00   3.1482880e-01
   1.5778290e+00   3.1588188e-01
   1.5768705e+00   3.1693619e-01
   1.5759137e+00   3.1799174e-01
   1.5749586e+00   3.1904853e-01
   1.5740052e+00   3.2010654e-01
   1.5730537e+00   3.2116578e-01
   1.5721040e+00   3.2222624e-01
   1.5711562e+00   3.2328791e-01
   1.5702105e+00   3.2435079e-01
   1.5692667e+00   3.2541487e-01
   1.5683250e+00   3.2648016e-01
   1.5673853e+00   3.2754664e-01
   1.5664479e+00   3.2861431e-01
   1.5655126e+00   3.2968317e-01
   1.5645796e+00   3.3075321e-01
   1.5636489e+00   3.3182443e-01
   1.5627205e+00   3.3289683e-01
   1.5617945e+00   3.3397039e-01
   1.5608710e+00   3.3504511e-01
   1.5599499e+00   3.3612099e-01
   1.5590314e+00   3.3719802e-01
   1.5581155e+00   3.3827621e-01
   1.5572022e+00   3.3935554e-01
   1.5562916e+00   3.4043600e-01
   1.5553837e+00   3.4151761e-01
   1.5544786e+00   3.4260034e-01
   1.5535763e+00   3.4368420e-01
   1.5526769e+00   3.4476917e-01
   1.5517803e+00   3.4585526e-01
   1.5508868e+00   3.4694247e-01
   1.5499963e+00   3.4803078e-01
   1.5491088e+00   3.4912019e-01
   1.5482245e+00   3.5021069e-01
   1.5473433e+00   3.5130229e-01
   1.5464653e+00   3.5239497e-01
   1.5455905e+00   3.5348873e-01
   1.5447190e+00   3.5458357e-01
   1.5438509e+00   3.5567948e-01
   1.5429862e+00   3.5677646e-01
   1.5421249e+00   3.5787450e-01
   1.5412671e+00   3.5897359e-01
   1.5404129e+00   3.6007374e-01
   1.5395622e+00   3.6117493e-01
   1.5387151e+00   3.6227717e-01
   1.5378717e+00   3.6338044e-01
   1.5370321e+00   3.6448474e-01
   1.5361962e+00   3.6559007e-01
   1.5353641e+00   3.6669642e-01
   1.5345358e+00   3.6780378e-01
   1.5337115e+00   3.6891216e-01
   1.5328911e+00   3.7002154e-01
   1.5320748e+00   3.7113193e-01
   1.5312625e+00   3.7224331e-01
   1.5304542e+00   3.7335568e-01
   1.5296501e+00   3.7446904e-01
   1.5288502e+00   3.7558337e-01
   1.5280545e+00   3.7669869e-01
   1.5272631e+00   3.7781497e-01
   1.5264760e+00   3.7893222e-01
   1.5256933e+00   3.8005042e-01
   1.5249150e+00   3.8116959e-01
   1.5241412e+00   3.8228970e-01
   1.5233718e+00   3.8341076e-01
   1.5226071e+00   3.8453275e-01
   1.5218469e+00   3.8565568e-01
   1.5210913e+00   3.8677954e-01
   1.5203405e+00   3.8790432e-01
   1.5195944e+00   3.8903002e-01
   1.5188530e+00   3.9015664e-01
   1.5181165e+00   3.9128416e-01
   1.5173849e+00   3.9241258e-01
   1.5166581e+00   3.9354190e-01
   1.5159363e+00   3.9467211e-01
   1.5152196e+00   3.9580321e-01
   1.5145079e+00   3.9693519e-01
   1.5138012e+00   3.9806805e-01
   1.5130997e+00   3.9920178e-01
   1.5124034e+00   4.0033637e-01
   1.5117124e+00   4.0147182e-01
   1.5110265e+00   4.0260813e-01
   1.5103461e+00   4.0374528e-01
   1.5096709e+00   4.0488328e-01
   1.5090012e+00   4.0602212e-01
   1.5083369e+00   4.0716179e-01
   1.5076781e+00   4.0830229e-01
   1.5070249e+00   4.0944361e-01
   1.5063772e+00   4.1058575e-01
   1.5057352e+00   4.1172870e-01
   1.5050988e+00   4.1287246e-01
   1.5044682e+00   4.1401701e-01
   1.5038433e+00   4.1516236e-01
   1.5032241e+00   4.1630850e-01
   1.5026109e+00   4.1745543e-01
   1.5020035e+00   4.1860313e-01
   1.5014020e+00   4.1975161e-01
   1.5008066e+00   4.2090086e-01
   1.5002171e+00   4.2205086e-01
   1.4996337e+00   4.2320163e-01
   1.4990564e+00   4.2435314e-01
   1.4984852e+00   4.2550540e-01
   1.4979202e+00   4.2665841e-01
   1.4973614e+00   4.2781214e-01
   1.4968089e+00   4.2896661e-01
   1.4962628e+00   4.3012180e-01
   1.4957229e+00   4.3127770e-01
   1.4951895e+00   4.3243432e-01
   1.4946625e+00   4.3359165e-01
   1.4941420e+00   4.3474968e-01
   1.4936280e+00   4.3590840e-01
   1.4931205e+00   4.3706782e-01
   1.4926197e+00   4.3822791e-01
   1.4921255e+00   4.3938869e-01
   1.4916379e+00   4.4055014e-01
   1.4911572e+00   4.4171226e-01
   1.4906831e+00   4.4287504e-01
   1.4902159e+00   4.4403848e-01
   1.4897555e+00   4.4520257e-01
   1.4893021e+00   4.4636730e-01
   1.4888555e+00   4.4753268e-01
   1.4884159e+00   4.4869868e-01
   1.4879833e+00   4.4986532e-01
   1.4875578e+00   4.5103258e-01
   1.4871394e+00   4.5220045e-01
   1.4867281e+00   4.5336894e-01
   1.4863239e+00   4.5453803e-01
   1.4859270e+00   4.5570772e-01
   1.4855373e+00   4.5687801e-01
   1.4851549e+00   4.5804888e-01
   1.4847798e+00   4.5922034e-01
   1.4844121e+00   4.6039238e-01
   1.4840518e+00   4.6156498e-01
   1.4836989e+00   4.6273815e-01
   1.4833535e+00   4.6391188e-01
   1.4830157e+00   4.6508617e-01
   1.4826854e+00   4.6626100e-01
   1.4823626e+00   4.6743638e-01
   1.4820476e+00   4.6861229e-01
   1.4817402e+00   4.6978874e-01
   1.4814405e+00   4.7096571e-01
   1.4811485e+00   4.7214320e-01
   1.4808643e+00   4.7332120e-01
   1.4805880e+00   4.7449971e-01
   1.4803195e+00   4.7567873e-01
   1.4800589e+00   4.7685824e-01
   1.4798062e+00   4.7803824e-01
   1.4795615e+00   4.7921873e-01
   1.4793249e+00   4.8039969e-01
   1.4790962e+00   4.8158113e-01
   1.4788757e+00   4.8276304e-01
   1.4786632e+00   4.8394541e-01
   1.4784589e+00   4.8512823e-01
   1.4782628e+00   4.8631150e-01
   1.4780749e+00   4.8749522e-01
   1.4778953e+00   4.8867938e-01
   1.4777240e+00   4.8986397e-01
   1.4775609e+00   4.9104898e-01
   1.4774063e+00   4.9223442e-01
   1.4772601e+00   4.9342027e-01
   1.4771223e+00   4.9460653e-01
   1.4769929e+00   4.9579320e-01
   1.4768721e+00   4.9698026e-01
   1.4767598e+00   4.9816771e-01
   1.4766561e+00   4.9935555e-01
   1.4765610e+00   5.0054377e-01
   1.4764745e+00   5.0173236e-01
   1.4763967e+00   5.0292132e-01
   1.4763276e+00   5.0411065e-01
   1.4762672e+00   5.0530033e-01
   1.4762157e+00   5.0649036e-01
   1.4761729e+00   5.0768073e-01
   1.4761390e+00   5.0887144e-01
   1.4761139e+00   5.1006249e-01
   1.4760978e+00   5.1125386e-01
   1.4760906e+00   5.1244556e-01
   1.4760923e+00   5.1363756e-01
   1.4761031e+00   5.1482988e-01
   1.4761229e+00   5.1602250e-01
   1.4761517e+00   5.1721542e-01
   1.4761897e+00   5.1840863e-01
   1.4762368e+00   5.1960213e-01
   1.4762930e+00   5.2079590e-01
   1.4763585e+00   5.2198995e-01
   1.4764331e+00   5.2318427e-01
   1.4765170e+00   5.2437885e-01
   1.4766102e+00   5.2557368e-01
   1.4767128e+00   5.2676876e-01
   1.4768246e+00   5.2796409e-01
   1.4769459e+00   5.2915966e-01
   1.4770765e+00   5.3035545e-01
   1.4772166e+00   5.3155148e-01
   1.4773661e+00   5.3274772e-01
   1.4775251e+00   5.3394418e-01
   1.4776937e+00   5.3514085e-01
   1.4778718e+00   5.3633772e-01
   1.4780595e+00   5.3753478e-01
   1.4782568e+00   5.3873204e-01
   1.4784637e+00   5.3992948e-01
   1.4786803e+00   5.4112710e-01
   1.4789066e+00   5.4232489e-01
   1.4791426e+00   5.4352285e-01
   1.4793884e+00   5.4472097e-01
   1.4796439e+00   5.4591924e-01
   1.4799092e+00   5.4711767e-01
   1.4801844e+00   5.4831623e-01
   1.4804695e+00   5.4951494e-01
   1.4807644e+00   5.5071377e-01
   1.4810692e+00   5.5191273e-01
   1.4813840e+00   5.5311181e-01
   1.4817087e+00   5.5431100e-01
   1.4820434e+00   5.5551029e-01
   1.4823881e+00   5.5670969e-01
   1.4827429e+00   5.5790919e-01
   1.4831078e+00   5.5910877e-01
   1.4834827e+00   5.6030843e-01
   1.4838678e+00   5.6150818e-01
   1.4842630e+00   5.6270799e-01
   1.4846683e+00   5.6390787e-01
   1.4850839e+00   5.6510781e-01
   1.4855097e+00   5.6630780e-01
   1.4859457e+00   5.6750784e-01
   1.4863920e+00   5.6870792e-01
   1.4868485e+00   5.6990804e-01
   1.4873154e+00   5.7110819e-01
   1.4877926e+00   5.7230836e-01
   1.4882802e+00   5.7350854e-01
   1.4887781e+00   5.7470874e-01
   1.4892865e+00   5.7590895e-01
   1.4898053e+00   5.7710915e-01
   1.4903345e+00   5.7830935e-01
   1.4908742e+00   5.7950953e-01
   1.4914244e+00   5.8070970e-01
   1.4919851e+00   5.8190984e-01
   1.4925563e+00   5.8310996e-01
   1.4931381e+00   5.8431003e-01
   1.4937305e+00   5.8551007e-01
   1.4943335e+00   5.8671006e-01
   1.4949471e+00   5.8790999e-01
   1.4955713e+00   5.8910986e-01
   1.4962062e+00   5.9030967e-01
   1.4968518e+00   5.9150940e-01
   1.4975081e+00   5.9270906e-01
   1.4981751e+00   5.9390863e-01
   1.4988528e+00   5.9510812e-01
   1.4995413e+00   5.9630750e-01
   1.5002406e+00   5.9750679e-01
   1.5009506e+00   5.9870597e-01
   1.5016715e+00   5.9990503e-01
   1.5024032e+00   6.0110398e-01
   1.5031458e+00   6.0230280e-01
   1.5038993e+00   6.0350149e-01
   1.5046636e+00   6.0470004e-01
   1.5054388e+00   6.0589845e-01
   1.5062250e+00   6.0709671e-01
   1.5070221e+00   6.0829481e-01
   1.5078302e+00   6.0949276e-01
   1.5086492e+00   6.1069053e-01
   1.5094792e+00   6.1188814e-01
   1.5103202e+00   6.1308556e-01
   1.5111723e+00   6.1428280e-01
   1.5120354e+00   6.1547985e-01
   1.5129095e+00   6.1667671e-01
   1.5137948e+00   6.1787336e-01
   1.5146911e+00   6.1906980e-01
   1.5155985e+00   6.2026603e-01
   1.5165170e+00   6.2146204e-01
   1.5174466e+00   6.2265782e-01
   1.5183874e+00   6.2385337e-01
   1.5193394e+00   6.2504869e-01
   1.5203025e+00   6.2624376e-01
   1.5212768e+00   6.2743858e-01
   1.5222623e+00   6.2863314e-01
   1.5232590e+00   6.2982745e-01
   1.5242670e+00   6.3102148e-01
   1.5252862e+00   6.3221525e-01
   1.5263166e+00   6.3340873e-01
   1.5273583e+00   6.3460193e-01
   1.5284113e+00   6.3579484e-01
   1.5294755e+00   6.3698745e-01
   1.5305511e+00   6.3817976e-01
   1.5316380e+00   6.3937177e-01
   1.5327362e+00   6.4056345e-01
   1.5338457e+00   6.4175482e-01
   1.5349666e+00   6.4294587e-01
   1.5360988e+00   6.4413658e-01
   1.5372424e+00   6.4532695e-01
   1.5383974e+00   6.4651698e-01
   1.5395637e+00   6.4770667e-01
   1.5407415e+00   6.4889599e-01
   1.5419307e+00   6.5008496e-01
   1.5431312e+00   6.5127356e-01
   1.5443432e+00   6.5246179e-01
   1.5455667e+00   6.5364964e-01
   1.5468015e+00   6.5483711e-01
   1.5480478e+00   6.5602419e-01
   1.5493056e+00   6.5721087e-01
   1.5505749e+00   6.5839715e-01
   1.5518556e+00   6.5958302e-01
   1.5531478e+00   6.6076848e-01
   1.5544515e+00   6.6195353e-01
   1.5557666e+00   6.6313815e-01
   1.5570933e+00   6.6432234e-01
   1.5584315e+00   6.6550609e-01
   1.5597812e+00   6.6668940e-01
   1.5611425e+00   6.6787227e-01
   1.5625152e+00   6.6905468e-01
   1.5638995e+00   6.7023663e-01
   1.5652953e+00   6.7141812e-01
   1.5667027e+00   6.7259914e-01
   1.5681216e+00   6.7377969e-01
   1.5695521e+00   6.7495975e-01
   1.5709941e+00   6.7613932e-01
   1.5724477e+00   6.7731841e-01
   1.5739128e+00   6.7849699e-01
   1.5753896e+00   6.7967507e-01
   1.5768779e+00   6.8085264e-01
   1.5783777e+00   6.8202970e-01
   1.5798892e+00   6.8320623e-01
   1.5814122e+00   6.8438224e-01
   1.5829469e+00   6.8555771e-01
   1.5844931e+00   6.8673265e-01
   1.5860509e+00   6.8790704e-01
   1.5876203e+00   6.8908089e-01
   1.5892013e+00   6.9025418e-01
   1.5907939e+00   6.9142690e-01
   1.5923980e+00   6.9259907e-01
   1.5940138e+00   6.9377066e-01
   1.5956412e+00   6.9494167e-01
   1.5972802e+00   6.9611210e-01
   1.5989308e+00   6.9728194e-01
   1.6005930e+00   6.9845119e-01
   1.6022667e+00   6.9961984e-01
   1.6039521e+00   7.0078788e-01
   1.6056491e+00   7.0195532e-01
   1.6073577e+00   7.0312213e-01
   1.6090779e+00   7.0428833e-01
   1.6108096e+00   7.0545389e-01
   1.6125530e+00   7.0661883e-01
   1.6143080e+00   7.0778312e-01
   1.6160745e+00   7.0894678e-01
   1.6178527e+00   7.1010978e-01
   1.6196424e+00   7.1127213e-01
   1.6214437e+00   7.1243381e-01
   1.6232566e+00   7.1359484e-01
   1.6250811e+00   7.1475519e-01
   1.6269172e+00   7.1591486e-01
   1.6287648e+00   7.1707385e-01
   1.6306240e+00   7.1823216e-01
   1.6324947e+00   7.1938977e-01
   1.6343771e+00   7.2054668e-01
   1.6362709e+00   7.2170289e-01
   1.6381764e+00   7.2285839e-01
   1.6400933e+00   7.2401317e-01
   1.6420218e+00   7.2516724e-01
   1.6439619e+00   7.2632058e-01
   1.6459135e+00   7.2747319e-01
   1.6478766e+00   7.2862506e-01
   1.6498512e+00   7.2977619e-01
   1.6518373e+00   7.3092657e-01
   1.6538350e+00   7.3207620e-01
   1.6558441e+00   7.3322508e-01
   1.6578647e+00   7.3437319e-01
   1.6598968e+00   7.3552053e-01
   1.6619404e+00   7.3666710e-01
   1.6639955e+00   7.3781289e-01
   1.6660620e+00   7.3895790e-01
   1.6681400e+00   7.4010211e-01
   1.6702294e+00   7.4124554e-01
   1.6723303e+00   7.4238816e-01
   1.6744425e+00   7.4352997e-01
   1.6765662e+00   7.4467098e-01
   1.6787013e+00   7.4581117e-01
   1.6808479e+00   7.4695054e-01
   1.6830057e+00   7.4808909e-01
   1.6851750e+00   7.4922680e-01
   1.6873557e+00   7.5036367e-01
   1.6895477e+00   7.5149971e-01
   1.6917510e+00   7.5263489e-01
   1.6939657e+00   7.5376923e-01
   1.6961918e+00   7.5490271e-01
   1.6984291e+00   7.5603532e-01
   1.7006777e+00   7.5716707e-01
   1.7029377e+00   7.5829795e-01
   1.7052089e+00   7.5942795e-01
   1.7074914e+00   7.6055706e-01
   1.7097851e+00   7.6168529e-01
   1.7120901e+00   7.6281262e-01
   1.7144063e+00   7.6393906e-01
   1.7167337e+00   7.6506459e-01
   1.7190723e+00   7.6618922e-01
   1.7214221e+00   7.6731293e-01
   1.7237831e+00   7.6843572e-01
   1.7261553e+00   7.6955759e-01
   1.7285386e+00   7.7067853e-01
   1.7309330e+00   7.7179854e-01
   1.7333386e+00   7.7291761e-01
   1.7357552e+00   7.7403574e-01
   1.7381830e+00   7.7515292e-01
   1.7406218e+00   7.7626914e-01
   1.7430717e+00   7.7738441e-01
   1.7455326e+00   7.7849871e-01
   1.7480045e+00   7.7961205e-01
   1.7504875e+00   7.8072441e-01
   1.7529814e+00   7.8183579e-01
   1.7554863e+00   7.8294620e-01
   1.7580022e+00   7.8405561e-01
   1.7605290e+00   7.8516403e-01
   1.7630668e+00   7.8627146e-01
   1.7656154e+00   7.8737788e-01
   1.7681750e+00   7.8848329e-01
   1.7707454e+00   7.8958770e-01
   1.7733266e+00   7.9069108e-01
   1.7759187e+00   7.9179345e-01
   1.7785216e+00   7.9289479e-01
   1.7811353e+00   7.9399510e-01
   1.7837598e+00   7.9509437e-01
   1.7863951e+00   7.9619260e-01
   1.7890410e+00   7.9728979e-01
   1.7916977e+00   7.9838592e-01
   1.7943651e+00   7.9948100e-01
   1.7970432e+00   8.0057502e-01
   1.7997319e+00   8.0166798e-01
   1.8024313e+00   8.0275987e-01
   1.8051413e+00   8.0385068e-01
   1.8078619e+00   8.0494042e-01
   1.8105930e+00   8.0602907e-01
   1.8133347e+00   8.0711664e-01
   1.8160870e+00   8.0820311e-01
   1.8188497e+00   8.0928849e-01
   1.8216229e+00   8.1037277e-01
   1.8244066e+00   8.1145594e-01
   1.8272008e+00   8.1253800e-01
   1.8300053e+00   8.1361894e-01
   1.8328203e+00   8.1469877e-01
   1.8356456e+00   8.1577747e-01
   1.8384813e+00   8.1685504e-01
   1.8413273e+00   8.1793148e-01
   1.8441836e+00   8.1900678e-01
   1.8470502e+00   8.2008094e-01
   1.8499270e+00   8.2115395e-01
   1.8528140e+00   8.2222581e-01
   1.8557113e+00   8.2329652e-01
   1.8586188e+00   8.2436606e-01
   1.8615363e+00   8.2543444e-01
   1.8644641e+00   8.2650165e-01
   1.8674019e+00   8.2756769e-01
   1.8703498e+00   8.2863255e-01
   1.8733078e+00   8.2969623e-01
   1.8762757e+00   8.3075873e-01
   1.8792537e+00   8.3182003e-01
   1.8822417e+00   8.3288014e-01
   1.8852396e+00   8.3393904e-01
   1.8882474e+00   8.3499675e-01
   1.8912651e+00   8.3605324e-01
   1.8942927e+00   8.3710853e-01
   1.8973301e+00   8.3816259e-01
   1.9003773e+00   8.3921544e-01
   1.9034343e+00   8.4026706e-01
   1.9065011e+00   8.4131746e-01
   1.9095776e+00   8.4236662e-01
   1.9126638e+00   8.4341454e-01
   1.9157596e+00   8.4446122e-01
   1.9188651e+00   8.4550665e-01
   1.9219802e+00   8.4655083e-01
   1.9251049e+00   8.4759376e-01
   1.9282391e+00   8.4863544e-01
   1.9313829e+00   8.4967584e-01
   1.9345361e+00   8.5071499e-01
   1.9376988e+00   8.5175286e-01
   1.9408709e+00   8.5278946e-01
   1.9440525e+00   8.5382477e-01
   1.9472434e+00   8.5485881e-01
   1.9504436e+00   8.5589156e-01
   1.9536532e+00   8.5692301e-01
   1.9568720e+00   8.5795318e-01
   1.9601001e+00   8.5898204e-01
   1.9633374e+00   8.6000960e-01
   1.9665839e+00   8.6103586e-01
   1.9698395e+00   8.6206080e-01
   1.9731042e+00   8.6308443e-01
   1.9763781e+00   8.6410674e-01
   1.9796610e+00   8.6512773e-01
   1.9829529e+00   8.6614739e-01
   1.9862537e+00   8.6716572e-01
   1.9895636e+00   8.6818272e-01
   1.9928824e+00   8.6919838e-01
   1.9962100e+00   8.7021270e-01
   1.9995465e+00   8.7122567e-01
   2.0028919e+00   8.7223729e-01
   2.0062460e+00   8.7324756e-01
   2.0096089e+00   8.7425648e-01
   2.0129805e+00   8.7526403e-01
   2.0163607e+00   8.7627022e-01
   2.0197497e+00   8.7727504e-01
   2.0231472e+00   8.7827849e-01
   2.0265533e+00   8.7928056e-01
   2.0299680e+00   8.8028125e-01
   2.0333912e+00   8.8128057e-01
   2.0368228e+00   8.8227849e-01
   2.0402629e+00   8.8327503e-01
   2.0437114e+00   8.8427017e-01
   2.0471682e+00   8.8526391e-01
   2.0506334e+00   8.8625625e-01
   2.0541069e+00   8.8724719e-01
   2.0575886e+00   8.8823672e-01
   2.0610786e+00   8.8922484e-01
   2.0645767e+00   8.9021155e-01
   2.0680830e+00   8.9119683e-01
   2.0715974e+00   8.9218070e-01
   2.0751199e+00   8.9316313e-01
   2.0786504e+00   8.9414414e-01
   2.0821889e+00   8.9512372e-01
   2.0857353e+00   8.9610186e-01
   2.0892897e+00   8.9707856e-01
   2.0928520e+00   8.9805382e-01
   2.0964221e+00   8.9902764e-01
   2.1000000e+00   9.0000000e-01
   2.1035857e+00   9.0097091e-01
   2.1071791e+00   9.0194037e-01
   2.1107802e+00   9.0290836e-01
   2.1143889e+00   9.0387490e-01
   2.1180053e+00   9.0483996e-01
   2.1216292e+00   9.0580356e-01
   2.1252607e+00   9.0676569e-01
   2.1288997e+00   9.0772634e-01
   2.1325461e+00   9.0868551e-01
   2.1361999e+00   9.0964320e-01
   2.1398611e+00   9.1059940e-01
   2.1435296e+00   9.1155411e-01
   2.1472055e+00   9.1250734e-01
   2.1508886e+00   9.1345907e-01
   2.1545788e+00   9.1440930e-01
   2.1582763e+00   9.1535803e-01
   2.1619809e+00   9.1630525e-01
   2.1656926e+00   9.1725097e-01
   2.1694113e+00   9.1819518e-01
   2.1731370e+00   9.1913787e-01
   2.1768697e+00   9.2007905e-01
   2.1806093e+00   9.2101871e-01
   2.1843558e+00   9.2195685e-01
   2.1881092e+00   9.2289346e-01
   2.1918693e+00   9.2382854e-01
   2.1956362e+00   9.2476209e-01
   2.1994098e+00   9.2569411e-01
   2.2031900e+00   9.2662459e-01
   2.2069769e+00   9.2755353e-01
   2.2107704e+00   9.2848093e-01
   2.2145704e+00   9.2940678e-01
   2.2183770e+00   9.3033109e-01
   2.2221899e+00   9.3125384e-01
   2.2260093e+00   9.3217504e-01
   2.2298351e+00   9.3309468e-01
   2.2336671e+00   9.3401276e-01
   2.2375055e+00   9.3492928e-01
   2.2413501e+00   9.3584424e-01
   2.2452009e+00   9.3675762e-01
   2.2490578e+00   9.3766944e-01
   2.2529209e+00   9.3857968e-01
   2.2567900e+00   9.3948835e-01
   2.2606651e+00   9.4039543e-01
   2.2645462e+00   9.4130094e-01
   2.2684332e+00   9.4220486e-01
   2.2723261e+00   9.4310720e-01
   2.2762248e+00   9.4400795e-01
   2.2801294e+00   9.4490710e-01
   2.2840397e+00   9.4580466e-01
   2.2879556e+00   9.4670062e-01
   2.2918773e+00   9.4759499e-01
   2.2958045e+00   9.4848775e-01
   2.2997374e+00   9.4937891e-01
   2.3036757e+00   9.5026846e-01
   2.3076195e+00   9.5115640e-01
   2.3115688e+00   9.5204273e-01
   2.3155234e+00   9.5292745e-01
   2.3194834e+00   9.5381055e-01
   2.3234487e+00   9.5469203e-01
   2.3274192e+00   9.5557189e-01
   2.3313949e+00   9.5645013e-01
   2.3353757e+00   9.5732674e-01
   2.3393617e+00   9.5820172e-01
   2.3433527e+00   9.5907507e-01
   2.3473488e+00   9.5994679e-01
   2.3513498e+00   9.6081687e-01
   2.3553557e+00   9.6168532e-01
   2.3593665e+00   9.6255212e-01
   2.3633821e+00   9.6341729e-01
   2.3674025e+00   9.6428081e-01
   2.3714276e+00   9.6514268e-01
   2.3754575e+00   9.6600291e-01
   2.3794919e+00   9.6686149e-01
   2.3835310e+00   9.6771841e-01
   2.3875745e+00   9.6857368e-01
   2.3916226e+00   9.6942729e-01
   2.3956751e+00   9.7027924e-01
   2.3997320e+00   9.7112953e-01
   2.4037933e+00   9.7197816e-01
   2.4078589e+00   9.7282513e-01
   2.4119287e+00   9.7367042e-01
   2.4160027e+00   9.7451405e-01
   2.4200809e+00   9.7535601e-01
   2.4241632e+00   9.7619629e-01
   2.4282496e+00   9.7703490e-01
   2.4323400e+00   9.7787183e-01
   2.4364343e+00   9.7870709e-01
   2.4405325e+00   9.7954066e-01
   2.4446346e+00   9.8037255e-01
   2.4487406e+00   9.8120276e-01
   2.4528503e+00   9.8203128e-01
   2.4569637e+00   9.8285812e-01
   2.4610808e+00   9.8368326e-01
   2.4652015e+00   9.8450671e-01
   2.4693258e+00   9.8532847e-01
   2.4734536e+00   9.8614853e-01
   2.4775849e+00   9.8696690e-01
   2.4817196e+00   9.8778357e-01
   2.4858577e+00   9.8859854e-01
   2.4899991e+00   9.8941181e-01
   2.4941438e+00   9.9022337e-01
   2.4982917e+00   9.9103323e-01
   2.5024428e+00   9.9184139e-01
   2.5065971e+00   9.9264783e-01
   2.5107544e+00   9.9345257e-01
   2.5149147e+00   9.9425559e-01
   2.5190780e+00   9.9505690e-01
   2.5232443e+00   9.9585650e-01
   2.5274134e+00   9.9665438e-01
   2.5315854e+00   9.9745055e-01
   2.5357601e+00   9.9824499e-01
   2.5399376e+00   9.9903772e-01
   2.5441178e+00   9.9982872e-01
   2.5483005e+00   1.0006180e+00
   2.5524859e+00   1.0014056e+00
   2.5566738e+00   1.0021914e+00
   2.5608642e+00   1.0029755e+00
   2.5650570e+00   1.0037579e+00
   2.5692522e+00   1.0045385e+00
   2.5734497e+00   1.0053174e+00
   2.5776495e+00   1.0060946e+00
   2.5818515e+00   1.0068700e+00
   2.5860557e+00   1.0076438e+00
   2.5902621e+00   1.0084157e+00
   2.5944705e+00   1.0091860e+00
   2.5986809e+00   1.0099545e+00
   2.6028933e+00   1.0107212e+00
   2.6071077e+00   1.0114863e+00
   2.6113239e+00   1.0122495e+00
   2.6155419e+00   1.0130111e+00
   2.6197618e+00   1.0137709e+00
   2.6239833e+00   1.0145289e+00
   2.6282065e+00   1.0152852e+00
   2.6324314e+00   1.0160398e+00
   2.6366578e+00   1.0167926e+00
   2.6408857e+00   1.0175436e+00
   2.6451151e+00   1.0182929e+00
   2.6493460e+00   1.0190405e+00
   2.6535782e+00   1.0197863e+00
   2.6578117e+00   1.0205303e+00
   2.6620465e+00   1.0212726e+00
   2.6662825e+00   1.0220131e+00
   2.6705196e+00   1.0227519e+00
   2.6747579e+00   1.0234889e+00
   2.6789973e+00   1.0242242e+00
   2.6832377e+00   1.0249577e+00
   2.6874790e+00   1.0256894e+00
   2.6917212e+00   1.0264194e+00
   2.6959644e+00   1.0271476e+00
   2.7002083e+00   1.0278741e+00
   2.7044530e+00   1.0285988e+00
   2.7086984e+00   1.0293217e+00
   2.7129444e+00   1.0300429e+00
   2.7171911e+00   1.0307623e+00
   2.7214383e+00   1.0314799e+00
   2.7256861e+00   1.0321958e+00
   2.7299342e+00   1.0329099e+00
   2.7341828e+00   1.0336223e+00
   2.7384318e+00   1.0343328e+00
   2.7426811e+00   1.0350416e+00
   2.7469306e+00   1.0357487e+00
   2.7511803e+00   1.0364539e+00
   2.7554302e+00   1.0371574e+00
   2.7596801e+00   1.0378592e+00
   2.7639302e+00   1.0385591e+00
   2.7681802e+00   1.0392573e+00
   2.7724302e+00   1.0399537e+00
   2.7766800e+00   1.0406483e+00
   2.7809298e+00   1.0413412e+00
   2.7851793e+00   1.0420323e+00
   2.7894286e+00   1.0427216e+00
   2.7936775e+00   1.0434091e+00
   2.7979262e+00   1.0440949e+00
   2.8021744e+00   1.0447789e+00
   2.8064222e+00   1.0454611e+00
   2.8106694e+00   1.0461415e+00
   2.8149161e+00   1.0468202e+00
   2.8191623e+00   1.0474971e+00
   2.8234077e+00   1.0481722e+00
   2.8276525e+00   1.0488455e+00
   2.8318965e+00   1.0495171e+00
   2.8361397e+00   1.0501869e+00
   2.8403820e+00   1.0508549e+00
   2.8446234e+00   1.0515211e+00
   2.8488639e+00   1.0521855e+00
   2.8531034e+00   1.0528482e+00
   2.8573418e+00   1.0535091e+00
   2.8615792e+00   1.0541682e+00
   2.8658153e+00   1.0548256e+00
   2.8700503e+00   1.0554811e+00
   2.8742840e+00   1.0561349e+00
   2.8785164e+00   1.0567869e+00
   2.8827475e+00   1.0574371e+00
   2.8869772e+00   1.0580856e+00
   2.8912054e+00   1.0587322e+00
   2.8954321e+00   1.0593771e+00
   2.8996572e+00   1.0600202e+00
   2.9038808e+00   1.0606616e+00
   2.9081027e+00   1.0613011e+00
   2.9123229e+00   1.0619389e+00
   2.9165414e+00   1.0625749e+00
   2.9207581e+00   1.0632091e+00
   2.9249729e+00   1.0638416e+00
   2.9291858e+00   1.0644723e+00
   2.9333968e+00   1.0651012e+00
   2.9376058e+00   1.0657283e+00
   2.9418128e+00   1.0663536e+00
   2.9460177e+00   1.0669772e+00
   2.9502204e+00   1.0675990e+00
   2.9544209e+00   1.0682190e+00
   2.9586193e+00   1.0688372e+00
   2.9628153e+00   1.0694537e+00
   2.9670090e+00   1.0700684e+00
   2.9712003e+00   1.0706813e+00
   2.9753892e+00   1.0712924e+00
   2.9795756e+00   1.0719018e+00
   2.9837595e+00   1.0725094e+00
   2.9879408e+00   1.0731152e+00
   2.9921196e+00   1.0737193e+00
   2.9962956e+00   1.0743216e+00
   3.0004689e+00   1.0749221e+00
   3.0046395e+00   1.0755208e+00
   3.0088072e+00   1.0761178e+00
   3.0129721e+00   1.0767130e+00
   3.0171341e+00   1.0773064e+00
   3.0212931e+00   1.0778981e+00
   3.0254492e+00   1.0784880e+00
   3.0296022e+00   1.0790761e+00
   3.0337521e+00   1.0796625e+00
   3.0378988e+00   1.0802471e+00
   3.0420424e+00   1.0808299e+00
   3.0461827e+00   1.0814110e+00
   3.0503198e+00   1.0819903e+00
   3.0544535e+00   1.0825678e+00
   3.0585839e+00   1.0831436e+00
   3.0627108e+00   1.0837176e+00
   3.0668343e+00   1.0842898e+00
   3.0709542e+00   1.0848603e+00
   3.0750706e+00   1.0854291e+00
   3.0791834e+00   1.0859961e+00
   3.0832926e+00   1.0865613e+00
   3.0873981e+00   1.0871247e+00
   3.0914998e+00   1.0876864e+00
   3.0955977e+00   1.0882464e+00
   3.0996918e+00   1.0888046e+00
   3.1037820e+00   1.0893610e+00
   3.1078683e+00   1.0899157e+00
   3.1119506e+00   1.0904687e+00
   3.1160290e+00   1.0910198e+00
   3.1201032e+00   1.0915693e+00
   3.1241734e+00   1.0921170e+00
   3.1282394e+00   1.0926629e+00
   3.1323012e+00   1.0932071e+00
   3.1363588e+00   1.0937496e+00
   3.1404121e+00   1.0942903e+00
   3.1444611e+00   1.0948292e+00
   3.1485057e+00   1.0953665e+00
   3.1525459e+00   1.0959019e+00
   3.1565817e+00   1.0964357e+00
   3.1606129e+00   1.0969677e+00
   3.1646396e+00   1.0974979e+00
   3.1686618e+00   1.0980265e+00
   3.1726793e+00   1.0985533e+00
   3.1766921e+00   1.0990783e+00
   3.1807002e+00   1.0996016e+00
   3.1847036e+00   1.1001232e+00
   3.1887021e+00   1.1006431e+00
   3.1926958e+00   1.1011612e+00
   3.1966847e+00   1.1016776e+00
   3.2006686e+00   1.1021923e+00
   3.2046475e+00   1.1027053e+00
   3.2086214e+00   1.1032165e+00
   3.2125903e+00   1.1037260e+00
   3.2165541e+00   1.1042338e+00
   3.2205127e+00   1.1047398e+00
   3.2244662e+00   1.1052442e+00
   3.2284144e+00   1.1057468e+00
   3.2323574e+00   1.1062477e+00
   3.2362950e+00   1.1067469e+00
   3.2402274e+00   1.1072444e+00
   3.2441543e+00   1.1077402e+00
   3.2480758e+00   1.1082343e+00
   3.2519919e+00   1.1087266e+00
   3.2559025e+00   1.1092173e+00
   3.2598075e+00   1.1097062e+00
   3.2637069e+00   1.1101934e+00
   3.2676007e+00   1.1106790e+00
   3.2714888e+00   1.1111628e+00
   3.2753713e+00   1.1116449e+00
   3.2792479e+00   1.1121254e+00
   3.2831189e+00   1.1126041e+00
   3.2869839e+00   1.1130812e+00
   3.2908432e+00   1.1135565e+00
   3.2946965e+00   1.1140302e+00
   3.2985439e+00   1.1145022e+00
   3.3023853e+00   1.1149725e+00
   3.3062207e+00   1.1154411e+00
   3.3100500e+00   1.1159080e+00
   3.3138732e+00   1.1163732e+00
   3.3176904e+00   1.1168368e+00
   3.3215013e+00   1.1172987e+00
   3.3253061e+00   1.1177589e+00
   3.3291046e+00   1.1182174e+00
   3.3328968e+00   1.1186742e+00
   3.3366827e+00   1.1191294e+00
   3.3404623e+00   1.1195829e+00
   3.3442354e+00   1.1200348e+00
   3.3480022e+00   1.1204849e+00
   3.3517624e+00   1.1209334e+00
   3.3555162e+00   1.1213803e+00
   3.3592635e+00   1.1218255e+00
   3.3630041e+00   1.1222690e+00
   3.3667382e+00   1.1227109e+00
   3.3704656e+00   1.1231511e+00
   3.3741864e+00   1.1235897e+00
   3.3779004e+00   1.1240266e+00
   3.3816077e+00   1.1244619e+00
   3.3853082e+00   1.1248955e+00
   3.3890019e+00   1.1253275e+00
   3.3926888e+00   1.1257578e+00
   3.3963688e+00   1.1261865e+00
   3.4000418e+00   1.1266135e+00
   3.4037079e+00   1.1270389e+00
   3.4073670e+00   1.1274627e+00
   3.4110191e+00   1.1278849e+00
   3.4146641e+00   1.1283054e+00
   3.4183020e+00   1.1287243e+00
   3.4219329e+00   1.1291416e+00
   3.4255565e+00   1.1295572e+00
   3.4291730e+00   1.1299712e+00
   3.4327823e+00   1.1303836e+00
   3.4363843e+00   1.1307944e+00
   3.4399791e+00   1.1312036e+00
   3.4435665e+00   1.1316111e+00
   3.4471466e+00   1.1320171e+00
   3.4507193e+00   1.1324214e+00
   3.4542846e+00   1.1328242e+00
   3.4578425e+00   1.1332253e+00
   3.4613929e+00   1.1336248e+00
   3.4649357e+00   1.1340228e+00
   3.4684711e+00   1.1344191e+00
   3.4719989e+00   1.1348138e+00
   3.4755191e+00   1.1352070e+00
   3.4790317e+00   1.1355985e+00
   3.4825366e+00   1.1359885e+00
   3.4860339e+00   1.1363769e+00
   3.4895235e+00   1.1367637e+00
   3.4930053e+00   1.1371489e+00
   3.4964793e+00   1.1375326e+00
   3.4999456e+00   1.1379147e+00
   3.5034040e+00   1.1382952e+00
   3.5068545e+00   1.1386741e+00
   3.5102972e+00   1.1390514e+00
   3.5137320e+00   1.1394272e+00
   3.5171589e+00   1.1398015e+00
   3.5205777e+00   1.1401741e+00
   3.5239886e+00   1.1405453e+00
   3.5273915e+00   1.1409148e+00
   3.5307863e+00   1.1412828e+00
   3.5341731e+00   1.1416493e+00
   3.5375517e+00   1.1420142e+00
   3.5409222e+00   1.1423776e+00
   3.5442846e+00   1.1427394e+00
   3.5476388e+00   1.1430997e+00
   3.5509848e+00   1.1434584e+00
   3.5543226e+00   1.1438156e+00
   3.5576521e+00   1.1441713e+00
   3.5609733e+00   1.1445255e+00
   3.5642863e+00   1.1448781e+00
   3.5675909e+00   1.1452292e+00
   3.5708871e+00   1.1455788e+00
   3.5741750e+00   1.1459268e+00
   3.5774545e+00   1.1462734e+00
   3.5807255e+00   1.1466184e+00
   3.5839881e+00   1.1469619e+00
   3.5872423e+00   1.1473039e+00
   3.5904879e+00   1.1476445e+00
   3.5937250e+00   1.1479835e+00
   3.5969536e+00   1.1483210e+00
   3.6001736e+00   1.1486570e+00
   3.6033850e+00   1.1489915e+00
   3.6065879e+00   1.1493245e+00
   3.6097821e+00   1.1496561e+00
   3.6129676e+00   1.1499861e+00
   3.6161445e+00   1.1503147e+00
   3.6193127e+00   1.1506418e+00
   3.6224722e+00   1.1509674e+00
   3.6256229e+00   1.1512916e+00
   3.6287649e+00   1.1516142e+00
   3.6318981e+00   1.1519354e+00
   3.6350225e+00   1.1522552e+00
   3.6381381e+00   1.1525734e+00
   3.6412448e+00   1.1528903e+00
   3.6443428e+00   1.1532056e+00
   3.6474318e+00   1.1535195e+00
   3.6505119e+00   1.1538320e+00
   3.6535832e+00   1.1541430e+00
   3.6566455e+00   1.1544526e+00
   3.6596988e+00   1.1547607e+00
   3.6627432e+00   1.1550674e+00
   3.6657786e+00   1.1553726e+00
   3.6688050e+00   1.1556765e+00
   3.6718224e+00   1.1559788e+00
   3.6748307e+00   1.1562798e+00
   3.6778300e+00   1.1565794e+00
   3.6808202e+00   1.1568775e+00
   3.6838014e+00   1.1571742e+00
   3.6867734e+00   1.1574695e+00
   3.6897363e+00   1.1577633e+00
   3.6926901e+00   1.1580558e+00
   3.6956347e+00   1.1583469e+00
   3.6985702e+00   1.1586366e+00
   3.7014964e+00   1.1589248e+00
   3.7044135e+00   1.1592117e+00
   3.7073214e+00   1.1594972e+00
   3.7102200e+00   1.1597813e+00
   3.7131094e+00   1.1600640e+00
   3.7159896e+00   1.1603453e+00
   3.7188605e+00   1.1606252e+00
   3.7217221e+00   1.1609038e+00
   3.7245744e+00   1.1611810e+00
   3.7274174e+00   1.1614568e+00
   3.7302511e+00   1.1617313e+00
   3.7330754e+00   1.1620044e+00
   3.7358904e+00   1.1622761e+00
   3.7386960e+00   1.1625465e+00
   3.7414923e+00   1.1628155e+00
   3.7442792e+00   1.1630831e+00
   3.7470567e+00   1.1633495e+00
   3.7498248e+00   1.1636144e+00
   3.7525835e+00   1.1638781e+00
   3.7553327e+00   1.1641404e+00
   3.7580725e+00   1.1644014e+00
   3.7608029e+00   1.1646610e+00
   3.7635238e+00   1.1649193e+00
   3.7662353e+00   1.1651763e+00
   3.7689372e+00   1.1654319e+00
   3.7716297e+00   1.1656863e+00
   3.7743127e+00   1.1659393e+00
   3.7769862e+00   1.1661910e+00
   3.7796501e+00   1.1664414e+00
   3.7823046e+00   1.1666906e+00
   3.7849495e+00   1.1669384e+00
   3.7875848e+00   1.1671849e+00
   3.7902107e+00   1.1674301e+00
   3.7928269e+00   1.1676740e+00
   3.7954336e+00   1.1679166e+00
   3.7980308e+00   1.1681580e+00
   3.8006183e+00   1.1683981e+00
   3.8031963e+00   1.1686369e+00
   3.8057647e+00   1.1688744e+00
   3.8083235e+00   1.1691106e+00
   3.8108727e+00   1.1693456e+00
   3.8134123e+00   1.1695793e+00
   3.8159422e+00   1.1698118e+00
   3.8184626e+00   1.1700430e+00
   3.8209733e+00   1.1702730e+00
   3.8234744e+00   1.1705017e+00
   3.8259659e+00   1.1707291e+00
   3.8284477e+00   1.1709553e+00
   3.8309199e+00   1.1711803e+00
   3.8333824e+00   1.1714040e+00
   3.8358353e+00   1.1716266e+00
   3.8382786e+00   1.1718478e+00
   3.8407121e+00   1.1720679e+00
   3.8431361e+00   1.1722867e+00
   3.8455503e+00   1.1725043e+00
   3.8479549e+00   1.1727207e+00
   3.8503499e+00   1.1729359e+00
   3.8527351e+00   1.1731499e+00
   3.8551107e+00   1.1733627e+00
   3.8574766e+00   1.1735742e+00
   3.8598329e+00   1.1737846e+00
   3.8621794e+00   1.1739938e+00
   3.8645163e+00   1.1742018e+00
   3.8668435e+00   1.1744086e+00
   3.8691611e+00   1.1746142e+00
   3.8714689e+00   1.1748187e+00
   3.8737671e+00   1.1750220e+00
   3.8760556e+00   1.1752241e+00
   3.8783344e+00   1.1754250e+00
   3.8806035e+00   1.1756248e+00
   3.8828630e+00   1.1758234e+00
   3.8851128e+00   1.1760208e+00
   3.8873529e+00   1.1762171e+00
   3.8895833e+00   1.1764123e+00
   3.8918041e+00   1.1766063e+00
   3.8940152e+00   1.1767991e+00
   3.8962166e+00   1.1769909e+00
   3.8984084e+00   1.1771814e+00
   3.9005905e+00   1.1773709e+00
   3.9027630e+00   1.1775592e+00
   3.9049257e+00   1.1777464e+00
   3.9070789e+00   1.1779325e+00
   3.9092224e+00   1.1781174e+00
   3.9113562e+00   1.1783013e+00
   3.9134804e+00   1.1784840e+00
   3.9155949e+00   1.1786656e+00
   3.9176999e+00   1.1788462e+00
   3.9197952e+00   1.1790256e+00
   3.9218808e+00   1.1792039e+00
   3.9239569e+00   1.1793812e+00
   3.9260233e+00   1.1795573e+00
   3.9280801e+00   1.1797324e+00
   3.9301273e+00   1.1799064e+00
   3.9321650e+00   1.1800793e+00
   3.9341930e+00   1.1802511e+00
   3.9362114e+00   1.1804219e+00
   3.9382203e+00   1.1805916e+00
   3.9402196e+00   1.1807602e+00
   3.9422093e+00   1.1809278e+00
   3.9441895e+00   1.1810943e+00
   3.9461601e+00   1.1812598e+00
   3.9481212e+00   1.1814242e+00
   3.9500727e+00   1.1815876e+00
   3.9520147e+00   1.1817500e+00
   3.9539472e+00   1.1819113e+00
   3.9558702e+00   1.1820715e+00
   3.9577837e+00   1.1822308e+00
   3.9596876e+00   1.1823890e+00
   3.9615821e+00   1.1825462e+00
   3.9634672e+00   1.1827024e+00
   3.9653427e+00   1.1828576e+00
   3.9672088e+00   1.1830117e+00
   3.9690655e+00   1.1831649e+00
   3.9709127e+00   1.1833170e+00
   3.9727505e+00   1.1834682e+00
   3.9745788e+00   1.1836183e+00
   3.9763978e+00   1.1837675e+00
   3.9782074e+00   1.1839157e+00
   3.9800076e+00   1.1840629e+00
   3.9817984e+00   1.1842091e+00
   3.9835799e+00   1.1843543e+00
   3.9853520e+00   1.1844986e+00
   3.9871147e+00   1.1846419e+00
   3.9888682e+00   1.1847842e+00
   3.9906123e+00   1.1849256e+00
   3.9923472e+00   1.1850660e+00
   3.9940727e+00   1.1852054e+00
   3.9957890e+00   1.1853439e+00
   3.9974960e+00   1.1854815e+00
   3.9991938e+00   1.1856181e+00
   4.0008823e+00   1.1857538e+00
   4.0025616e+00   1.1858885e+00
   4.0042317e+00   1.1860223e+00
   4.0058926e+00   1.1861552e+00
   4.0075443e+00   1.1862872e+00
   4.0091869e+00   1.1864182e+00
   4.0108203e+00   1.1865483e+00
   4.0124446e+00   1.1866776e+00
   4.0140598e+00   1.1868059e+00
   4.0156658e+00   1.1869333e+00
   4.0172628e+00   1.1870597e+00
   4.0188507e+00   1.1871853e+00
   4.0204295e+00   1.1873101e+00
   4.0219993e+00   1.1874339e+00
   4.0235601e+00   1.1875568e+00
   4.0251118e+00   1.1876788e+00
   4.0266546e+00   1.1878000e+00
   4.0281884e+00   1.1879203e+00
   4.0297132e+00   1.1880397e+00
   4.0312291e+00   1.1881583e+00
   4.0327361e+00   1.1882760e+00
   4.0342341e+00   1.1883928e+00
   4.0357233e+00   1.1885088e+00
   4.0372036e+00   1.1886239e+00
   4.0386750e+00   1.1887382e+00
   4.0401376e+00   1.1888516e+00
   4.0415914e+00   1.1889642e+00
   4.0430363e+00   1.1890759e+00
   4.0444725e+00   1.1891868e+00
   4.0459000e+00   1.1892969e+00
   4.0473186e+00   1.1894062e+00
   4.0487286e+00   1.1895146e+00
   4.0501299e+00   1.1896222e+00
   4.0515224e+00   1.1897290e+00
   4.0529063e+00   1.1898350e+00
   4.0542816e+00   1.1899402e+00
   4.0556482e+00   1.1900446e+00
   4.0570063e+00   1.1901481e+00
   4.0583557e+00   1.1902509e+00
   4.0596966e+00   1.1903529e+00
   4.0610289e+00   1.1904541e+00
   4.0623527e+00   1.1905545e+00
   4.0636680e+00   1.1906541e+00
   4.0649748e+00   1.1907530e+00
   4.0662732e+00   1.1908511e+00
   4.0675631e+00   1.1909484e+00
   4.0688446e+00   1.1910449e+00
   4.0701177e+00   1.1911407e+00
   4.0713824e+00   1.1912357e+00
   4.0726388e+00   1.1913300e+00
   4.0738869e+00   1.1914235e+00
   4.0751266e+00   1.1915163e+00
   4.0763581e+00   1.1916083e+00
   4.0775812e+00   1.1916996e+00
   4.0787962e+00   1.1917901e+00
   4.0800029e+00   1.1918799e+00
   4.0812015e+00   1.1919690e+00
   4.0823918e+00   1.1920573e+00
   4.0835741e+00   1.1921450e+00
   4.0847482e+00   1.1922319e+00
   4.0859141e+00   1.1923181e+00
   4.0870721e+00   1.1924035e+00
   4.0882219e+00   1.1924883e+00
   4.0893638e+00   1.1925724e+00
   4.0904976e+00   1.1926557e+00
   4.0916235e+00   1.1927384e+00
   4.0927414e+00   1.1928204e+00
   4.0938513e+00   1.1929017e+00
   4.0949534e+00   1.1929823e+00
   4.0960476e+00   1.1930622e+00
   4.0971339e+00   1.1931414e+00
   4.0982124e+00   1.1932200e+00
   4.0992831e+00   1.1932979e+00
   4.1003460e+00   1.1933751e+00
   4.1014011e+00   1.1934517e+00
   4.1024485e+00   1.1935276e+00
   4.1034882e+00   1.1936028e+00
   4.1045203e+00   1.1936774e+00
   4.1055447e+00   1.1937513e+00
   4.1065614e+00   1.1938246e+00
   4.1075706e+00   1.1938973e+00
   4.1085722e+00   1.1939693e+00
   4.1095662e+00   1.1940407e+00
   4.1105527e+00   1.1941114e+00
   4.1115317e+00   1.1941815e+00
   4.1125033e+00   1.1942510e+00
   4.1134674e+00   1.1943198e+00
   4.1144241e+00   1.1943881e+00
   4.1153734e+00   1.1944557e+00
   4.1163154e+00   1.1945227e+00
   4.1172500e+00   1.1945891e+00
   4.1181773e+00   1.1946550e+00
   4.1190974e+00   1.1947202e+00
   4.1200102e+00   1.1947848e+00
   4.1209158e+00   1.1948488e+00
   4.1218141e+00   1.1949122e+00
   4.1227054e+00   1.1949750e+00
   4.1235895e+00   1.1950373e+00
   4.1244664e+00   1.1950990e+00
   4.1253363e+00   1.1951601e+00
   4.1261992e+00   1.1952206e+00
   4.1270550e+00   1.1952805e+00
   4.1279038e+00   1.1953399e+00
   4.1287457e+00   1.1953988e+00
   4.1295806e+00   1.1954570e+00
   4.1304086e+00   1.1955147e+00
   4.1312297e+00   1.1955719e+00
   4.1320440e+00   1.1956285e+00
   4.1328515e+00   1.1956846e+00
   4.1336521e+00   1.1957401e+00
   4.1344460e+00   1.1957951e+00
   4.1352332e+00   1.1958495e+00
   4.1360136e+00   1.1959034e+00
   4.1367874e+00   1.1959568e+00
   4.1375546e+00   1.1960097e+00
   4.1383151e+00   1.1960620e+00
   4.1390690e+00   1.1961139e+00
   4.1398164e+00   1.1961652e+00
   4.1405573e+00   1.1962160e+00
   4.1412916e+00   1.1962662e+00
   4.1420195e+00   1.1963160e+00
   4.1427410e+00   1.1963653e+00
   4.1434560e+00   1.1964141e+00
   4.1441647e+00   1.1964624e+00
   4.1448670e+00   1.1965102e+00
   4.1455630e+00   1.1965575e+00
   4.1462527e+00   1.1966043e+00
   4.1469362e+00   1.1966506e+00
   4.1476134e+00   1.1966965e+00
   4.1482844e+00   1.1967418e+00
   4.1489493e+00   1.1967868e+00
   4.1496081e+00   1.1968312e+00
   4.1502607e+00   1.1968752e+00
   4.1509073e+00   1.1969187e+00
   4.1515478e+00   1.1969617e+00
   4.1521823e+00   1.1970043e+00
   4.1528108e+00   1.1970465e+00
   4.1534334e+00   1.1970882e+00
   4.1540501e+00   1.1971294e+00
   4.1546609e+00   1.1971702e+00
   4.1552658e+00   1.1972106e+00
   4.1558649e+00   1.1972505e+00
   4.1564582e+00   1.1972900e+00
   4.1570458e+00   1.1973290e+00
   4.1576276e+00   1.1973676e+00
   4.1582037e+00   1.1974058e+00
   4.1587741e+00   1.1974436e+00
   4.1593389e+00   1.1974810e+00
   4.1598981e+00   1.1975179e+00
   4.1604518e+00   1.1975545e+00
   4.1609999e+00   1.1975906e+00
   4.1615424e+00   1.1976263e+00
   4.1620795e+00   1.1976616e+00
   4.1626112e+00   1.1976965e+00
   4.1631374e+00   1.1977310e+00
   4.1636582e+00   1.1977652e+00
   4.1641737e+00   1.1977989e+00
   4.1646839e+00   1.1978322e+00
   4.1651888e+00   1.1978652e+00
   4.1656884e+00   1.1978978e+00
   4.1661828e+00   1.1979300e+00
   4.1666719e+00   1.1979618e+00
   4.1671560e+00   1.1979932e+00
   4.1676348e+00   1.1980243e+00
   4.1681086e+00   1.1980550e+00
   4.1685773e+00   1.1980853e+00
   4.1690410e+00   1.1981153e+00
   4.1694997e+00   1.1981449e+00
   4.1699534e+00   1.1981742e+00
   4.1704021e+00   1.1982031e+00
   4.1708460e+00   1.1982317e+00
   4.1712849e+00   1.1982599e+00
   4.1717190e+00   1.1982878e+00
   4.1721483e+00   1.1983153e+00
   4.1725728e+00   1.1983425e+00
   4.1729926e+00   1.1983693e+00
   4.1734076e+00   1.1983958e+00
   4.1738180e+00   1.1984220e+00
   4.1742236e+00   1.1984479e+00
   4.1746247e+00   1.1984734e+00
   4.1750212e+00   1.1984986e+00
   4.1754130e+00   1.1985235e+00
   4.1758004e+00   1.1985481e+00
   4.1761833e+00   1.1985723e+00
   4.1765616e+00   1.1985963e+00
   4.1769356e+00   1.1986199e+00
   4.1773051e+00   1.1986433e+00
   4.1776703e+00   1.1986663e+00
   4.1780311e+00   1.1986890e+00
   4.1783876e+00   1.1987115e+00
   4.1787399e+00   1.1987336e+00
   4.1790878e+00   1.1987555e+00
   4.1794316e+00   1.1987770e+00
   4.1797711e+00   1.1987983e+00
   4.1801066e+00   1.1988193e+00
   4.1804378e+00   1.1988400e+00
   4.1807650e+00   1.1988604e+00
   4.1810882e+00   1.1988805e+00
   4.1814073e+00   1.1989004e+00
   4.1817223e+00   1.1989200e+00
   4.1820335e+00   1.1989393e+00
   4.1823406e+00   1.1989584e+00
   4.1826439e+00   1.1989772e+00
   4.1829433e+00   1.1989957e+00
   4.1832389e+00   1.1990140e+00
   4.1835306e+00   1.1990320e+00
   4.1838185e+00   1.1990498e+00
   4.1841027e+00   1.1990673e+00
   4.1843832e+00   1.1990846e+00
   4.1846600e+00   1.1991016e+00
   4.1849331e+00   1.1991184e+00
   4.1852025e+00   1.1991349e+00
   4.1854684e+00   1.1991512e+00
   4.1857307e+00   1.1991673e+00
   4.1859895e+00   1.1991831e+00
   4.1862447e+00   1.1991987e+00
   4.1864965e+00   1.1992141e+00
   4.1867448e+00   1.1992292e+00
   4.1869896e+00   1.1992441e+00
   4.1872311e+00   1.1992588e+00
   4.1874693e+00   1.1992732e+00
   4.1877041e+00   1.1992875e+00
   4.1879356e+00   1.1993015e+00
   4.1881638e+00   1.1993153e+00
   4.1883887e+00   1.1993289e+00
   4.1886105e+00   1.1993423e+00
   4.1888291e+00   1.1993555e+00
   4.1890445e+00   1.1993685e+00
   4.1892568e+00   1.1993813e+00
   4.1894660e+00   1.1993938e+00
   4.1896721e+00   1.1994062e+00
   4.1898752e+00   1.1994184e+00
   4.1900753e+00   1.1994304e+00
   4.1902723e+00   1.1994422e+00
   4.1904665e+00   1.1994538e+00
   4.1906577e+00   1.1994652e+00
   4.1908460e+00   1.1994765e+00
   4.1910314e+00   1.1994875e+00
   4.1912141e+00   1.1994984e+00
   4.1913938e+00   1.1995091e+00
   4.1915709e+00   1.1995196e+00
   4.1917451e+00   1.1995299e+00
   4.1919166e+00   1.1995401e+00
   4.1920855e+00   1.1995501e+00
   4.1922516e+00   1.1995599e+00
   4.1924151e+00   1.1995696e+00
   4.1925760e+00   1.1995791e+00
   4.1927343e+00   1.1995884e+00
   4.1928901e+00   1.1995976e+00
   4.1930433e+00   1.1996066e+00
   4.1931940e+00   1.1996154e+00
   4.1933422e+00   1.1996241e+00
   4.1934880e+00   1.1996327e+00
   4.1936313e+00   1.1996411e+00
   4.1937723e+00   1.1996493e+00
   4.1939108e+00   1.1996574e+00
   4.1940470e+00   1.1996654e+00
   4.1941809e+00   1.1996732e+00
   4.1943125e+00   1.1996808e+00
   4.1944419e+00   1.1996884e+00
   4.1945690e+00   1.1996957e+00
   4.1946938e+00   1.1997030e+00
   4.1948165e+00   1.1997101e+00
   4.1949370e+00   1.1997171e+00
   4.1950554e+00   1.1997239e+00
   4.1951717e+00   1.1997307e+00
   4.1952859e+00   1.1997373e+00
   4.1953980e+00   1.1997437e+00
   4.1955080e+00   1.1997501e+00
   4.1956161e+00   1.1997563e+00
   4.1957222e+00   1.1997624e+00
   4.1958263e+00   1.1997684e+00
   4.1959284e+00   1.1997742e+00
   4.1960287e+00   1.1997800e+00
   4.1961270e+00   1.1997856e+00
   4.1962235e+00   1.1997911e+00
   4.1963181e+00   1.1997965e+00
   4.1964110e+00   1.1998018e+00
   4.1965020e+00   1.1998070e+00
   4.1965912e+00   1.1998121e+00
   4.1966787e+00   1.1998171e+00
   4.1967645e+00   1.1998219e+00
   4.1968486e+00   1.1998267e+00
   4.1969310e+00   1.1998314e+00
   4.1970117e+00   1.1998360e+00
   4.1970908e+00   1.1998404e+00
   4.1971683e+00   1.1998448e+00
   4.1972442e+00   1.1998491e+00
   4.1973185e+00   1.1998533e+00
   4.1973913e+00   1.1998574e+00
   4.1974626e+00   1.1998614e+00
   4.1975323e+00   1.1998653e+00
   4.1976006e+00   1.1998692e+00
   4.1976674e+00   1.1998729e+00
   4.1977328e+00   1.1998766e+00
   4.1977968e+00   1.1998802e+00
   4.1978593e+00   1.1998837e+00
   4.1979205e+00   1.1998871e+00
   4.1979804e+00   1.1998904e+00
   4.1980389e+00   1.1998937e+00
   4.1980961e+00   1.1998969e+00
   4.1981520e+00   1.1999000e+00
   4.1982067e+00   1.1999030e+00
   4.1982600e+00   1.1999060e+00
   4.1983122e+00   1.1999089e+00
   4.1983631e+00   1.1999117e+00
   4.1984129e+00   1.1999145e+00
   4.1984615e+00   1.1999171e+00
   4.1985089e+00   1.1999198e+00
   4.1985552e+00   1.1999223e+00
   4.1986003e+00   1.1999248e+00
   4.1986444e+00   1.1999272e+00
   4.1986874e+00   1.1999296e+00
   4.1987294e+00   1.1999319e+00
   4.1987703e+00   1.1999342e+00
   4.1988101e+00   1.1999363e+00
   4.1988490e+00   1.1999385e+00
   4.1988869e+00   1.1999405e+00
   4.1989238e+00   1.1999426e+00
   4.1989597e+00   1.1999445e+00
   4.1989947e+00   1.1999464e+00
   4.1990288e+00   1.1999483e+00
   4.1990620e+00   1.1999501e+00
   4.1990943e+00   1.1999519e+00
   4.1991258e+00   1.1999536e+00
   4.1991564e+00   1.1999552e+00
   4.1991861e+00   1.1999569e+00
   4.1992151e+00   1.1999584e+00
   4.1992432e+00   1.1999599e+00
   4.1992705e+00   1.1999614e+00
   4.1992971e+00   1.1999629e+00
   4.1993229e+00   1.1999642e+00
   4.1993480e+00   1.1999656e+00
   4.1993723e+00   1.1999669e+00
   4.1993959e+00   1.1999682e+00
   4.1994189e+00   1.1999694e+00
   4.1994411e+00   1.1999706e+00
   4.1994627e+00   1.1999718e+00
   4.1994836e+00   1.1999729e+00
   4.1995039e+00   1.1999740e+00
   4.1995236e+00   1.1999750e+00
   4.1995427e+00   1.1999760e+00
   4.1995611e+00   1.1999770e+00
   4.1995790e+00   1.1999780e+00
   4.1995963e+00   1.1999789e+00
   4.1996130e+00   1.1999798e+00
   4.1996292e+00   1.1999807e+00
   4.1996449e+00   1.1999815e+00
   4.1996600e+00   1.1999823e+00
   4.1996746e+00   1.1999831e+00
   4.1996888e+00   1.1999838e+00
   4.1997024e+00   1.1999845e+00
   4.1997156e+00   1.1999852e+00
   4.1997283e+00   1.1999859e+00
   4.1997406e+00   1.1999866e+00
   4.1997524e+00   1.1999872e+00
   4.1997638e+00   1.1999878e+00
   4.1997748e+00   1.1999884e+00
   4.1997854e+00   1.1999889e+00
   4.1997956e+00   1.1999894e+00
   4.1998054e+00   1.1999900e+00
   4.1998149e+00   1.1999905e+00
   4.1998239e+00   1.1999909e+00
   4.1998327e+00   1.1999914e+00
   4.1998410e+00   1.1999918e+00
   4.1998491e+00   1.1999922e+00
   4.1998568e+00   1.1999926e+00
   4.1998642e+00   1.1999930e+00
   4.1998714e+00   1.1999934e+00
   4.1998782e+00   1.1999938e+00
   4.1998847e+00   1.1999941e+00
   4.1998909e+00   1.1999944e+00
   4.1998969e+00   1.1999947e+00
   4.1999026e+00   1.1999950e+00
   4.1999081e+00   1.1999953e+00
   4.1999133e+00   1.1999956e+00
   4.1999183e+00   1.1999958e+00
   4.1999231e+00   1.1999961e+00
   4.1999276e+00   1.1999963e+00
   4.1999319e+00   1.1999965e+00
   4.1999361e+00   1.1999968e+00
   4.1999400e+00   1.1999970e+00
   4.1999437e+00   1.1999971e+00
   4.1999473e+00   1.1999973e+00
   4.1999506e+00   1.1999975e+00
   4.1999538e+00   1.1999977e+00
   4.1999569e+00   1.1999978e+00
   4.1999597e+00   1.1999980e+00
   4.1999624e+00   1.1999981e+00
   4.1999650e+00   1.1999982e+00
   4.1999674e+00   1.1999984e+00
   4.1999697e+00   1.1999985e+00
   4.1999719e+00   1.1999986e+00
   4.1999740e+00   1.1999987e+00
   4.1999759e+00   1.1999988e+00
   4.1999777e+00   1.1999989e+00
   4.1999794e+00   1.1999990e+00
   4.1999810e+00   1.1999990e+00
   4.1999825e+00   1.1999991e+00
   4.1999839e+00   1.1999992e+00
   4.1999852e+00   1.1999993e+00
   4.1999864e+00   1.1999993e+00
   4.1999876e+00   1.1999994e+00
   4.1999886e+00   1.1999994e+00
   4.1999896e+00   1.1999995e+00
   4.1999905e+00   1.1999995e+00
   4.1999914e+00   1.1999996e+00
   4.1999922e+00   1.1999996e+00
   4.1999929e+00   1.1999996e+00
   4.1999936e+00   1.1999997e+00
   4.1999942e+00   1.1999997e+00
   4.1999948e+00   1.1999997e+00
   4.1999953e+00   1.1999998e+00
   4.1999958e+00   1.1999998e+00
   4.1999963e+00   1.1999998e+00
   4.1999967e+00   1.1999998e+00
   4.1999971e+00   1.1999999e+00
   4.1999974e+00   1.1999999e+00
   4.1999977e+00   1.1999999e+00
   4.1999980e+00   1.1999999e+00
   4.1999982e+00   1.1999999e+00
   4.1999984e+00   1.1999999e+00
   4.1999986e+00   1.1999999e+00
   4.1999988e+00   1.1999999e+00
   4.1999990e+00   1.2000000e+00
   4.1999991e+00   1.2000000e+00
   4.1999993e+00   1.2000000e+00
   4.1999994e+00   1.2000000e+00
   4.1999995e+00   1.2000000e+00
   4.1999996e+00   1.2000000e+00
   4.1999996e+00   1.2000000e+00
   4.1999997e+00   1.2000000e+00
   4.1999997e+00   1.2000000e+00
   4.1999998e+00   1.2000000e+00
   4.1999998e+00   1.2000000e+00
   4.1999999e+00   1.2000000e+00
   4.1999999e+00   1.2000000e+00
   4.1999999e+00   1.2000000e+00
   4.1999999e+00   1.2000000e+00
   4.1999999e+00   1.2000000e+00
   4.2000000e+00   1.2000000e+00
   4.2000000e+00   1.2000000e+00
   4.2000000e+00   1.2000000e+00
   4.2000000e+00   1.2000000e+00
   4.2000000e+00   1.2000000e+00
   4.2000000e+00   1.2000000e+00
   4.2000000e+00   1.2000000e+00
   4.2000000e+00   1.2000000e+00
   4.2000000e+00   1.2000000e+00
   4.2000000e+00   1.2000000e+00
   4.2000000e+00   1.2000000e+00
   4.2000000e+00   1.2000000e+00
   4.2000000e+00   1.2000000e+00
   4.2000000e+00   1.2000000e+00
   4.2000000e+00   1.2000000e+00
   4.2000000e+00   1.2000000e+00
   4.2000000e+00   1.2000000e+00
   4.2000000e+00   1.2000000e+00
