   0.0000000e+00   0.0000000e+00
   4.7114272e-06  -2.0515142e-07
   3.7109444e-05  -1.6139203e-06
   1.2330209e-04  -5.3558916e-06
   2.8771919e-04  -1.2481926e-05
   5.5315986e-04  -2.3966377e-05
   9.4083942e-04  -4.0709267e-05
   1.4704355e-03  -6.3538447e-05
   2.1601336e-03  -9.3211710e-05
   3.0266718e-03  -1.3041888e-04
   4.0853848e-03  -1.7578389e-04
   5.3502474e-03  -2.2986677e-04
   6.8339173e-03  -2.9316568e-04
   8.5477772e-03  -3.6611886e-04
   1.0501976e-02  -4.4910659e-04
   1.2705470e-02  -5.4245306e-04
   1.5166061e-02  -6.4642829e-04
   1.7890441e-02  -7.6124994e-04
   2.0884224e-02  -8.8708515e-04
   2.4151989e-02  -1.0240523e-03
   2.7697315e-02  -1.1722230e-03
   3.1522821e-02  -1.3316232e-03
   3.5630199e-02  -1.5022358e-03
   4.0020250e-02  -1.6840015e-03
   4.4692921e-02  -1.8768210e-03
   4.9647338e-02  -2.0805563e-03
   5.4881841e-02  -2.2950325e-03
   6.0394013e-02  -2.5200391e-03
   6.6180719e-02  -2.7553319e-03
   7.2238133e-02  -3.0006343e-03
   7.8561773e-02  -3.2556388e-03
   8.5146527e-02  -3.5200083e-03
   9.1986688e-02  -3.7933779e-03
   9.9075982e-02  -4.0753562e-03
   1.0640760e-01  -4.3655262e-03
   1.1397421e-01  -4.6634473e-03
   1.2176801e-01  -4.9686565e-03
   1.2978075e-01  -5.2806693e-03
   1.3800373e-01  -5.5989813e-03
   1.4642787e-01  -5.9230695e-03
   1.5504371e-01  -6.2523934e-03
   1.6384143e-01  -6.5863961e-03
   1.7281088e-01  -6.9245058e-03
   1.8194164e-01  -7.2661366e-03
   1.9122297e-01  -7.6106899e-03
   2.0064390e-01  -7.9575552e-03
   2.1019322e-01  -8.3061116e-03
   2.1985952e-01  -8.6557286e-03
   2.2963117e-01  -9.0057669e-03
   2.3949642e-01  -9.3555801e-03
   2.4944332e-01  -9.7045149e-03
   2.5945982e-01  -1.0051913e-02
   2.6953377e-01  -1.0397110e-02
   2.7965290e-01  -1.0739440e-02
   2.8980491e-01  -1.1078232e-02
   2.9997740e-01  -1.1412816e-02
   3.1015797e-01  -1.1742517e-02
   3.2033419e-01  -1.2066663e-02
   3.3049363e-01  -1.2384582e-02
   3.4062387e-01  -1.2695601e-02
   3.5071251e-01  -1.2999053e-02
   3.6074722e-01  -1.3294271e-02
   3.7071572e-01  -1.3580592e-02
   3.8060578e-01  -1.3857358e-02
   3.9040530e-01  -1.4123915e-02
   4.0010226e-01  -1.4379617e-02
   4.0968474e-01  -1.4623822e-02
   4.1914096e-01  -1.4855896e-02
   4.2845930e-01  -1.5075211e-02
   4.3762826e-01  -1.5281149e-02
   4.4663652e-01  -1.5473100e-02
   4.5547292e-01  -1.5650464e-02
   4.6412650e-01  -1.5812649e-02
   4.7258648e-01  -1.5959076e-02
   4.8084229e-01  -1.6089173e-02
   4.8888356e-01  -1.6202383e-02
   4.9670018e-01  -1.6298158e-02
   5.0428222e-01  -1.6375965e-02
   5.1162002e-01  -1.6435281e-02
   5.1870416e-01  -1.6475597e-02
   5.2552547e-01  -1.6496417e-02
   5.3207505e-01  -1.6497260e-02
   5.3834425e-01  -1.6477657e-02
   5.4432472e-01  -1.6437156e-02
   5.5000836e-01  -1.6375318e-02
   5.5538738e-01  -1.6291720e-02
   5.6045428e-01  -1.6185953e-02
   5.6520183e-01  -1.6057625e-02
   5.6962313e-01  -1.5906359e-02
   5.7371156e-01  -1.5731796e-02
   5.7746084e-01  -1.5533592e-02
   5.8086498e-01  -1.5311418e-02
   5.8391831e-01  -1.5064965e-02
   5.8661547e-01  -1.4793938e-02
   5.8895144e-01  -1.4498062e-02
   5.9092152e-01  -1.4177078e-02
   5.9252133e-01  -1.3830742e-02
   5.9374682e-01  -1.3458833e-02
   5.9459426e-01  -1.3061142e-02
   5.9506028e-01  -1.2637481e-02
   5.9514182e-01  -1.2187680e-02
   5.9483614e-01  -1.1711586e-02
   5.9414086e-01  -1.1209064e-02
   5.9305393e-01  -1.0679996e-02
   5.9157363e-01  -1.0124285e-02
   5.8969855e-01  -9.5418493e-03
   5.8742764e-01  -8.9326268e-03
   5.8476019e-01  -8.2965731e-03
   5.8169579e-01  -7.6336618e-03
   5.7823437e-01  -6.9438847e-03
   5.7437620e-01  -6.2272517e-03
   5.7012187e-01  -5.4837907e-03
   5.6547229e-01  -4.7135473e-03
   5.6042869e-01  -3.9165851e-03
   5.5499263e-01  -3.0929857e-03
   5.4916597e-01  -2.2428481e-03
   5.4295091e-01  -1.3662890e-03
   5.3634993e-01  -4.6344273e-04
   5.2936584e-01   4.6553929e-04
   5.2200175e-01   1.4204882e-03
   5.1426106e-01   2.4012181e-03
   5.0614748e-01   3.4075261e-03
   4.9766501e-01   4.4391926e-03
   4.8881792e-01   5.4959812e-03
   4.7961080e-01   6.5776393e-03
   4.7004848e-01   7.6838979e-03
   4.6013610e-01   8.8144719e-03
   4.4987905e-01   9.9690602e-03
   4.3928300e-01   1.1147346e-02
   4.2835385e-01   1.2348998e-02
   4.1709779e-01   1.3573668e-02
   4.0552125e-01   1.4820995e-02
   3.9363088e-01   1.6090600e-02
   3.8143360e-01   1.7382092e-02
   3.6893655e-01   1.8695066e-02
   3.5614709e-01   2.0029102e-02
   3.4307281e-01   2.1383765e-02
   3.2972152e-01   2.2758610e-02
   3.1610121e-01   2.4153174e-02
   3.0222010e-01   2.5566986e-02
   2.8808659e-01   2.6999559e-02
   2.7370929e-01   2.8450395e-02
   2.5909696e-01   2.9918983e-02
   2.4425856e-01   3.1404802e-02
   2.2920321e-01   3.2907319e-02
   2.1394019e-01   3.4425987e-02
   1.9847893e-01   3.5960253e-02
   1.8282902e-01   3.7509550e-02
   1.6700018e-01   3.9073302e-02
   1.5100227e-01   4.0650923e-02
   1.3484527e-01   4.2241818e-02
   1.1853929e-01   4.3845382e-02
   1.0209453e-01   4.5461001e-02
   8.5521320e-02   4.7088054e-02
   6.8830068e-02   4.8725911e-02
   5.2031279e-02   5.0373933e-02
   3.5135538e-02   5.2031476e-02
   1.8153503e-02   5.3697886e-02
   1.0959027e-03   5.5372506e-02
  -1.6026479e-02   5.7054668e-02
  -3.3202803e-02   5.8743702e-02
  -5.0422188e-02   6.0438930e-02
  -6.7673715e-02   6.2139670e-02
  -8.4946436e-02   6.3845234e-02
  -1.0222938e-01   6.5554930e-02
  -1.1951157e-01   6.7268061e-02
  -1.3678200e-01   6.8983927e-02
  -1.5402969e-01   7.0701825e-02
  -1.7124366e-01   7.2421048e-02
  -1.8841294e-01   7.4140886e-02
  -2.0552659e-01   7.5860626e-02
  -2.2257369e-01   7.7579555e-02
  -2.3954336e-01   7.9296957e-02
  -2.5642478e-01   8.1012115e-02
  -2.7320716e-01   8.2724311e-02
  -2.8987978e-01   8.4432826e-02
  -3.0643199e-01   8.6136940e-02
  -3.2285321e-01   8.7835936e-02
  -3.3913294e-01   8.9529094e-02
  -3.5526075e-01   9.1215698e-02
  -3.7122633e-01   9.2895031e-02
  -3.8701946e-01   9.4566377e-02
  -4.0263002e-01   9.6229024e-02
  -4.1804801e-01   9.7882262e-02
  -4.3326355e-01   9.9525381e-02
  -4.4826688e-01   1.0115768e-01
  -4.6304838e-01   1.0277845e-01
  -4.7759857e-01   1.0438699e-01
  -4.9190810e-01   1.0598262e-01
  -5.0596778e-01   1.0756463e-01
  -5.1976858e-01   1.0913235e-01
  -5.3330162e-01   1.1068509e-01
  -5.4655820e-01   1.1222218e-01
  -5.5952978e-01   1.1374295e-01
  -5.7220801e-01   1.1524672e-01
  -5.8458470e-01   1.1673285e-01
  -5.9665187e-01   1.1820067e-01
  -6.0840173e-01   1.1964955e-01
  -6.1982667e-01   1.2107884e-01
  -6.3091930e-01   1.2248792e-01
  -6.4167242e-01   1.2387615e-01
  -6.5207904e-01   1.2524292e-01
  -6.6213240e-01   1.2658762e-01
  -6.7182593e-01   1.2790966e-01
  -6.8115331e-01   1.2920843e-01
  -6.9010842e-01   1.3048335e-01
  -6.9868537e-01   1.3173385e-01
  -7.0687852e-01   1.3295937e-01
  -7.1468243e-01   1.3415934e-01
  -7.2209192e-01   1.3533322e-01
  -7.2910204e-01   1.3648048e-01
  -7.3570807e-01   1.3760058e-01
  -7.4190555e-01   1.3869300e-01
  -7.4769024e-01   1.3975725e-01
  -7.5305818e-01   1.4079282e-01
  -7.5800562e-01   1.4179922e-01
  -7.6252908e-01   1.4277600e-01
  -7.6662534e-01   1.4372266e-01
  -7.7029139e-01   1.4463878e-01
  -7.7352451e-01   1.4552389e-01
  -7.7632223e-01   1.4637758e-01
  -7.7868232e-01   1.4719943e-01
  -7.8060280e-01   1.4798902e-01
  -7.8208196e-01   1.4874596e-01
  -7.8311834e-01   1.4946987e-01
  -7.8371074e-01   1.5016037e-01
  -7.8385819e-01   1.5081711e-01
  -7.8356001e-01   1.5143974e-01
  -7.8281576e-01   1.5202793e-01
  -7.8162523e-01   1.5258134e-01
  -7.7998850e-01   1.5309968e-01
  -7.7790589e-01   1.5358264e-01
  -7.7537797e-01   1.5402994e-01
  -7.7240555e-01   1.5444131e-01
  -7.6898971e-01   1.5481648e-01
  -7.6513177e-01   1.5515522e-01
  -7.6083330e-01   1.5545728e-01
  -7.5609609e-01   1.5572245e-01
  -7.5092223e-01   1.5595052e-01
  -7.4531400e-01   1.5614129e-01
  -7.3927394e-01   1.5629459e-01
  -7.3280483e-01   1.5641024e-01
  -7.2590970e-01   1.5648808e-01
  -7.1859179e-01   1.5652799e-01
  -7.1085459e-01   1.5652982e-01
  -7.0270180e-01   1.5649346e-01
  -6.9413738e-01   1.5641881e-01
  -6.8516549e-01   1.5630578e-01
  -6.7579053e-01   1.5615429e-01
  -6.6601709e-01   1.5596428e-01
  -6.5585001e-01   1.5573570e-01
  -6.4529434e-01   1.5546852e-01
  -6.3435531e-01   1.5516269e-01
  -6.2303841e-01   1.5481823e-01
  -6.1134927e-01   1.5443512e-01
  -5.9929379e-01   1.5401339e-01
  -5.8687802e-01   1.5355307e-01
  -5.7410822e-01   1.5305418e-01
  -5.6099084e-01   1.5251679e-01
  -5.4753252e-01   1.5194097e-01
  -5.3374009e-01   1.5132679e-01
  -5.1962055e-01   1.5067435e-01
  -5.0518107e-01   1.4998376e-01
  -4.9042901e-01   1.4925512e-01
  -4.7537189e-01   1.4848857e-01
  -4.6001740e-01   1.4768425e-01
  -4.4437337e-01   1.4684233e-01
  -4.2844781e-01   1.4596296e-01
  -4.1224888e-01   1.4504632e-01
  -3.9578487e-01   1.4409261e-01
  -3.7906422e-01   1.4310204e-01
  -3.6209553e-01   1.4207481e-01
  -3.4488750e-01   1.4101116e-01
  -3.2744899e-01   1.3991132e-01
  -3.0978896e-01   1.3877555e-01
  -2.9191651e-01   1.3760411e-01
  -2.7384085e-01   1.3639727e-01
  -2.5557130e-01   1.3515533e-01
  -2.3711729e-01   1.3387857e-01
  -2.1848834e-01   1.3256731e-01
  -1.9969408e-01   1.3122186e-01
  -1.8074423e-01   1.2984255e-01
  -1.6164859e-01   1.2842973e-01
  -1.4241706e-01   1.2698375e-01
  -1.2305959e-01   1.2550496e-01
  -1.0358622e-01   1.2399375e-01
  -8.4007059e-02   1.2245049e-01
  -6.4332273e-02   1.2087557e-01
  -4.4572085e-02   1.1926941e-01
  -2.4736770e-02   1.1763240e-01
  -4.8366505e-03   1.1596498e-01
   1.5117908e-02   1.1426758e-01
   3.5116505e-02   1.1254062e-01
   5.5148708e-02   1.1078458e-01
   7.5204058e-02   1.0899990e-01
   9.5272075e-02   1.0718705e-01
   1.1534226e-01   1.0534651e-01
   1.3540411e-01   1.0347876e-01
   1.5544712e-01   1.0158430e-01
   1.7546076e-01   9.9663637e-02
   1.9543454e-01   9.7717270e-02
   2.1535795e-01   9.5745720e-02
   2.3522052e-01   9.3749514e-02
   2.5501178e-01   9.1729184e-02
   2.7472129e-01   8.9685271e-02
   2.9433866e-01   8.7618322e-02
   3.1385352e-01   8.5528893e-02
   3.3325554e-01   8.3417544e-02
   3.5253443e-01   8.1284844e-02
   3.7167998e-01   7.9131367e-02
   3.9068200e-01   7.6957693e-02
   4.0953040e-01   7.4764411e-02
   4.2821513e-01   7.2552113e-02
   4.4672621e-01   7.0321396e-02
   4.6505377e-01   6.8072866e-02
   4.8318798e-01   6.5807131e-02
   5.0111912e-01   6.3524807e-02
   5.1883757e-01   6.1226511e-02
   5.3633379e-01   5.8912869e-02
   5.5359835e-01   5.6584509e-02
   5.7062192e-01   5.4242065e-02
   5.8739529e-01   5.1886172e-02
   6.0390937e-01   4.9517473e-02
   6.2015518e-01   4.7136611e-02
   6.3612387e-01   4.4744237e-02
   6.5180673e-01   4.2341000e-02
   6.6719517e-01   3.9927556e-02
   6.8228075e-01   3.7504563e-02
   6.9705518e-01   3.5072681e-02
   7.1151029e-01   3.2632574e-02
   7.2563811e-01   3.0184905e-02
   7.3943078e-01   2.7730344e-02
   7.5288064e-01   2.5269558e-02
   7.6598016e-01   2.2803219e-02
   7.7872202e-01   2.0332000e-02
   7.9109905e-01   1.7856574e-02
   8.0310426e-01   1.5377617e-02
   8.1473085e-01   1.2895803e-02
   8.2597220e-01   1.0411809e-02
   8.3682188e-01   7.9263114e-03
   8.4727366e-01   5.4399881e-03
   8.5732150e-01   2.9535157e-03
   8.6695957e-01   4.6757103e-04
   8.7618224e-01  -2.0171694e-03
   8.8498409e-01  -4.5000298e-03
   8.9335991e-01  -6.9803351e-03
   9.0130470e-01  -9.4574111e-03
   9.0881369e-01  -1.1930585e-02
   9.1588233e-01  -1.4399185e-02
   9.2250628e-01  -1.6862543e-02
   9.2868145e-01  -1.9319989e-02
   9.3440395e-01  -2.1770857e-02
   9.3967014e-01  -2.4214486e-02
   9.4447664e-01  -2.6650212e-02
   9.4882025e-01  -2.9077377e-02
   9.5269807e-01  -3.1495326e-02
   9.5610741e-01  -3.3903407e-02
   9.5904583e-01  -3.6300969e-02
   9.6151113e-01  -3.8687367e-02
   9.6350139e-01  -4.1061958e-02
   9.6501490e-01  -4.3424105e-02
   9.6605023e-01  -4.5773173e-02
   9.6660620e-01  -4.8108531e-02
   9.6668189e-01  -5.0429555e-02
   9.6627661e-01  -5.2735623e-02
   9.6538997e-01  -5.5026119e-02
   9.6402182e-01  -5.7300432e-02
   9.6217226e-01  -5.9557956e-02
   9.5984167e-01  -6.1798091e-02
   9.5703069e-01  -6.4020242e-02
   9.5374023e-01  -6.6223820e-02
   9.4997144e-01  -6.8408242e-02
   9.4572575e-01  -7.0572930e-02
   9.4100487e-01  -7.2717315e-02
   9.3581076e-01  -7.4840832e-02
   9.3014564e-01  -7.6942923e-02
   9.2401200e-01  -7.9023039e-02
   9.1741261e-01  -8.1080637e-02
   9.1035048e-01  -8.3115179e-02
   9.0282890e-01  -8.5126137e-02
   8.9485142e-01  -8.7112989e-02
   8.8642186e-01  -8.9075224e-02
   8.7754428e-01  -9.1012334e-02
   8.6822302e-01  -9.2923822e-02
   8.5846268e-01  -9.4809199e-02
   8.4826810e-01  -9.6667985e-02
   8.3764440e-01  -9.8499707e-02
   8.2659694e-01  -1.0030390e-01
   8.1513132e-01  -1.0208011e-01
   8.0325343e-01  -1.0382790e-01
   7.9096936e-01  -1.0554681e-01
   7.7828548e-01  -1.0723644e-01
   7.6520839e-01  -1.0889636e-01
   7.5174494e-01  -1.1052616e-01
   7.3790219e-01  -1.1212544e-01
   7.2368748e-01  -1.1369382e-01
   7.0910833e-01  -1.1523092e-01
   6.9417252e-01  -1.1673636e-01
   6.7888806e-01  -1.1820979e-01
   6.6326314e-01  -1.1965087e-01
   6.4730622e-01  -1.2105925e-01
   6.3102592e-01  -1.2243461e-01
   6.1443111e-01  -1.2377663e-01
   5.9753082e-01  -1.2508501e-01
   5.8033433e-01  -1.2635945e-01
   5.6285106e-01  -1.2759967e-01
   5.4509065e-01  -1.2880540e-01
   5.2706292e-01  -1.2997638e-01
   5.0877786e-01  -1.3111235e-01
   4.9024563e-01  -1.3221309e-01
   4.7147655e-01  -1.3327836e-01
   4.5248113e-01  -1.3430796e-01
   4.3326999e-01  -1.3530167e-01
   4.1385394e-01  -1.3625931e-01
   3.9424389e-01  -1.3718069e-01
   3.7445091e-01  -1.3806566e-01
   3.5448620e-01  -1.3891405e-01
   3.3436107e-01  -1.3972573e-01
   3.1408694e-01  -1.4050056e-01
   2.9367536e-01  -1.4123843e-01
   2.7313795e-01  -1.4193922e-01
   2.5248645e-01  -1.4260285e-01
   2.3173267e-01  -1.4322923e-01
   2.1088849e-01  -1.4381830e-01
   1.8996589e-01  -1.4436999e-01
   1.6897689e-01  -1.4488427e-01
   1.4793356e-01  -1.4536111e-01
   1.2684805e-01  -1.4580048e-01
   1.0573252e-01  -1.4620238e-01
   8.4599175e-02  -1.4656681e-01
   6.3460237e-02  -1.4689380e-01
   4.2327953e-02  -1.4718338e-01
   2.1214574e-02  -1.4743559e-01
   1.3235290e-04  -1.4765050e-01
  -2.0906465e-02  -1.4782816e-01
  -4.1889650e-02  -1.4796867e-01
  -6.2804996e-02  -1.4807212e-01
  -8.3640331e-02  -1.4813862e-01
  -1.0438352e-01  -1.4816829e-01
  -1.2502247e-01  -1.4816126e-01
  -1.4554517e-01  -1.4811769e-01
  -1.6593964e-01  -1.4803773e-01
  -1.8619399e-01  -1.4792155e-01
  -2.0629641e-01  -1.4776934e-01
  -2.2623518e-01  -1.4758130e-01
  -2.4599868e-01  -1.4735763e-01
  -2.6557538e-01  -1.4709857e-01
  -2.8495389e-01  -1.4680434e-01
  -3.0412291e-01  -1.4647519e-01
  -3.2307129e-01  -1.4611138e-01
  -3.4178802e-01  -1.4571319e-01
  -3.6026223e-01  -1.4528090e-01
  -3.7848319e-01  -1.4481481e-01
  -3.9644036e-01  -1.4431522e-01
  -4.1412334e-01  -1.4378246e-01
  -4.3152192e-01  -1.4321686e-01
  -4.4862609e-01  -1.4261876e-01
  -4.6542600e-01  -1.4198852e-01
  -4.8191202e-01  -1.4132651e-01
  -4.9807473e-01  -1.4063312e-01
  -5.1390492e-01  -1.3990872e-01
  -5.2939358e-01  -1.3915373e-01
  -5.4453197e-01  -1.3836856e-01
  -5.5931156e-01  -1.3755363e-01
  -5.7372405e-01  -1.3670938e-01
  -5.8776142e-01  -1.3583627e-01
  -6.0141588e-01  -1.3493473e-01
  -6.1467993e-01  -1.3400526e-01
  -6.2754632e-01  -1.3304832e-01
  -6.4000807e-01  -1.3206441e-01
  -6.5205849e-01  -1.3105402e-01
  -6.6369119e-01  -1.3001767e-01
  -6.7490005e-01  -1.2895587e-01
  -6.8567926e-01  -1.2786916e-01
  -6.9602332e-01  -1.2675808e-01
  -7.0592703e-01  -1.2562317e-01
  -7.1538552e-01  -1.2446500e-01
  -7.2439421e-01  -1.2328413e-01
  -7.3294889e-01  -1.2208113e-01
  -7.4104563e-01  -1.2085660e-01
  -7.4868088e-01  -1.1961113e-01
  -7.5585139e-01  -1.1834531e-01
  -7.6255428e-01  -1.1705976e-01
  -7.6878701e-01  -1.1575509e-01
  -7.7454737e-01  -1.1443194e-01
  -7.7983354e-01  -1.1309093e-01
  -7.8464402e-01  -1.1173271e-01
  -7.8897769e-01  -1.1035792e-01
  -7.9283380e-01  -1.0896721e-01
  -7.9621194e-01  -1.0756124e-01
  -7.9911209e-01  -1.0614069e-01
  -8.0153459e-01  -1.0470623e-01
  -8.0348016e-01  -1.0325853e-01
  -8.0494987e-01  -1.0179827e-01
  -8.0594519e-01  -1.0032615e-01
  -8.0646796e-01  -9.8842856e-02
  -8.0652038e-01  -9.7349093e-02
  -8.0610505e-01  -9.5845559e-02
  -8.0522492e-01  -9.4332964e-02
  -8.0388334e-01  -9.2812016e-02
  -8.0208404e-01  -9.1283430e-02
  -7.9983109e-01  -8.9747924e-02
  -7.9712898e-01  -8.8206217e-02
  -7.9398255e-01  -8.6659031e-02
  -7.9039700e-01  -8.5107092e-02
  -7.8637793e-01  -8.3551126e-02
  -7.8193129e-01  -8.1991861e-02
  -7.7706340e-01  -8.0430026e-02
  -7.7178094e-01  -7.8866350e-02
  -7.6609095e-01  -7.7301565e-02
  -7.6000083e-01  -7.5736401e-02
  -7.5351833e-01  -7.4171588e-02
  -7.4665156e-01  -7.2607856e-02
  -7.3940894e-01  -7.1045932e-02
  -7.3179927e-01  -6.9486545e-02
  -7.2383166e-01  -6.7930419e-02
  -7.1551555e-01  -6.6378278e-02
  -7.0686071e-01  -6.4830842e-02
  -6.9787722e-01  -6.3288828e-02
  -6.8857546e-01  -6.1752950e-02
  -6.7896614e-01  -6.0223918e-02
  -6.6906023e-01  -5.8702439e-02
  -6.5886900e-01  -5.7189213e-02
  -6.4840402e-01  -5.5684936e-02
  -6.3767709e-01  -5.4190299e-02
  -6.2670030e-01  -5.2705985e-02
  -6.1548598e-01  -5.1232673e-02
  -6.0404670e-01  -4.9771033e-02
  -5.9239526e-01  -4.8321728e-02
  -5.8054468e-01  -4.6885414e-02
  -5.6850820e-01  -4.5462737e-02
  -5.5629923e-01  -4.4054336e-02
  -5.4393140e-01  -4.2660838e-02
  -5.3141848e-01  -4.1282863e-02
  -5.1877442e-01  -3.9921019e-02
  -5.0601330e-01  -3.8575903e-02
  -4.9314933e-01  -3.7248100e-02
  -4.8019687e-01  -3.5938184e-02
  -4.6717033e-01  -3.4646716e-02
  -4.5408425e-01  -3.3374245e-02
  -4.4095323e-01  -3.2121305e-02
  -4.2779190e-01  -3.0888416e-02
  -4.1461496e-01  -2.9676084e-02
  -4.0143712e-01  -2.8484798e-02
  -3.8827307e-01  -2.7315033e-02
  -3.7513752e-01  -2.6167247e-02
  -3.6204513e-01  -2.5041880e-02
  -3.4901049e-01  -2.3939355e-02
  -3.3604814e-01  -2.2860077e-02
  -3.2317251e-01  -2.1804431e-02
  -3.1039791e-01  -2.0772785e-02
  -2.9773854e-01  -1.9765483e-02
  -2.8520841e-01  -1.8782851e-02
  -2.7282136e-01  -1.7825193e-02
  -2.6059103e-01  -1.6892791e-02
  -2.4853082e-01  -1.5985904e-02
  -2.3665388e-01  -1.5104768e-02
  -2.2497310e-01  -1.4249593e-02
  -2.1350103e-01  -1.3420568e-02
  -2.0224993e-01  -1.2617854e-02
  -1.9123167e-01  -1.1841585e-02
  -1.8045775e-01  -1.1091871e-02
  -1.6993928e-01  -1.0368793e-02
  -1.5968689e-01  -9.6724027e-03
  -1.4971077e-01  -9.0027254e-03
  -1.4002061e-01  -8.3597548e-03
  -1.3062556e-01  -7.7434548e-03
  -1.2153421e-01  -7.1537582e-03
  -1.1275458e-01  -6.5905659e-03
  -1.0429404e-01  -6.0537461e-03
  -9.6159318e-02  -5.5431335e-03
  -8.8356460e-02  -5.0585289e-03
  -8.0890778e-02  -4.5996978e-03
  -7.3766832e-02  -4.1663703e-03
  -6.6988385e-02  -3.7582398e-03
  -6.0558376e-02  -3.3749623e-03
  -5.4478875e-02  -3.0161557e-03
  -4.8751051e-02  -2.6813990e-03
  -4.3375133e-02  -2.3702314e-03
  -3.8350370e-02  -2.0821514e-03
  -3.3674993e-02  -1.8166161e-03
  -2.9346174e-02  -1.5730404e-03
  -2.5359986e-02  -1.3507957e-03
  -2.1711361e-02  -1.1492098e-03
  -1.8394049e-02  -9.6756533e-04
  -1.5400574e-02  -8.0509917e-04
  -1.2722192e-02  -6.6100160e-04
  -1.0348846e-02  -5.3441531e-04
  -8.2691178e-03  -4.2443454e-04
  -6.4701892e-03  -3.3010414e-04
  -4.9377899e-03  -2.5041868e-04
  -3.6561526e-03  -1.8432151e-04
  -2.6079647e-03  -1.3070381e-04
  -1.7743198e-03  -8.8403670e-05
  -1.1346682e-03  -5.6205136e-05
  -6.6676708e-04  -3.2837236e-05
  -3.4662909e-04  -1.6973024e-05
  -1.4847107e-04  -7.2285981e-06
  -4.4661526e-05  -2.1621203e-06
  -5.6673722e-06  -2.7282110e-07
  -3.5527137e-15  -4.1078252e-15
