   0.0000000e+00   0.0000000e+00
   1.0000000e-02   4.7114272e-06
   2.0000000e-02   3.7109444e-05
   3.0000000e-02   1.2330209e-04
   4.0000000e-02   2.8771919e-04
   5.0000000e-02   5.5315986e-04
   6.0000000e-02   9.4083942e-04
   7.0000000e-02   1.4704355e-03
   8.0000000e-02   2.1601336e-03
   9.0000000e-02   3.0266718e-03
   1.0000000e-01   4.0853848e-03
   1.1000000e-01   5.3502474e-03
   1.2000000e-01   6.8339173e-03
   1.3000000e-01   8.5477772e-03
   1.4000000e-01   1.0501976e-02
   1.5000000e-01   1.2705470e-02
   1.6000000e-01   1.5166061e-02
   1.7000000e-01   1.7890441e-02
   1.8000000e-01   2.0884224e-02
   1.9000000e-01   2.4151989e-02
   2.0000000e-01   2.7697315e-02
   2.1000000e-01   3.1522821e-02
   2.2000000e-01   3.5630199e-02
   2.3000000e-01   4.0020250e-02
   2.4000000e-01   4.4692921e-02
   2.5000000e-01   4.9647338e-02
   2.6000000e-01   5.4881841e-02
   2.7000000e-01   6.0394013e-02
   2.8000000e-01   6.6180719e-02
   2.9000000e-01   7.2238133e-02
   3.0000000e-01   7.8561773e-02
   3.1000000e-01   8.5146527e-02
   3.2000000e-01   9.1986688e-02
   3.3000000e-01   9.9075982e-02
   3.4000000e-01   1.0640760e-01
   3.5000000e-01   1.1397421e-01
   3.6000000e-01   1.2176801e-01
   3.7000000e-01   1.2978075e-01
   3.8000000e-01   1.3800373e-01
   3.9000000e-01   1.4642787e-01
   4.0000000e-01   1.5504371e-01
   4.1000000e-01   1.6384143e-01
   4.2000000e-01   1.7281088e-01
   4.3000000e-01   1.8194164e-01
   4.4000000e-01   1.9122297e-01
   4.5000000e-01   2.0064390e-01
   4.6000000e-01   2.1019322e-01
   4.7000000e-01   2.1985952e-01
   4.8000000e-01   2.2963117e-01
   4.9000000e-01   2.3949642e-01
   5.0000000e-01   2.4944332e-01
   5.1000000e-01   2.5945982e-01
   5.2000000e-01   2.6953377e-01
   5.3000000e-01   2.7965290e-01
   5.4000000e-01   2.8980491e-01
   5.5000000e-01   2.9997740e-01
   5.6000000e-01   3.1015797e-01
   5.7000000e-01   3.2033419e-01
   5.8000000e-01   3.3049363e-01
   5.9000000e-01   3.4062387e-01
   6.0000000e-01   3.5071251e-01
   6.1000000e-01   3.6074722e-01
   6.2000000e-01   3.7071572e-01
   6.3000000e-01   3.8060578e-01
   6.4000000e-01   3.9040530e-01
   6.5000000e-01   4.0010226e-01
   6.6000000e-01   4.0968474e-01
   6.7000000e-01   4.1914096e-01
   6.8000000e-01   4.2845930e-01
   6.9000000e-01   4.3762826e-01
   7.0000000e-01   4.4663652e-01
   7.1000000e-01   4.5547292e-01
   7.2000000e-01   4.6412650e-01
   7.3000000e-01   4.7258648e-01
   7.4000000e-01   4.8084229e-01
   7.5000000e-01   4.8888356e-01
   7.6000000e-01   4.9670018e-01
   7.7000000e-01   5.0428222e-01
   7.8000000e-01   5.1162002e-01
   7.9000000e-01   5.1870416e-01
   8.0000000e-01   5.2552547e-01
   8.1000000e-01   5.3207505e-01
   8.2000000e-01   5.3834425e-01
   8.3000000e-01   5.4432472e-01
   8.4000000e-01   5.5000836e-01
   8.5000000e-01   5.5538738e-01
   8.6000000e-01   5.6045428e-01
   8.7000000e-01   5.6520183e-01
   8.8000000e-01   5.6962313e-01
   8.9000000e-01   5.7371156e-01
   9.0000000e-01   5.7746084e-01
   9.1000000e-01   5.8086498e-01
   9.2000000e-01   5.8391831e-01
   9.3000000e-01   5.8661547e-01
   9.4000000e-01   5.8895144e-01
   9.5000000e-01   5.9092152e-01
   9.6000000e-01   5.9252133e-01
   9.7000000e-01   5.9374682e-01
   9.8000000e-01   5.9459426e-01
   9.9000000e-01   5.9506028e-01
   1.0000000e+00   5.9514182e-01
   1.0100000e+00   5.9483614e-01
   1.0200000e+00   5.9414086e-01
   1.0300000e+00   5.9305393e-01
   1.0400000e+00   5.9157363e-01
   1.0500000e+00   5.8969855e-01
   1.0600000e+00   5.8742764e-01
   1.0700000e+00   5.8476019e-01
   1.0800000e+00   5.8169579e-01
   1.0900000e+00   5.7823437e-01
   1.1000000e+00   5.7437620e-01
   1.1100000e+00   5.7012187e-01
   1.1200000e+00   5.6547229e-01
   1.1300000e+00   5.6042869e-01
   1.1400000e+00   5.5499263e-01
   1.1500000e+00   5.4916597e-01
   1.1600000e+00   5.4295091e-01
   1.1700000e+00   5.3634993e-01
   1.1800000e+00   5.2936584e-01
   1.1900000e+00   5.2200175e-01
   1.2000000e+00   5.1426106e-01
   1.2100000e+00   5.0614748e-01
   1.2200000e+00   4.9766501e-01
   1.2300000e+00   4.8881792e-01
   1.2400000e+00   4.7961080e-01
   1.2500000e+00   4.7004848e-01
   1.2600000e+00   4.6013610e-01
   1.2700000e+00   4.4987905e-01
   1.2800000e+00   4.3928300e-01
   1.2900000e+00   4.2835385e-01
   1.3000000e+00   4.1709779e-01
   1.3100000e+00   4.0552125e-01
   1.3200000e+00   3.9363088e-01
   1.3300000e+00   3.8143360e-01
   1.3400000e+00   3.6893655e-01
   1.3500000e+00   3.5614709e-01
   1.3600000e+00   3.4307281e-01
   1.3700000e+00   3.2972152e-01
   1.3800000e+00   3.1610121e-01
   1.3900000e+00   3.0222010e-01
   1.4000000e+00   2.8808659e-01
   1.4100000e+00   2.7370929e-01
   1.4200000e+00   2.5909696e-01
   1.4300000e+00   2.4425856e-01
   1.4400000e+00   2.2920321e-01
   1.4500000e+00   2.1394019e-01
   1.4600000e+00   1.9847893e-01
   1.4700000e+00   1.8282902e-01
   1.4800000e+00   1.6700018e-01
   1.4900000e+00   1.5100227e-01
   1.5000000e+00   1.3484527e-01
   1.5100000e+00   1.1853929e-01
   1.5200000e+00   1.0209453e-01
   1.5300000e+00   8.5521320e-02
   1.5400000e+00   6.8830068e-02
   1.5500000e+00   5.2031279e-02
   1.5600000e+00   3.5135538e-02
   1.5700000e+00   1.8153503e-02
   1.5800000e+00   1.0959027e-03
   1.5900000e+00  -1.6026479e-02
   1.6000000e+00  -3.3202803e-02
   1.6100000e+00  -5.0422188e-02
   1.6200000e+00  -6.7673715e-02
   1.6300000e+00  -8.4946436e-02
   1.6400000e+00  -1.0222938e-01
   1.6500000e+00  -1.1951157e-01
   1.6600000e+00  -1.3678200e-01
   1.6700000e+00  -1.5402969e-01
   1.6800000e+00  -1.7124366e-01
   1.6900000e+00  -1.8841294e-01
   1.7000000e+00  -2.0552659e-01
   1.7100000e+00  -2.2257369e-01
   1.7200000e+00  -2.3954336e-01
   1.7300000e+00  -2.5642478e-01
   1.7400000e+00  -2.7320716e-01
   1.7500000e+00  -2.8987978e-01
   1.7600000e+00  -3.0643199e-01
   1.7700000e+00  -3.2285321e-01
   1.7800000e+00  -3.3913294e-01
   1.7900000e+00  -3.5526075e-01
   1.8000000e+00  -3.7122633e-01
   1.8100000e+00  -3.8701946e-01
   1.8200000e+00  -4.0263002e-01
   1.8300000e+00  -4.1804801e-01
   1.8400000e+00  -4.3326355e-01
   1.8500000e+00  -4.4826688e-01
   1.8600000e+00  -4.6304838e-01
   1.8700000e+00  -4.7759857e-01
   1.8800000e+00  -4.9190810e-01
   1.8900000e+00  -5.0596778e-01
   1.9000000e+00  -5.1976858e-01
   1.9100000e+00  -5.3330162e-01
   1.9200000e+00  -5.4655820e-01
   1.9300000e+00  -5.5952978e-01
   1.9400000e+00  -5.7220801e-01
   1.9500000e+00  -5.8458470e-01
   1.9600000e+00  -5.9665187e-01
   1.9700000e+00  -6.0840173e-01
   1.9800000e+00  -6.1982667e-01
   1.9900000e+00  -6.3091930e-01
   2.0000000e+00  -6.4167242e-01
   2.0100000e+00  -6.5207904e-01
   2.0200000e+00  -6.6213240e-01
   2.0300000e+00  -6.7182593e-01
   2.0400000e+00  -6.8115331e-01
   2.0500000e+00  -6.9010842e-01
   2.0600000e+00  -6.9868537e-01
   2.0700000e+00  -7.0687852e-01
   2.0800000e+00  -7.1468243e-01
   2.0900000e+00  -7.2209192e-01
   2.1000000e+00  -7.2910204e-01
   2.1100000e+00  -7.3570807e-01
   2.1200000e+00  -7.4190555e-01
   2.1300000e+00  -7.4769024e-01
   2.1400000e+00  -7.5305818e-01
   2.1500000e+00  -7.5800562e-01
   2.1600000e+00  -7.6252908e-01
   2.1700000e+00  -7.6662534e-01
   2.1800000e+00  -7.7029139e-01
   2.1900000e+00  -7.7352451e-01
   2.2000000e+00  -7.7632223e-01
   2.2100000e+00  -7.7868232e-01
   2.2200000e+00  -7.8060280e-01
   2.2300000e+00  -7.8208196e-01
   2.2400000e+00  -7.8311834e-01
   2.2500000e+00  -7.8371074e-01
   2.2600000e+00  -7.8385819e-01
   2.2700000e+00  -7.8356001e-01
   2.2800000e+00  -7.8281576e-01
   2.2900000e+00  -7.8162523e-01
   2.3000000e+00  -7.7998850e-01
   2.3100000e+00  -7.7790589e-01
   2.3200000e+00  -7.7537797e-01
   2.3300000e+00  -7.7240555e-01
   2.3400000e+00  -7.6898971e-01
   2.3500000e+00  -7.6513177e-01
   2.3600000e+00  -7.6083330e-01
   2.3700000e+00  -7.5609609e-01
   2.3800000e+00  -7.5092223e-01
   2.3900000e+00  -7.4531400e-01
   2.4000000e+00  -7.3927394e-01
   2.4100000e+00  -7.3280483e-01
   2.4200000e+00  -7.2590970e-01
   2.4300000e+00  -7.1859179e-01
   2.4400000e+00  -7.1085459e-01
   2.4500000e+00  -7.0270180e-01
   2.4600000e+00  -6.9413738e-01
   2.4700000e+00  -6.8516549e-01
   2.4800000e+00  -6.7579053e-01
   2.4900000e+00  -6.6601709e-01
   2.5000000e+00  -6.5585001e-01
   2.5100000e+00  -6.4529434e-01
   2.5200000e+00  -6.3435531e-01
   2.5300000e+00  -6.2303841e-01
   2.5400000e+00  -6.1134927e-01
   2.5500000e+00  -5.9929379e-01
   2.5600000e+00  -5.8687802e-01
   2.5700000e+00  -5.7410822e-01
   2.5800000e+00  -5.6099084e-01
   2.5900000e+00  -5.4753252e-01
   2.6000000e+00  -5.3374009e-01
   2.6100000e+00  -5.1962055e-01
   2.6200000e+00  -5.0518107e-01
   2.6300000e+00  -4.9042901e-01
   2.6400000e+00  -4.7537189e-01
   2.6500000e+00  -4.6001740e-01
   2.6600000e+00  -4.4437337e-01
   2.6700000e+00  -4.2844781e-01
   2.6800000e+00  -4.1224888e-01
   2.6900000e+00  -3.9578487e-01
   2.7000000e+00  -3.7906422e-01
   2.7100000e+00  -3.6209553e-01
   2.7200000e+00  -3.4488750e-01
   2.7300000e+00  -3.2744899e-01
   2.7400000e+00  -3.0978896e-01
   2.7500000e+00  -2.9191651e-01
   2.7600000e+00  -2.7384085e-01
   2.7700000e+00  -2.5557130e-01
   2.7800000e+00  -2.3711729e-01
   2.7900000e+00  -2.1848834e-01
   2.8000000e+00  -1.9969408e-01
   2.8100000e+00  -1.8074423e-01
   2.8200000e+00  -1.6164859e-01
   2.8300000e+00  -1.4241706e-01
   2.8400000e+00  -1.2305959e-01
   2.8500000e+00  -1.0358622e-01
   2.8600000e+00  -8.4007059e-02
   2.8700000e+00  -6.4332273e-02
   2.8800000e+00  -4.4572085e-02
   2.8900000e+00  -2.4736770e-02
   2.9000000e+00  -4.8366505e-03
   2.9100000e+00   1.5117908e-02
   2.9200000e+00   3.5116505e-02
   2.9300000e+00   5.5148708e-02
   2.9400000e+00   7.5204058e-02
   2.9500000e+00   9.5272075e-02
   2.9600000e+00   1.1534226e-01
   2.9700000e+00   1.3540411e-01
   2.9800000e+00   1.5544712e-01
   2.9900000e+00   1.7546076e-01
   3.0000000e+00   1.9543454e-01
   3.0100000e+00   2.1535795e-01
   3.0200000e+00   2.3522052e-01
   3.0300000e+00   2.5501178e-01
   3.0400000e+00   2.7472129e-01
   3.0500000e+00   2.9433866e-01
   3.0600000e+00   3.1385352e-01
   3.0700000e+00   3.3325554e-01
   3.0800000e+00   3.5253443e-01
   3.0900000e+00   3.7167998e-01
   3.1000000e+00   3.9068200e-01
   3.1100000e+00   4.0953040e-01
   3.1200000e+00   4.2821513e-01
   3.1300000e+00   4.4672621e-01
   3.1400000e+00   4.6505377e-01
   3.1500000e+00   4.8318798e-01
   3.1600000e+00   5.0111912e-01
   3.1700000e+00   5.1883757e-01
   3.1800000e+00   5.3633379e-01
   3.1900000e+00   5.5359835e-01
   3.2000000e+00   5.7062192e-01
   3.2100000e+00   5.8739529e-01
   3.2200000e+00   6.0390937e-01
   3.2300000e+00   6.2015518e-01
   3.2400000e+00   6.3612387e-01
   3.2500000e+00   6.5180673e-01
   3.2600000e+00   6.6719517e-01
   3.2700000e+00   6.8228075e-01
   3.2800000e+00   6.9705518e-01
   3.2900000e+00   7.1151029e-01
   3.3000000e+00   7.2563811e-01
   3.3100000e+00   7.3943078e-01
   3.3200000e+00   7.5288064e-01
   3.3300000e+00   7.6598016e-01
   3.3400000e+00   7.7872202e-01
   3.3500000e+00   7.9109905e-01
   3.3600000e+00   8.0310426e-01
   3.3700000e+00   8.1473085e-01
   3.3800000e+00   8.2597220e-01
   3.3900000e+00   8.3682188e-01
   3.4000000e+00   8.4727366e-01
   3.4100000e+00   8.5732150e-01
   3.4200000e+00   8.6695957e-01
   3.4300000e+00   8.7618224e-01
   3.4400000e+00   8.8498409e-01
   3.4500000e+00   8.9335991e-01
   3.4600000e+00   9.0130470e-01
   3.4700000e+00   9.0881369e-01
   3.4800000e+00   9.1588233e-01
   3.4900000e+00   9.2250628e-01
   3.5000000e+00   9.2868145e-01
   3.5100000e+00   9.3440395e-01
   3.5200000e+00   9.3967014e-01
   3.5300000e+00   9.4447664e-01
   3.5400000e+00   9.4882025e-01
   3.5500000e+00   9.5269807e-01
   3.5600000e+00   9.5610741e-01
   3.5700000e+00   9.5904583e-01
   3.5800000e+00   9.6151113e-01
   3.5900000e+00   9.6350139e-01
   3.6000000e+00   9.6501490e-01
   3.6100000e+00   9.6605023e-01
   3.6200000e+00   9.6660620e-01
   3.6300000e+00   9.6668189e-01
   3.6400000e+00   9.6627661e-01
   3.6500000e+00   9.6538997e-01
   3.6600000e+00   9.6402182e-01
   3.6700000e+00   9.6217226e-01
   3.6800000e+00   9.5984167e-01
   3.6900000e+00   9.5703069e-01
   3.7000000e+00   9.5374023e-01
   3.7100000e+00   9.4997144e-01
   3.7200000e+00   9.4572575e-01
   3.7300000e+00   9.4100487e-01
   3.7400000e+00   9.3581076e-01
   3.7500000e+00   9.3014564e-01
   3.7600000e+00   9.2401200e-01
   3.7700000e+00   9.1741261e-01
   3.7800000e+00   9.1035048e-01
   3.7900000e+00   9.0282890e-01
   3.8000000e+00   8.9485142e-01
   3.8100000e+00   8.8642186e-01
   3.8200000e+00   8.7754428e-01
   3.8300000e+00   8.6822302e-01
   3.8400000e+00   8.5846268e-01
   3.8500000e+00   8.4826810e-01
   3.8600000e+00   8.3764440e-01
   3.8700000e+00   8.2659694e-01
   3.8800000e+00   8.1513132e-01
   3.8900000e+00   8.0325343e-01
   3.9000000e+00   7.9096936e-01
   3.9100000e+00   7.7828548e-01
   3.9200000e+00   7.6520839e-01
   3.9300000e+00   7.5174494e-01
   3.9400000e+00   7.3790219e-01
   3.9500000e+00   7.2368748e-01
   3.9600000e+00   7.0910833e-01
   3.9700000e+00   6.9417252e-01
   3.9800000e+00   6.7888806e-01
   3.9900000e+00   6.6326314e-01
   4.0000000e+00   6.4730622e-01
   4.0100000e+00   6.3102592e-01
   4.0200000e+00   6.1443111e-01
   4.0300000e+00   5.9753082e-01
   4.0400000e+00   5.8033433e-01
   4.0500000e+00   5.6285106e-01
   4.0600000e+00   5.4509065e-01
   4.0700000e+00   5.2706292e-01
   4.0800000e+00   5.0877786e-01
   4.0900000e+00   4.9024563e-01
   4.1000000e+00   4.7147655e-01
   4.1100000e+00   4.5248113e-01
   4.1200000e+00   4.3326999e-01
   4.1300000e+00   4.1385394e-01
   4.1400000e+00   3.9424389e-01
   4.1500000e+00   3.7445091e-01
   4.1600000e+00   3.5448620e-01
   4.1700000e+00   3.3436107e-01
   4.1800000e+00   3.1408694e-01
   4.1900000e+00   2.9367536e-01
   4.2000000e+00   2.7313795e-01
   4.2100000e+00   2.5248645e-01
   4.2200000e+00   2.3173267e-01
   4.2300000e+00   2.1088849e-01
   4.2400000e+00   1.8996589e-01
   4.2500000e+00   1.6897689e-01
   4.2600000e+00   1.4793356e-01
   4.2700000e+00   1.2684805e-01
   4.2800000e+00   1.0573252e-01
   4.2900000e+00   8.4599175e-02
   4.3000000e+00   6.3460237e-02
   4.3100000e+00   4.2327953e-02
   4.3200000e+00   2.1214574e-02
   4.3300000e+00   1.3235290e-04
   4.3400000e+00  -2.0906465e-02
   4.3500000e+00  -4.1889650e-02
   4.3600000e+00  -6.2804996e-02
   4.3700000e+00  -8.3640331e-02
   4.3800000e+00  -1.0438352e-01
   4.3900000e+00  -1.2502247e-01
   4.4000000e+00  -1.4554517e-01
   4.4100000e+00  -1.6593964e-01
   4.4200000e+00  -1.8619399e-01
   4.4300000e+00  -2.0629641e-01
   4.4400000e+00  -2.2623518e-01
   4.4500000e+00  -2.4599868e-01
   4.4600000e+00  -2.6557538e-01
   4.4700000e+00  -2.8495389e-01
   4.4800000e+00  -3.0412291e-01
   4.4900000e+00  -3.2307129e-01
   4.5000000e+00  -3.4178802e-01
   4.5100000e+00  -3.6026223e-01
   4.5200000e+00  -3.7848319e-01
   4.5300000e+00  -3.9644036e-01
   4.5400000e+00  -4.1412334e-01
   4.5500000e+00  -4.3152192e-01
   4.5600000e+00  -4.4862609e-01
   4.5700000e+00  -4.6542600e-01
   4.5800000e+00  -4.8191202e-01
   4.5900000e+00  -4.9807473e-01
   4.6000000e+00  -5.1390492e-01
   4.6100000e+00  -5.2939358e-01
   4.6200000e+00  -5.4453197e-01
   4.6300000e+00  -5.5931156e-01
   4.6400000e+00  -5.7372405e-01
   4.6500000e+00  -5.8776142e-01
   4.6600000e+00  -6.0141588e-01
   4.6700000e+00  -6.1467993e-01
   4.6800000e+00  -6.2754632e-01
   4.6900000e+00  -6.4000807e-01
   4.7000000e+00  -6.5205849e-01
   4.7100000e+00  -6.6369119e-01
   4.7200000e+00  -6.7490005e-01
   4.7300000e+00  -6.8567926e-01
   4.7400000e+00  -6.9602332e-01
   4.7500000e+00  -7.0592703e-01
   4.7600000e+00  -7.1538552e-01
   4.7700000e+00  -7.2439421e-01
   4.7800000e+00  -7.3294889e-01
   4.7900000e+00  -7.4104563e-01
   4.8000000e+00  -7.4868088e-01
   4.8100000e+00  -7.5585139e-01
   4.8200000e+00  -7.6255428e-01
   4.8300000e+00  -7.6878701e-01
   4.8400000e+00  -7.7454737e-01
   4.8500000e+00  -7.7983354e-01
   4.8600000e+00  -7.8464402e-01
   4.8700000e+00  -7.8897769e-01
   4.8800000e+00  -7.9283380e-01
   4.8900000e+00  -7.9621194e-01
   4.9000000e+00  -7.9911209e-01
   4.9100000e+00  -8.0153459e-01
   4.9200000e+00  -8.0348016e-01
   4.9300000e+00  -8.0494987e-01
   4.9400000e+00  -8.0594519e-01
   4.9500000e+00  -8.0646796e-01
   4.9600000e+00  -8.0652038e-01
   4.9700000e+00  -8.0610505e-01
   4.9800000e+00  -8.0522492e-01
   4.9900000e+00  -8.0388334e-01
   5.0000000e+00  -8.0208404e-01
   5.0100000e+00  -7.9983109e-01
   5.0200000e+00  -7.9712898e-01
   5.0300000e+00  -7.9398255e-01
   5.0400000e+00  -7.9039700e-01
   5.0500000e+00  -7.8637793e-01
   5.0600000e+00  -7.8193129e-01
   5.0700000e+00  -7.7706340e-01
   5.0800000e+00  -7.7178094e-01
   5.0900000e+00  -7.6609095e-01
   5.1000000e+00  -7.6000083e-01
   5.1100000e+00  -7.5351833e-01
   5.1200000e+00  -7.4665156e-01
   5.1300000e+00  -7.3940894e-01
   5.1400000e+00  -7.3179927e-01
   5.1500000e+00  -7.2383166e-01
   5.1600000e+00  -7.1551555e-01
   5.1700000e+00  -7.0686071e-01
   5.1800000e+00  -6.9787722e-01
   5.1900000e+00  -6.8857546e-01
   5.2000000e+00  -6.7896614e-01
   5.2100000e+00  -6.6906023e-01
   5.2200000e+00  -6.5886900e-01
   5.2300000e+00  -6.4840402e-01
   5.2400000e+00  -6.3767709e-01
   5.2500000e+00  -6.2670030e-01
   5.2600000e+00  -6.1548598e-01
   5.2700000e+00  -6.0404670e-01
   5.2800000e+00  -5.9239526e-01
   5.2900000e+00  -5.8054468e-01
   5.3000000e+00  -5.6850820e-01
   5.3100000e+00  -5.5629923e-01
   5.3200000e+00  -5.4393140e-01
   5.3300000e+00  -5.3141848e-01
   5.3400000e+00  -5.1877442e-01
   5.3500000e+00  -5.0601330e-01
   5.3600000e+00  -4.9314933e-01
   5.3700000e+00  -4.8019687e-01
   5.3800000e+00  -4.6717033e-01
   5.3900000e+00  -4.5408425e-01
   5.4000000e+00  -4.4095323e-01
   5.4100000e+00  -4.2779190e-01
   5.4200000e+00  -4.1461496e-01
   5.4300000e+00  -4.0143712e-01
   5.4400000e+00  -3.8827307e-01
   5.4500000e+00  -3.7513752e-01
   5.4600000e+00  -3.6204513e-01
   5.4700000e+00  -3.4901049e-01
   5.4800000e+00  -3.3604814e-01
   5.4900000e+00  -3.2317251e-01
   5.5000000e+00  -3.1039791e-01
   5.5100000e+00  -2.9773854e-01
   5.5200000e+00  -2.8520841e-01
   5.5300000e+00  -2.7282136e-01
   5.5400000e+00  -2.6059103e-01
   5.5500000e+00  -2.4853082e-01
   5.5600000e+00  -2.3665388e-01
   5.5700000e+00  -2.2497310e-01
   5.5800000e+00  -2.1350103e-01
   5.5900000e+00  -2.0224993e-01
   5.6000000e+00  -1.9123167e-01
   5.6100000e+00  -1.8045775e-01
   5.6200000e+00  -1.6993928e-01
   5.6300000e+00  -1.5968689e-01
   5.6400000e+00  -1.4971077e-01
   5.6500000e+00  -1.4002061e-01
   5.6600000e+00  -1.3062556e-01
   5.6700000e+00  -1.2153421e-01
   5.6800000e+00  -1.1275458e-01
   5.6900000e+00  -1.0429404e-01
   5.7000000e+00  -9.6159318e-02
   5.7100000e+00  -8.8356460e-02
   5.7200000e+00  -8.0890778e-02
   5.7300000e+00  -7.3766832e-02
   5.7400000e+00  -6.6988385e-02
   5.7500000e+00  -6.0558376e-02
   5.7600000e+00  -5.4478875e-02
   5.7700000e+00  -4.8751051e-02
   5.7800000e+00  -4.3375133e-02
   5.7900000e+00  -3.8350370e-02
   5.8000000e+00  -3.3674993e-02
   5.8100000e+00  -2.9346174e-02
   5.8200000e+00  -2.5359986e-02
   5.8300000e+00  -2.1711361e-02
   5.8400000e+00  -1.8394049e-02
   5.8500000e+00  -1.5400574e-02
   5.8600000e+00  -1.2722192e-02
   5.8700000e+00  -1.0348846e-02
   5.8800000e+00  -8.2691178e-03
   5.8900000e+00  -6.4701892e-03
   5.9000000e+00  -4.9377899e-03
   5.9100000e+00  -3.6561526e-03
   5.9200000e+00  -2.6079647e-03
   5.9300000e+00  -1.7743198e-03
   5.9400000e+00  -1.1346682e-03
   5.9500000e+00  -6.6676708e-04
   5.9600000e+00  -3.4662909e-04
   5.9700000e+00  -1.4847107e-04
   5.9800000e+00  -4.4661526e-05
   5.9900000e+00  -5.6673722e-06
   6.0000000e+00  -3.5527137e-15
