   0.0000000e+00   0.0000000e+00
   1.0000000e-02   1.4061128e-03
   2.0000000e-02   5.5085443e-03
   3.0000000e-02   1.2137070e-02
   4.0000000e-02   2.1126256e-02
   5.0000000e-02   3.2315389e-02
   6.0000000e-02   4.5548408e-02
   7.0000000e-02   6.0673830e-02
   8.0000000e-02   7.7544687e-02
   9.0000000e-02   9.6018455e-02
   1.0000000e-01   1.1595698e-01
   1.1000000e-01   1.3722643e-01
   1.2000000e-01   1.5969720e-01
   1.3000000e-01   1.8324386e-01
   1.4000000e-01   2.0774509e-01
   1.5000000e-01   2.3308363e-01
   1.6000000e-01   2.5914616e-01
   1.7000000e-01   2.8582330e-01
   1.8000000e-01   3.1300951e-01
   1.9000000e-01   3.4060303e-01
   2.0000000e-01   3.6850583e-01
   2.1000000e-01   3.9662352e-01
   2.2000000e-01   4.2486532e-01
   2.3000000e-01   4.5314396e-01
   2.4000000e-01   4.8137566e-01
   2.5000000e-01   5.0948005e-01
   2.6000000e-01   5.3738009e-01
   2.7000000e-01   5.6500204e-01
   2.8000000e-01   5.9227537e-01
   2.9000000e-01   6.1913275e-01
   3.0000000e-01   6.4550993e-01
   3.1000000e-01   6.7134572e-01
   3.2000000e-01   6.9658192e-01
   3.3000000e-01   7.2116326e-01
   3.4000000e-01   7.4503735e-01
   3.5000000e-01   7.6815463e-01
   3.6000000e-01   7.9046828e-01
   3.7000000e-01   8.1193421e-01
   3.8000000e-01   8.3251096e-01
   3.9000000e-01   8.5215969e-01
   4.0000000e-01   8.7084409e-01
   4.1000000e-01   8.8853033e-01
   4.2000000e-01   9.0518703e-01
   4.3000000e-01   9.2078517e-01
   4.4000000e-01   9.3529809e-01
   4.5000000e-01   9.4870138e-01
   4.6000000e-01   9.6097286e-01
   4.7000000e-01   9.7209252e-01
   4.8000000e-01   9.8204248e-01
   4.9000000e-01   9.9080692e-01
   5.0000000e-01   9.9837205e-01
   5.1000000e-01   1.0047260e+00
   5.2000000e-01   1.0098590e+00
   5.3000000e-01   1.0137629e+00
   5.4000000e-01   1.0164315e+00
   5.5000000e-01   1.0178604e+00
   5.6000000e-01   1.0180470e+00
   5.7000000e-01   1.0169901e+00
   5.8000000e-01   1.0146904e+00
   5.9000000e-01   1.0111501e+00
   6.0000000e-01   1.0063731e+00
   6.1000000e-01   1.0003644e+00
   6.2000000e-01   9.9313087e-01
   6.3000000e-01   9.8468058e-01
   6.4000000e-01   9.7502303e-01
   6.5000000e-01   9.6416901e-01
   6.6000000e-01   9.5213062e-01
   6.7000000e-01   9.3892116e-01
   6.8000000e-01   9.2455517e-01
   6.9000000e-01   9.0904831e-01
   7.0000000e-01   8.9241736e-01
   7.1000000e-01   8.7468018e-01
   7.2000000e-01   8.5585565e-01
   7.3000000e-01   8.3596366e-01
   7.4000000e-01   8.1502503e-01
   7.5000000e-01   7.9306152e-01
   7.6000000e-01   7.7009572e-01
   7.7000000e-01   7.4615112e-01
   7.8000000e-01   7.2125195e-01
   7.9000000e-01   6.9542324e-01
   8.0000000e-01   6.6869073e-01
   8.1000000e-01   6.4108085e-01
   8.2000000e-01   6.1262069e-01
   8.3000000e-01   5.8333796e-01
   8.4000000e-01   5.5326094e-01
   8.5000000e-01   5.2241848e-01
   8.6000000e-01   4.9083992e-01
   8.7000000e-01   4.5855510e-01
   8.8000000e-01   4.2559430e-01
   8.9000000e-01   3.9198823e-01
   9.0000000e-01   3.5776797e-01
   9.1000000e-01   3.2296495e-01
   9.2000000e-01   2.8761093e-01
   9.3000000e-01   2.5173796e-01
   9.4000000e-01   2.1537834e-01
   9.5000000e-01   1.7856461e-01
   9.6000000e-01   1.4132950e-01
   9.7000000e-01   1.0370593e-01
   9.8000000e-01   6.5726938e-02
   9.9000000e-01   2.7425698e-02
   1.0000000e+00  -1.1164542e-02
   1.0100000e+00  -5.0010469e-02
   1.0200000e+00  -8.9078738e-02
   1.0300000e+00  -1.2833600e-01
   1.0400000e+00  -1.6774892e-01
   1.0500000e+00  -2.0728421e-01
   1.0600000e+00  -2.4690865e-01
   1.0700000e+00  -2.8658913e-01
   1.0800000e+00  -3.2629263e-01
   1.0900000e+00  -3.6598629e-01
   1.1000000e+00  -4.0563741e-01
   1.1100000e+00  -4.4521349e-01
   1.1200000e+00  -4.8468222e-01
   1.1300000e+00  -5.2401153e-01
   1.1400000e+00  -5.6316961e-01
   1.1500000e+00  -6.0212492e-01
   1.1600000e+00  -6.4084621e-01
   1.1700000e+00  -6.7930256e-01
   1.1800000e+00  -7.1746335e-01
   1.1900000e+00  -7.5529836e-01
   1.2000000e+00  -7.9277770e-01
   1.2100000e+00  -8.2987190e-01
   1.2200000e+00  -8.6655189e-01
   1.2300000e+00  -9.0278902e-01
   1.2400000e+00  -9.3855508e-01
   1.2500000e+00  -9.7382233e-01
   1.2600000e+00  -1.0085635e+00
   1.2700000e+00  -1.0427518e+00
   1.2800000e+00  -1.0763610e+00
   1.2900000e+00  -1.1093653e+00
   1.3000000e+00  -1.1417394e+00
   1.3100000e+00  -1.1734588e+00
   1.3200000e+00  -1.2044993e+00
   1.3300000e+00  -1.2348374e+00
   1.3400000e+00  -1.2644501e+00
   1.3500000e+00  -1.2933151e+00
   1.3600000e+00  -1.3214106e+00
   1.3700000e+00  -1.3487155e+00
   1.3800000e+00  -1.3752094e+00
   1.3900000e+00  -1.4008723e+00
   1.4000000e+00  -1.4256851e+00
   1.4100000e+00  -1.4496293e+00
   1.4200000e+00  -1.4726870e+00
   1.4300000e+00  -1.4948410e+00
   1.4400000e+00  -1.5160748e+00
   1.4500000e+00  -1.5363727e+00
   1.4600000e+00  -1.5557194e+00
   1.4700000e+00  -1.5741007e+00
   1.4800000e+00  -1.5915028e+00
   1.4900000e+00  -1.6079128e+00
   1.5000000e+00  -1.6233183e+00
   1.5100000e+00  -1.6377081e+00
   1.5200000e+00  -1.6510711e+00
   1.5300000e+00  -1.6633975e+00
   1.5400000e+00  -1.6746778e+00
   1.5500000e+00  -1.6849036e+00
   1.5600000e+00  -1.6940670e+00
   1.5700000e+00  -1.7021610e+00
   1.5800000e+00  -1.7091793e+00
   1.5900000e+00  -1.7151163e+00
   1.6000000e+00  -1.7199672e+00
   1.6100000e+00  -1.7237279e+00
   1.6200000e+00  -1.7263951e+00
   1.6300000e+00  -1.7279663e+00
   1.6400000e+00  -1.7284397e+00
   1.6500000e+00  -1.7278142e+00
   1.6600000e+00  -1.7260895e+00
   1.6700000e+00  -1.7232661e+00
   1.6800000e+00  -1.7193451e+00
   1.6900000e+00  -1.7143284e+00
   1.7000000e+00  -1.7082187e+00
   1.7100000e+00  -1.7010194e+00
   1.7200000e+00  -1.6927346e+00
   1.7300000e+00  -1.6833691e+00
   1.7400000e+00  -1.6729284e+00
   1.7500000e+00  -1.6614188e+00
   1.7600000e+00  -1.6488473e+00
   1.7700000e+00  -1.6352215e+00
   1.7800000e+00  -1.6205497e+00
   1.7900000e+00  -1.6048409e+00
   1.8000000e+00  -1.5881049e+00
   1.8100000e+00  -1.5703520e+00
   1.8200000e+00  -1.5515932e+00
   1.8300000e+00  -1.5318401e+00
   1.8400000e+00  -1.5111050e+00
   1.8500000e+00  -1.4894009e+00
   1.8600000e+00  -1.4667413e+00
   1.8700000e+00  -1.4431402e+00
   1.8800000e+00  -1.4186125e+00
   1.8900000e+00  -1.3931733e+00
   1.9000000e+00  -1.3668387e+00
   1.9100000e+00  -1.3396248e+00
   1.9200000e+00  -1.3115488e+00
   1.9300000e+00  -1.2826281e+00
   1.9400000e+00  -1.2528806e+00
   1.9500000e+00  -1.2223249e+00
   1.9600000e+00  -1.1909799e+00
   1.9700000e+00  -1.1588650e+00
   1.9800000e+00  -1.1260000e+00
   1.9900000e+00  -1.0924054e+00
   2.0000000e+00  -1.0581017e+00
   2.0100000e+00  -1.0231101e+00
   2.0200000e+00  -9.8745205e-01
   2.0300000e+00  -9.5114942e-01
   2.0400000e+00  -9.1422438e-01
   2.0500000e+00  -8.7669942e-01
   2.0600000e+00  -8.3859735e-01
   2.0700000e+00  -7.9994128e-01
   2.0800000e+00  -7.6075456e-01
   2.0900000e+00  -7.2106082e-01
   2.1000000e+00  -6.8088392e-01
   2.1100000e+00  -6.4024792e-01
   2.1200000e+00  -5.9917711e-01
   2.1300000e+00  -5.5769596e-01
   2.1400000e+00  -5.1582909e-01
   2.1500000e+00  -4.7360131e-01
   2.1600000e+00  -4.3103754e-01
   2.1700000e+00  -3.8816283e-01
   2.1800000e+00  -3.4500235e-01
   2.1900000e+00  -3.0158134e-01
   2.2000000e+00  -2.5792513e-01
   2.2100000e+00  -2.1405912e-01
   2.2200000e+00  -1.7000875e-01
   2.2300000e+00  -1.2579948e-01
   2.2400000e+00  -8.1456813e-02
   2.2500000e+00  -3.7006242e-02
   2.2600000e+00   7.5267474e-03
   2.2700000e+00   5.2116690e-02
   2.2800000e+00   9.6738160e-02
   2.2900000e+00   1.4136578e-01
   2.3000000e+00   1.8597424e-01
   2.3100000e+00   2.3053829e-01
   2.3200000e+00   2.7503279e-01
   2.3300000e+00   3.1943270e-01
   2.3400000e+00   3.6371308e-01
   2.3500000e+00   4.0784912e-01
   2.3600000e+00   4.5181616e-01
   2.3700000e+00   4.9558968e-01
   2.3800000e+00   5.3914532e-01
   2.3900000e+00   5.8245890e-01
   2.4000000e+00   6.2550643e-01
   2.4100000e+00   6.6826410e-01
   2.4200000e+00   7.1070833e-01
   2.4300000e+00   7.5281573e-01
   2.4400000e+00   7.9456316e-01
   2.4500000e+00   8.3592771e-01
   2.4600000e+00   8.7688672e-01
   2.4700000e+00   9.1741779e-01
   2.4800000e+00   9.5749879e-01
   2.4900000e+00   9.9710787e-01
   2.5000000e+00   1.0362235e+00
   2.5100000e+00   1.0748243e+00
   2.5200000e+00   1.1128894e+00
   2.5300000e+00   1.1503981e+00
   2.5400000e+00   1.1873302e+00
   2.5500000e+00   1.2236656e+00
   2.5600000e+00   1.2593846e+00
   2.5700000e+00   1.2944680e+00
   2.5800000e+00   1.3288969e+00
   2.5900000e+00   1.3626526e+00
   2.6000000e+00   1.3957170e+00
   2.6100000e+00   1.4280721e+00
   2.6200000e+00   1.4597007e+00
   2.6300000e+00   1.4905856e+00
   2.6400000e+00   1.5207102e+00
   2.6500000e+00   1.5500582e+00
   2.6600000e+00   1.5786139e+00
   2.6700000e+00   1.6063617e+00
   2.6800000e+00   1.6332869e+00
   2.6900000e+00   1.6593747e+00
   2.7000000e+00   1.6846111e+00
   2.7100000e+00   1.7089825e+00
   2.7200000e+00   1.7324756e+00
   2.7300000e+00   1.7550776e+00
   2.7400000e+00   1.7767763e+00
   2.7500000e+00   1.7975598e+00
   2.7600000e+00   1.8174167e+00
   2.7700000e+00   1.8363362e+00
   2.7800000e+00   1.8543078e+00
   2.7900000e+00   1.8713216e+00
   2.8000000e+00   1.8873682e+00
   2.8100000e+00   1.9024385e+00
   2.8200000e+00   1.9165241e+00
   2.8300000e+00   1.9296170e+00
   2.8400000e+00   1.9417097e+00
   2.8500000e+00   1.9527953e+00
   2.8600000e+00   1.9628672e+00
   2.8700000e+00   1.9719196e+00
   2.8800000e+00   1.9799469e+00
   2.8900000e+00   1.9869441e+00
   2.9000000e+00   1.9929070e+00
   2.9100000e+00   1.9978314e+00
   2.9200000e+00   2.0017141e+00
   2.9300000e+00   2.0045521e+00
   2.9400000e+00   2.0063431e+00
   2.9500000e+00   2.0070852e+00
   2.9600000e+00   2.0067771e+00
   2.9700000e+00   2.0054180e+00
   2.9800000e+00   2.0030076e+00
   2.9900000e+00   1.9995461e+00
   3.0000000e+00   1.9950343e+00
   3.0100000e+00   1.9894735e+00
   3.0200000e+00   1.9828654e+00
   3.0300000e+00   1.9752125e+00
   3.0400000e+00   1.9665175e+00
   3.0500000e+00   1.9567838e+00
   3.0600000e+00   1.9460153e+00
   3.0700000e+00   1.9342164e+00
   3.0800000e+00   1.9213921e+00
   3.0900000e+00   1.9075477e+00
   3.1000000e+00   1.8926892e+00
   3.1100000e+00   1.8768230e+00
   3.1200000e+00   1.8599562e+00
   3.1300000e+00   1.8420962e+00
   3.1400000e+00   1.8232510e+00
   3.1500000e+00   1.8034291e+00
   3.1600000e+00   1.7826394e+00
   3.1700000e+00   1.7608914e+00
   3.1800000e+00   1.7381951e+00
   3.1900000e+00   1.7145609e+00
   3.2000000e+00   1.6899998e+00
   3.2100000e+00   1.6645232e+00
   3.2200000e+00   1.6381430e+00
   3.2300000e+00   1.6108716e+00
   3.2400000e+00   1.5827218e+00
   3.2500000e+00   1.5537069e+00
   3.2600000e+00   1.5238406e+00
   3.2700000e+00   1.4931373e+00
   3.2800000e+00   1.4616116e+00
   3.2900000e+00   1.4292785e+00
   3.3000000e+00   1.3961536e+00
   3.3100000e+00   1.3622530e+00
   3.3200000e+00   1.3275929e+00
   3.3300000e+00   1.2921903e+00
   3.3400000e+00   1.2560624e+00
   3.3500000e+00   1.2192269e+00
   3.3600000e+00   1.1817018e+00
   3.3700000e+00   1.1435055e+00
   3.3800000e+00   1.1046568e+00
   3.3900000e+00   1.0651751e+00
   3.4000000e+00   1.0250799e+00
   3.4100000e+00   9.8439117e-01
   3.4200000e+00   9.4312917e-01
   3.4300000e+00   9.0131459e-01
   3.4400000e+00   8.5896844e-01
   3.4500000e+00   8.1611206e-01
   3.4600000e+00   7.7276711e-01
   3.4700000e+00   7.2895557e-01
   3.4800000e+00   6.8469973e-01
   3.4900000e+00   6.4002216e-01
   3.5000000e+00   5.9494574e-01
   3.5100000e+00   5.4949363e-01
   3.5200000e+00   5.0368924e-01
   3.5300000e+00   4.5755627e-01
   3.5400000e+00   4.1111863e-01
   3.5500000e+00   3.6440051e-01
   3.5600000e+00   3.1742630e-01
   3.5700000e+00   2.7022063e-01
   3.5800000e+00   2.2280832e-01
   3.5900000e+00   1.7521440e-01
   3.6000000e+00   1.2746409e-01
   3.6100000e+00   7.9582757e-02
   3.6200000e+00   3.1595968e-02
   3.6300000e+00  -1.6470582e-02
   3.6400000e+00  -6.4591051e-02
   3.6500000e+00  -1.1273947e-01
   3.6600000e+00  -1.6088976e-01
   3.6700000e+00  -2.0901572e-01
   3.6800000e+00  -2.5709108e-01
   3.6900000e+00  -3.0508950e-01
   3.7000000e+00  -3.5298454e-01
   3.7100000e+00  -4.0074973e-01
   3.7200000e+00  -4.4835857e-01
   3.7300000e+00  -4.9578453e-01
   3.7400000e+00  -5.4300106e-01
   3.7500000e+00  -5.8998162e-01
   3.7600000e+00  -6.3669968e-01
   3.7700000e+00  -6.8312876e-01
   3.7800000e+00  -7.2924241e-01
   3.7900000e+00  -7.7501424e-01
   3.8000000e+00  -8.2041796e-01
   3.8100000e+00  -8.6542733e-01
   3.8200000e+00  -9.1001625e-01
   3.8300000e+00  -9.5415872e-01
   3.8400000e+00  -9.9782890e-01
   3.8500000e+00  -1.0410011e+00
   3.8600000e+00  -1.0836497e+00
   3.8700000e+00  -1.1257495e+00
   3.8800000e+00  -1.1672753e+00
   3.8900000e+00  -1.2082021e+00
   3.9000000e+00  -1.2485053e+00
   3.9100000e+00  -1.2881604e+00
   3.9200000e+00  -1.3271432e+00
   3.9300000e+00  -1.3654299e+00
   3.9400000e+00  -1.4029969e+00
   3.9500000e+00  -1.4398209e+00
   3.9600000e+00  -1.4758791e+00
   3.9700000e+00  -1.5111487e+00
   3.9800000e+00  -1.5456077e+00
   3.9900000e+00  -1.5792342e+00
   4.0000000e+00  -1.6120069e+00
   4.0100000e+00  -1.6439049e+00
   4.0200000e+00  -1.6749075e+00
   4.0300000e+00  -1.7049948e+00
   4.0400000e+00  -1.7341472e+00
   4.0500000e+00  -1.7623458e+00
   4.0600000e+00  -1.7895719e+00
   4.0700000e+00  -1.8158076e+00
   4.0800000e+00  -1.8410355e+00
   4.0900000e+00  -1.8652387e+00
   4.1000000e+00  -1.8884010e+00
   4.1100000e+00  -1.9105067e+00
   4.1200000e+00  -1.9315407e+00
   4.1300000e+00  -1.9514886e+00
   4.1400000e+00  -1.9703367e+00
   4.1500000e+00  -1.9880719e+00
   4.1600000e+00  -2.0046816e+00
   4.1700000e+00  -2.0201542e+00
   4.1800000e+00  -2.0344785e+00
   4.1900000e+00  -2.0476443e+00
   4.2000000e+00  -2.0596417e+00
   4.2100000e+00  -2.0704620e+00
   4.2200000e+00  -2.0800968e+00
   4.2300000e+00  -2.0885388e+00
   4.2400000e+00  -2.0957812e+00
   4.2500000e+00  -2.1018180e+00
   4.2600000e+00  -2.1066442e+00
   4.2700000e+00  -2.1102552e+00
   4.2800000e+00  -2.1126475e+00
   4.2900000e+00  -2.1138182e+00
   4.3000000e+00  -2.1137653e+00
   4.3100000e+00  -2.1124874e+00
   4.3200000e+00  -2.1099842e+00
   4.3300000e+00  -2.1062559e+00
   4.3400000e+00  -2.1013038e+00
   4.3500000e+00  -2.0951298e+00
   4.3600000e+00  -2.0877366e+00
   4.3700000e+00  -2.0791280e+00
   4.3800000e+00  -2.0693082e+00
   4.3900000e+00  -2.0582825e+00
   4.4000000e+00  -2.0460570e+00
   4.4100000e+00  -2.0326385e+00
   4.4200000e+00  -2.0180348e+00
   4.4300000e+00  -2.0022543e+00
   4.4400000e+00  -1.9853064e+00
   4.4500000e+00  -1.9672011e+00
   4.4600000e+00  -1.9479495e+00
   4.4700000e+00  -1.9275633e+00
   4.4800000e+00  -1.9060550e+00
   4.4900000e+00  -1.8834381e+00
   4.5000000e+00  -1.8597267e+00
   4.5100000e+00  -1.8349357e+00
   4.5200000e+00  -1.8090810e+00
   4.5300000e+00  -1.7821789e+00
   4.5400000e+00  -1.7542469e+00
   4.5500000e+00  -1.7253030e+00
   4.5600000e+00  -1.6953661e+00
   4.5700000e+00  -1.6644557e+00
   4.5800000e+00  -1.6325921e+00
   4.5900000e+00  -1.5997965e+00
   4.6000000e+00  -1.5660905e+00
   4.6100000e+00  -1.5314969e+00
   4.6200000e+00  -1.4960386e+00
   4.6300000e+00  -1.4597398e+00
   4.6400000e+00  -1.4226249e+00
   4.6500000e+00  -1.3847193e+00
   4.6600000e+00  -1.3460489e+00
   4.6700000e+00  -1.3066402e+00
   4.6800000e+00  -1.2665206e+00
   4.6900000e+00  -1.2257178e+00
   4.7000000e+00  -1.1842603e+00
   4.7100000e+00  -1.1421771e+00
   4.7200000e+00  -1.0994979e+00
   4.7300000e+00  -1.0562528e+00
   4.7400000e+00  -1.0124726e+00
   4.7500000e+00  -9.6818857e-01
   4.7600000e+00  -9.2343240e-01
   4.7700000e+00  -8.7823638e-01
   4.7800000e+00  -8.3263328e-01
   4.7900000e+00  -7.8665626e-01
   4.8000000e+00  -7.4033898e-01
   4.8100000e+00  -6.9371549e-01
   4.8200000e+00  -6.4682024e-01
   4.8300000e+00  -5.9968806e-01
   4.8400000e+00  -5.5235414e-01
   4.8500000e+00  -5.0485399e-01
   4.8600000e+00  -4.5722346e-01
   4.8700000e+00  -4.0949868e-01
   4.8800000e+00  -3.6171602e-01
   4.8900000e+00  -3.1391215e-01
   4.9000000e+00  -2.6612390e-01
   4.9100000e+00  -2.1838833e-01
   4.9200000e+00  -1.7074267e-01
   4.9300000e+00  -1.2322427e-01
   4.9400000e+00  -7.5870641e-02
   4.9500000e+00  -2.8719343e-02
   4.9600000e+00   1.8191976e-02
   4.9700000e+00   6.4825637e-02
   4.9800000e+00   1.1114395e-01
   4.9900000e+00   1.5710924e-01
   5.0000000e+00   2.0268389e-01
   5.0100000e+00   2.4783035e-01
   5.0200000e+00   2.9251119e-01
   5.0300000e+00   3.3668909e-01
   5.0400000e+00   3.8032694e-01
   5.0500000e+00   4.2338781e-01
   5.0600000e+00   4.6583498e-01
   5.0700000e+00   5.0763204e-01
   5.0800000e+00   5.4874284e-01
   5.0900000e+00   5.8913158e-01
   5.1000000e+00   6.2876282e-01
   5.1100000e+00   6.6760151e-01
   5.1200000e+00   7.0561306e-01
   5.1300000e+00   7.4276333e-01
   5.1400000e+00   7.7901869e-01
   5.1500000e+00   8.1434604e-01
   5.1600000e+00   8.4871289e-01
   5.1700000e+00   8.8208733e-01
   5.1800000e+00   9.1443813e-01
   5.1900000e+00   9.4573475e-01
   5.2000000e+00   9.7594737e-01
   5.2100000e+00   1.0050469e+00
   5.2200000e+00   1.0330052e+00
   5.2300000e+00   1.0597949e+00
   5.2400000e+00   1.0853894e+00
   5.2500000e+00   1.1097631e+00
   5.2600000e+00   1.1328916e+00
   5.2700000e+00   1.1547513e+00
   5.2800000e+00   1.1753196e+00
   5.2900000e+00   1.1945751e+00
   5.3000000e+00   1.2124977e+00
   5.3100000e+00   1.2290681e+00
   5.3200000e+00   1.2442687e+00
   5.3300000e+00   1.2580828e+00
   5.3400000e+00   1.2704953e+00
   5.3500000e+00   1.2814922e+00
   5.3600000e+00   1.2910613e+00
   5.3700000e+00   1.2991915e+00
   5.3800000e+00   1.3058733e+00
   5.3900000e+00   1.3110990e+00
   5.4000000e+00   1.3148621e+00
   5.4100000e+00   1.3171583e+00
   5.4200000e+00   1.3179845e+00
   5.4300000e+00   1.3173395e+00
   5.4400000e+00   1.3152242e+00
   5.4500000e+00   1.3116411e+00
   5.4600000e+00   1.3065945e+00
   5.4700000e+00   1.3000910e+00
   5.4800000e+00   1.2921389e+00
   5.4900000e+00   1.2827488e+00
   5.5000000e+00   1.2719334e+00
   5.5100000e+00   1.2597074e+00
   5.5200000e+00   1.2460880e+00
   5.5300000e+00   1.2310945e+00
   5.5400000e+00   1.2147485e+00
   5.5500000e+00   1.1970742e+00
   5.5600000e+00   1.1780982e+00
   5.5700000e+00   1.1578495e+00
   5.5800000e+00   1.1363598e+00
   5.5900000e+00   1.1136633e+00
   5.6000000e+00   1.0897970e+00
   5.6100000e+00   1.0648007e+00
   5.6200000e+00   1.0387168e+00
   5.6300000e+00   1.0115908e+00
   5.6400000e+00   9.8347106e-01
   5.6500000e+00   9.5440880e-01
   5.6600000e+00   9.2445843e-01
   5.6700000e+00   8.9367742e-01
   5.6800000e+00   8.6212646e-01
   5.6900000e+00   8.2986943e-01
   5.7000000e+00   7.9697354e-01
   5.7100000e+00   7.6350936e-01
   5.7200000e+00   7.2955089e-01
   5.7300000e+00   6.9517564e-01
   5.7400000e+00   6.6046467e-01
   5.7500000e+00   6.2550266e-01
   5.7600000e+00   5.9037800e-01
   5.7700000e+00   5.5518285e-01
   5.7800000e+00   5.2001316e-01
   5.7900000e+00   4.8496882e-01
   5.8000000e+00   4.5015367e-01
   5.8100000e+00   4.1567557e-01
   5.8200000e+00   3.8164650e-01
   5.8300000e+00   3.4818261e-01
   5.8400000e+00   3.1540430e-01
   5.8500000e+00   2.8343627e-01
   5.8600000e+00   2.5240763e-01
   5.8700000e+00   2.2245192e-01
   5.8800000e+00   1.9370722e-01
   5.8900000e+00   1.6631624e-01
   5.9000000e+00   1.4042633e-01
   5.9100000e+00   1.1618960e-01
   5.9200000e+00   9.3763008e-02
   5.9300000e+00   7.3308386e-02
   5.9400000e+00   5.4992553e-02
   5.9500000e+00   3.8987377e-02
   5.9600000e+00   2.5469854e-02
   5.9700000e+00   1.4622185e-02
   5.9800000e+00   6.6318523e-03
   5.9900000e+00   1.6916973e-03
   6.0000000e+00  -2.1316282e-14
