   0.0000000e+00   0.0000000e+00
   1.4061128e-03  -6.1202394e-05
   5.5085443e-03  -2.3937406e-04
   1.2137070e-02  -5.2653086e-04
   2.1126256e-02  -9.1491168e-04
   3.2315389e-02  -1.3969752e-03
   4.5548408e-02  -1.9653968e-03
   6.0673830e-02  -2.6130655e-03
   7.7544687e-02  -3.3330808e-03
   9.6018455e-02  -4.1187493e-03
   1.1595698e-01  -4.9635824e-03
   1.3722643e-01  -5.8612924e-03
   1.5969720e-01  -6.8057901e-03
   1.8324386e-01  -7.7911814e-03
   2.0774509e-01  -8.8117646e-03
   2.3308363e-01  -9.8620271e-03
   2.5914616e-01  -1.0936643e-02
   2.8582330e-01  -1.2030469e-02
   3.1300951e-01  -1.3138544e-02
   3.4060303e-01  -1.4256083e-02
   3.6850583e-01  -1.5378476e-02
   3.9662352e-01  -1.6501285e-02
   4.2486532e-01  -1.7620242e-02
   4.5314396e-01  -1.8731244e-02
   4.8137566e-01  -1.9830353e-02
   5.0948005e-01  -2.0913789e-02
   5.3738009e-01  -2.1977932e-02
   5.6500204e-01  -2.3019318e-02
   5.9227537e-01  -2.4034634e-02
   6.1913275e-01  -2.5020718e-02
   6.4550993e-01  -2.5974552e-02
   6.7134572e-01  -2.6893267e-02
   6.9658192e-01  -2.7774133e-02
   7.2116326e-01  -2.8614560e-02
   7.4503735e-01  -2.9412095e-02
   7.6815463e-01  -3.0164418e-02
   7.9046828e-01  -3.0869341e-02
   8.1193421e-01  -3.1524806e-02
   8.3251096e-01  -3.2128879e-02
   8.5215969e-01  -3.2679753e-02
   8.7084409e-01  -3.3175740e-02
   8.8853033e-01  -3.3615273e-02
   9.0518703e-01  -3.3996899e-02
   9.2078517e-01  -3.4319281e-02
   9.3529809e-01  -3.4581194e-02
   9.4870138e-01  -3.4781521e-02
   9.6097286e-01  -3.4919252e-02
   9.7209252e-01  -3.4993483e-02
   9.8204248e-01  -3.5003412e-02
   9.9080692e-01  -3.4948335e-02
   9.9837205e-01  -3.4827648e-02
   1.0047260e+00  -3.4640842e-02
   1.0098590e+00  -3.4387501e-02
   1.0137629e+00  -3.4067298e-02
   1.0164315e+00  -3.3679998e-02
   1.0178604e+00  -3.3225451e-02
   1.0180470e+00  -3.2703591e-02
   1.0169901e+00  -3.2114435e-02
   1.0146904e+00  -3.1458079e-02
   1.0111501e+00  -3.0734698e-02
   1.0063731e+00  -2.9944542e-02
   1.0003644e+00  -2.9087937e-02
   9.9313087e-01  -2.8165278e-02
   9.8468058e-01  -2.7177031e-02
   9.7502303e-01  -2.6123730e-02
   9.6416901e-01  -2.5005974e-02
   9.5213062e-01  -2.3824425e-02
   9.3892116e-01  -2.2579809e-02
   9.2455517e-01  -2.1272910e-02
   9.0904831e-01  -1.9904571e-02
   8.9241736e-01  -1.8475690e-02
   8.7468018e-01  -1.6987219e-02
   8.5585565e-01  -1.5440164e-02
   8.3596366e-01  -1.3835580e-02
   8.1502503e-01  -1.2174570e-02
   7.9306152e-01  -1.0458285e-02
   7.7009572e-01  -8.6879210e-03
   7.4615112e-01  -6.8647167e-03
   7.2125195e-01  -4.9899524e-03
   6.9542324e-01  -3.0649483e-03
   6.6869073e-01  -1.0910624e-03
   6.4108085e-01   9.3031051e-04
   6.1262069e-01   2.9977414e-03
   5.8333796e-01   5.1097678e-03
   5.5326094e-01   7.2648961e-03
   5.2241848e-01   9.4616028e-03
   4.9083992e-01   1.1698336e-02
   4.5855510e-01   1.3973518e-02
   4.2559430e-01   1.6285544e-02
   3.9198823e-01   1.8632788e-02
   3.5776797e-01   2.1013600e-02
   3.2296495e-01   2.3426311e-02
   2.8761093e-01   2.5869233e-02
   2.5173796e-01   2.8340658e-02
   2.1537834e-01   3.0838865e-02
   1.7856461e-01   3.3362116e-02
   1.4132950e-01   3.5908660e-02
   1.0370593e-01   3.8476735e-02
   6.5726938e-02   4.1064567e-02
   2.7425698e-02   4.3670373e-02
  -1.1164542e-02   4.6292364e-02
  -5.0010469e-02   4.8928742e-02
  -8.9078738e-02   5.1577704e-02
  -1.2833600e-01   5.4237443e-02
  -1.6774892e-01   5.6906150e-02
  -2.0728421e-01   5.9582014e-02
  -2.4690865e-01   6.2263222e-02
  -2.8658913e-01   6.4947964e-02
  -3.2629263e-01   6.7634431e-02
  -3.6598629e-01   7.0320815e-02
  -4.0563741e-01   7.3005316e-02
  -4.4521349e-01   7.5686137e-02
  -4.8468222e-01   7.8361486e-02
  -5.2401153e-01   8.1029582e-02
  -5.6316961e-01   8.3688650e-02
  -6.0212492e-01   8.6336924e-02
  -6.4084621e-01   8.8972651e-02
  -6.7930256e-01   9.1594087e-02
  -7.1746335e-01   9.4199502e-02
  -7.5529836e-01   9.6787179e-02
  -7.9277770e-01   9.9355416e-02
  -8.2987190e-01   1.0190252e-01
  -8.6655189e-01   1.0442683e-01
  -9.0278902e-01   1.0692669e-01
  -9.3855508e-01   1.0940045e-01
  -9.7382233e-01   1.1184651e-01
  -1.0085635e+00   1.1426326e-01
  -1.0427518e+00   1.1664913e-01
  -1.0763610e+00   1.1900256e-01
  -1.1093653e+00   1.2132202e-01
  -1.1417394e+00   1.2360599e-01
  -1.1734588e+00   1.2585298e-01
  -1.2044993e+00   1.2806153e-01
  -1.2348374e+00   1.3023021e-01
  -1.2644501e+00   1.3235759e-01
  -1.2933151e+00   1.3444229e-01
  -1.3214106e+00   1.3648294e-01
  -1.3487155e+00   1.3847822e-01
  -1.3752094e+00   1.4042681e-01
  -1.4008723e+00   1.4232743e-01
  -1.4256851e+00   1.4417885e-01
  -1.4496293e+00   1.4597983e-01
  -1.4726870e+00   1.4772918e-01
  -1.4948410e+00   1.4942576e-01
  -1.5160748e+00   1.5106842e-01
  -1.5363727e+00   1.5265607e-01
  -1.5557194e+00   1.5418766e-01
  -1.5741007e+00   1.5566213e-01
  -1.5915028e+00   1.5707850e-01
  -1.6079128e+00   1.5843579e-01
  -1.6233183e+00   1.5973308e-01
  -1.6377081e+00   1.6096946e-01
  -1.6510711e+00   1.6214406e-01
  -1.6633975e+00   1.6325605e-01
  -1.6746778e+00   1.6430464e-01
  -1.6849036e+00   1.6528907e-01
  -1.6940670e+00   1.6620859e-01
  -1.7021610e+00   1.6706253e-01
  -1.7091793e+00   1.6785023e-01
  -1.7151163e+00   1.6857106e-01
  -1.7199672e+00   1.6922444e-01
  -1.7237279e+00   1.6980982e-01
  -1.7263951e+00   1.7032668e-01
  -1.7279663e+00   1.7077455e-01
  -1.7284397e+00   1.7115299e-01
  -1.7278142e+00   1.7146159e-01
  -1.7260895e+00   1.7169998e-01
  -1.7232661e+00   1.7186784e-01
  -1.7193451e+00   1.7196486e-01
  -1.7143284e+00   1.7199079e-01
  -1.7082187e+00   1.7194540e-01
  -1.7010194e+00   1.7182851e-01
  -1.6927346e+00   1.7163996e-01
  -1.6833691e+00   1.7137965e-01
  -1.6729284e+00   1.7104749e-01
  -1.6614188e+00   1.7064344e-01
  -1.6488473e+00   1.7016750e-01
  -1.6352215e+00   1.6961968e-01
  -1.6205497e+00   1.6900006e-01
  -1.6048409e+00   1.6830874e-01
  -1.5881049e+00   1.6754585e-01
  -1.5703520e+00   1.6671155e-01
  -1.5515932e+00   1.6580606e-01
  -1.5318401e+00   1.6482960e-01
  -1.5111050e+00   1.6378245e-01
  -1.4894009e+00   1.6266492e-01
  -1.4667413e+00   1.6147733e-01
  -1.4431402e+00   1.6022007e-01
  -1.4186125e+00   1.5889353e-01
  -1.3931733e+00   1.5749815e-01
  -1.3668387e+00   1.5603439e-01
  -1.3396248e+00   1.5450276e-01
  -1.3115488e+00   1.5290377e-01
  -1.2826281e+00   1.5123799e-01
  -1.2528806e+00   1.4950601e-01
  -1.2223249e+00   1.4770844e-01
  -1.1909799e+00   1.4584593e-01
  -1.1588650e+00   1.4391915e-01
  -1.1260000e+00   1.4192880e-01
  -1.0924054e+00   1.3987561e-01
  -1.0581017e+00   1.3776034e-01
  -1.0231101e+00   1.3558376e-01
  -9.8745205e-01   1.3334668e-01
  -9.5114942e-01   1.3104993e-01
  -9.1422438e-01   1.2869436e-01
  -8.7669942e-01   1.2628085e-01
  -8.3859735e-01   1.2381030e-01
  -7.9994128e-01   1.2128362e-01
  -7.6075456e-01   1.1870175e-01
  -7.2106082e-01   1.1606566e-01
  -6.8088392e-01   1.1337633e-01
  -6.4024792e-01   1.1063476e-01
  -5.9917711e-01   1.0784197e-01
  -5.5769596e-01   1.0499899e-01
  -5.1582909e-01   1.0210689e-01
  -4.7360131e-01   9.9166720e-02
  -4.3103754e-01   9.6179580e-02
  -3.8816283e-01   9.3146570e-02
  -3.4500235e-01   9.0068808e-02
  -3.0158134e-01   8.6947426e-02
  -2.5792513e-01   8.3783570e-02
  -2.1405912e-01   8.0578399e-02
  -1.7000875e-01   7.7333084e-02
  -1.2579948e-01   7.4048810e-02
  -8.1456813e-02   7.0726772e-02
  -3.7006242e-02   6.7368176e-02
   7.5267474e-03   6.3974240e-02
   5.2116690e-02   6.0546188e-02
   9.6738160e-02   5.7085259e-02
   1.4136578e-01   5.3592696e-02
   1.8597424e-01   5.0069752e-02
   2.3053829e-01   4.6517688e-02
   2.7503279e-01   4.2937773e-02
   3.1943270e-01   3.9331280e-02
   3.6371308e-01   3.5699491e-02
   4.0784912e-01   3.2043693e-02
   4.5181616e-01   2.8365176e-02
   4.9558968e-01   2.4665237e-02
   5.3914532e-01   2.0945178e-02
   5.8245890e-01   1.7206301e-02
   6.2550643e-01   1.3449915e-02
   6.6826410e-01   9.6773300e-03
   7.1070833e-01   5.8898582e-03
   7.5281573e-01   2.0888138e-03
   7.9456316e-01  -1.7244874e-03
   8.3592771e-01  -5.5487291e-03
   8.7688672e-01  -9.3825944e-03
   9.1741779e-01  -1.3224767e-02
   9.5749879e-01  -1.7073929e-02
   9.9710787e-01  -2.0928767e-02
   1.0362235e+00  -2.4787966e-02
   1.0748243e+00  -2.8650214e-02
   1.1128894e+00  -3.2514200e-02
   1.1503981e+00  -3.6378618e-02
   1.1873302e+00  -4.0242164e-02
   1.2236656e+00  -4.4103535e-02
   1.2593846e+00  -4.7961436e-02
   1.2944680e+00  -5.1814573e-02
   1.3288969e+00  -5.5661659e-02
   1.3626526e+00  -5.9501410e-02
   1.3957170e+00  -6.3332550e-02
   1.4280721e+00  -6.7153806e-02
   1.4597007e+00  -7.0963912e-02
   1.4905856e+00  -7.4761611e-02
   1.5207102e+00  -7.8545650e-02
   1.5500582e+00  -8.2314784e-02
   1.5786139e+00  -8.6067777e-02
   1.6063617e+00  -8.9803399e-02
   1.6332869e+00  -9.3520430e-02
   1.6593747e+00  -9.7217659e-02
   1.6846111e+00  -1.0089388e-01
   1.7089825e+00  -1.0454791e-01
   1.7324756e+00  -1.0817855e-01
   1.7550776e+00  -1.1178463e-01
   1.7767763e+00  -1.1536500e-01
   1.7975598e+00  -1.1891849e-01
   1.8174167e+00  -1.2244397e-01
   1.8363362e+00  -1.2594031e-01
   1.8543078e+00  -1.2940638e-01
   1.8713216e+00  -1.3284109e-01
   1.8873682e+00  -1.3624333e-01
   1.9024385e+00  -1.3961203e-01
   1.9165241e+00  -1.4294611e-01
   1.9296170e+00  -1.4624451e-01
   1.9417097e+00  -1.4950621e-01
   1.9527953e+00  -1.5273016e-01
   1.9628672e+00  -1.5591535e-01
   1.9719196e+00  -1.5906078e-01
   1.9799469e+00  -1.6216546e-01
   1.9869441e+00  -1.6522842e-01
   1.9929070e+00  -1.6824870e-01
   1.9978314e+00  -1.7122536e-01
   2.0017141e+00  -1.7415747e-01
   2.0045521e+00  -1.7704412e-01
   2.0063431e+00  -1.7988442e-01
   2.0070852e+00  -1.8267747e-01
   2.0067771e+00  -1.8542243e-01
   2.0054180e+00  -1.8811844e-01
   2.0030076e+00  -1.9076466e-01
   1.9995461e+00  -1.9336030e-01
   1.9950343e+00  -1.9590454e-01
   1.9894735e+00  -1.9839661e-01
   1.9828654e+00  -2.0083575e-01
   1.9752125e+00  -2.0322121e-01
   1.9665175e+00  -2.0555226e-01
   1.9567838e+00  -2.0782820e-01
   1.9460153e+00  -2.1004833e-01
   1.9342164e+00  -2.1221198e-01
   1.9213921e+00  -2.1431850e-01
   1.9075477e+00  -2.1636724e-01
   1.8926892e+00  -2.1835760e-01
   1.8768230e+00  -2.2028897e-01
   1.8599562e+00  -2.2216077e-01
   1.8420962e+00  -2.2397244e-01
   1.8232510e+00  -2.2572345e-01
   1.8034291e+00  -2.2741326e-01
   1.7826394e+00  -2.2904137e-01
   1.7608914e+00  -2.3060731e-01
   1.7381951e+00  -2.3211061e-01
   1.7145609e+00  -2.3355082e-01
   1.6899998e+00  -2.3492752e-01
   1.6645232e+00  -2.3624031e-01
   1.6381430e+00  -2.3748880e-01
   1.6108716e+00  -2.3867263e-01
   1.5827218e+00  -2.3979146e-01
   1.5537069e+00  -2.4084495e-01
   1.5238406e+00  -2.4183282e-01
   1.4931373e+00  -2.4275478e-01
   1.4616116e+00  -2.4361056e-01
   1.4292785e+00  -2.4439992e-01
   1.3961536e+00  -2.4512265e-01
   1.3622530e+00  -2.4577854e-01
   1.3275929e+00  -2.4636741e-01
   1.2921903e+00  -2.4688910e-01
   1.2560624e+00  -2.4734348e-01
   1.2192269e+00  -2.4773044e-01
   1.1817018e+00  -2.4804986e-01
   1.1435055e+00  -2.4830168e-01
   1.1046568e+00  -2.4848584e-01
   1.0651751e+00  -2.4860231e-01
   1.0250799e+00  -2.4865107e-01
   9.8439117e-01  -2.4863213e-01
   9.4312917e-01  -2.4854553e-01
   9.0131459e-01  -2.4839130e-01
   8.5896844e-01  -2.4816952e-01
   8.1611206e-01  -2.4788029e-01
   7.7276711e-01  -2.4752370e-01
   7.2895557e-01  -2.4709990e-01
   6.8469973e-01  -2.4660903e-01
   6.4002216e-01  -2.4605127e-01
   5.9494574e-01  -2.4542682e-01
   5.4949363e-01  -2.4473589e-01
   5.0368924e-01  -2.4397870e-01
   4.5755627e-01  -2.4315553e-01
   4.1111863e-01  -2.4226664e-01
   3.6440051e-01  -2.4131233e-01
   3.1742630e-01  -2.4029292e-01
   2.7022063e-01  -2.3920874e-01
   2.2280832e-01  -2.3806015e-01
   1.7521440e-01  -2.3684752e-01
   1.2746409e-01  -2.3557126e-01
   7.9582757e-02  -2.3423177e-01
   3.1595968e-02  -2.3282950e-01
  -1.6470582e-02  -2.3136489e-01
  -6.4591051e-02  -2.2983843e-01
  -1.1273947e-01  -2.2825060e-01
  -1.6088976e-01  -2.2660193e-01
  -2.0901572e-01  -2.2489293e-01
  -2.5709108e-01  -2.2312417e-01
  -3.0508950e-01  -2.2129621e-01
  -3.5298454e-01  -2.1940963e-01
  -4.0074973e-01  -2.1746506e-01
  -4.4835857e-01  -2.1546311e-01
  -4.9578453e-01  -2.1340442e-01
  -5.4300106e-01  -2.1128966e-01
  -5.8998162e-01  -2.0911951e-01
  -6.3669968e-01  -2.0689466e-01
  -6.8312876e-01  -2.0461583e-01
  -7.2924241e-01  -2.0228375e-01
  -7.7501424e-01  -1.9989916e-01
  -8.2041796e-01  -1.9746284e-01
  -8.6542733e-01  -1.9497557e-01
  -9.1001625e-01  -1.9243814e-01
  -9.5415872e-01  -1.8985137e-01
  -9.9782890e-01  -1.8721610e-01
  -1.0410011e+00  -1.8453317e-01
  -1.0836497e+00  -1.8180343e-01
  -1.1257495e+00  -1.7902779e-01
  -1.1672753e+00  -1.7620711e-01
  -1.2082021e+00  -1.7334233e-01
  -1.2485053e+00  -1.7043435e-01
  -1.2881604e+00  -1.6748411e-01
  -1.3271432e+00  -1.6449258e-01
  -1.3654299e+00  -1.6146071e-01
  -1.4029969e+00  -1.5838949e-01
  -1.4398209e+00  -1.5527991e-01
  -1.4758791e+00  -1.5213297e-01
  -1.5111487e+00  -1.4894970e-01
  -1.5456077e+00  -1.4573113e-01
  -1.5792342e+00  -1.4247831e-01
  -1.6120069e+00  -1.3919229e-01
  -1.6439049e+00  -1.3587413e-01
  -1.6749075e+00  -1.3252493e-01
  -1.7049948e+00  -1.2914577e-01
  -1.7341472e+00  -1.2573776e-01
  -1.7623458e+00  -1.2230200e-01
  -1.7895719e+00  -1.1883963e-01
  -1.8158076e+00  -1.1535177e-01
  -1.8410355e+00  -1.1183958e-01
  -1.8652387e+00  -1.0830419e-01
  -1.8884010e+00  -1.0474678e-01
  -1.9105067e+00  -1.0116851e-01
  -1.9315407e+00  -9.7570561e-02
  -1.9514886e+00  -9.3954123e-02
  -1.9703367e+00  -9.0320389e-02
  -1.9880719e+00  -8.6670561e-02
  -2.0046816e+00  -8.3005848e-02
  -2.0201542e+00  -7.9327466e-02
  -2.0344785e+00  -7.5636636e-02
  -2.0476443e+00  -7.1934587e-02
  -2.0596417e+00  -6.8222553e-02
  -2.0704620e+00  -6.4501774e-02
  -2.0800968e+00  -6.0773492e-02
  -2.0885388e+00  -5.7038958e-02
  -2.0957812e+00  -5.3299425e-02
  -2.1018180e+00  -4.9556149e-02
  -2.1066442e+00  -4.5810391e-02
  -2.1102552e+00  -4.2063416e-02
  -2.1126475e+00  -3.8316489e-02
  -2.1138182e+00  -3.4570881e-02
  -2.1137653e+00  -3.0827861e-02
  -2.1124874e+00  -2.7088704e-02
  -2.1099842e+00  -2.3354684e-02
  -2.1062559e+00  -1.9627075e-02
  -2.1013038e+00  -1.5907154e-02
  -2.0951298e+00  -1.2196197e-02
  -2.0877366e+00  -8.4954785e-03
  -2.0791280e+00  -4.8062750e-03
  -2.0693082e+00  -1.1298603e-03
  -2.0582825e+00   2.5324930e-03
  -2.0460570e+00   6.1795136e-03
  -2.0326385e+00   9.8099330e-03
  -2.0180348e+00   1.3422485e-02
  -2.0022543e+00   1.7015906e-02
  -1.9853064e+00   2.0588936e-02
  -1.9672011e+00   2.4140321e-02
  -1.9479495e+00   2.7668807e-02
  -1.9275633e+00   3.1173148e-02
  -1.9060550e+00   3.4652102e-02
  -1.8834381e+00   3.8104433e-02
  -1.8597267e+00   4.1528910e-02
  -1.8349357e+00   4.4924309e-02
  -1.8090810e+00   4.8289413e-02
  -1.7821789e+00   5.1623012e-02
  -1.7542469e+00   5.4923903e-02
  -1.7253030e+00   5.8190893e-02
  -1.6953661e+00   6.1422796e-02
  -1.6644557e+00   6.4618434e-02
  -1.6325921e+00   6.7776642e-02
  -1.5997965e+00   7.0896261e-02
  -1.5660905e+00   7.3976145e-02
  -1.5314969e+00   7.7015158e-02
  -1.4960386e+00   8.0012174e-02
  -1.4597398e+00   8.2966082e-02
  -1.4226249e+00   8.5875779e-02
  -1.3847193e+00   8.8740178e-02
  -1.3460489e+00   9.1558204e-02
  -1.3066402e+00   9.4328796e-02
  -1.2665206e+00   9.7050906e-02
  -1.2257178e+00   9.9723501e-02
  -1.1842603e+00   1.0234556e-01
  -1.1421771e+00   1.0491609e-01
  -1.0994979e+00   1.0743410e-01
  -1.0562528e+00   1.0989862e-01
  -1.0124726e+00   1.1230869e-01
  -9.6818857e-01   1.1466339e-01
  -9.2343240e-01   1.1696179e-01
  -8.7823638e-01   1.1920300e-01
  -8.3263328e-01   1.2138614e-01
  -7.8665626e-01   1.2351034e-01
  -7.4033898e-01   1.2557477e-01
  -6.9371549e-01   1.2757861e-01
  -6.4682024e-01   1.2952106e-01
  -5.9968806e-01   1.3140134e-01
  -5.5235414e-01   1.3321869e-01
  -5.0485399e-01   1.3497239e-01
  -4.5722346e-01   1.3666173e-01
  -4.0949868e-01   1.3828601e-01
  -3.6171602e-01   1.3984458e-01
  -3.1391215e-01   1.4133681e-01
  -2.6612390e-01   1.4276207e-01
  -2.1838833e-01   1.4411980e-01
  -1.7074267e-01   1.4540941e-01
  -1.2322427e-01   1.4663039e-01
  -7.5870641e-02   1.4778223e-01
  -2.8719343e-02   1.4886445e-01
   1.8191976e-02   1.4987660e-01
   6.4825637e-02   1.5081826e-01
   1.1114395e-01   1.5168905e-01
   1.5710924e-01   1.5248860e-01
   2.0268389e-01   1.5321658e-01
   2.4783035e-01   1.5387270e-01
   2.9251119e-01   1.5445669e-01
   3.3668909e-01   1.5496832e-01
   3.8032694e-01   1.5540738e-01
   4.2338781e-01   1.5577372e-01
   4.6583498e-01   1.5606719e-01
   5.0763204e-01   1.5628770e-01
   5.4874284e-01   1.5643519e-01
   5.8913158e-01   1.5650962e-01
   6.2876282e-01   1.5651102e-01
   6.6760151e-01   1.5643943e-01
   7.0561306e-01   1.5629492e-01
   7.4276333e-01   1.5607763e-01
   7.7901869e-01   1.5578772e-01
   8.1434604e-01   1.5542539e-01
   8.4871289e-01   1.5499087e-01
   8.8208733e-01   1.5448445e-01
   9.1443813e-01   1.5390646e-01
   9.4573475e-01   1.5325726e-01
   9.7594737e-01   1.5253726e-01
   1.0050469e+00   1.5174690e-01
   1.0330052e+00   1.5088669e-01
   1.0597949e+00   1.4995716e-01
   1.0853894e+00   1.4895890e-01
   1.1097631e+00   1.4789253e-01
   1.1328916e+00   1.4675874e-01
   1.1547513e+00   1.4555824e-01
   1.1753196e+00   1.4429180e-01
   1.1945751e+00   1.4296026e-01
   1.2124977e+00   1.4156446e-01
   1.2290681e+00   1.4010534e-01
   1.2442687e+00   1.3858385e-01
   1.2580828e+00   1.3700101e-01
   1.2704953e+00   1.3535791e-01
   1.2814922e+00   1.3365564e-01
   1.2910613e+00   1.3189540e-01
   1.2991915e+00   1.3007841e-01
   1.3058733e+00   1.2820594e-01
   1.3110990e+00   1.2627934e-01
   1.3148621e+00   1.2430000e-01
   1.3171583e+00   1.2226937e-01
   1.3179845e+00   1.2018895e-01
   1.3173395e+00   1.1806030e-01
   1.3152242e+00   1.1588505e-01
   1.3116411e+00   1.1366486e-01
   1.3065945e+00   1.1140149e-01
   1.3000910e+00   1.0909674e-01
   1.2921389e+00   1.0675245e-01
   1.2827488e+00   1.0437055e-01
   1.2719334e+00   1.0195303e-01
   1.2597074e+00   9.9501927e-02
   1.2460880e+00   9.7019357e-02
   1.2310945e+00   9.4507494e-02
   1.2147485e+00   9.1968576e-02
   1.1970742e+00   8.9404909e-02
   1.1780982e+00   8.6818865e-02
   1.1578495e+00   8.4212882e-02
   1.1363598e+00   8.1589468e-02
   1.1136633e+00   7.8951198e-02
   1.0897970e+00   7.6300717e-02
   1.0648007e+00   7.3640741e-02
   1.0387168e+00   7.0974054e-02
   1.0115908e+00   6.8303514e-02
   9.8347106e-01   6.5632052e-02
   9.5440880e-01   6.2962669e-02
   9.2445843e-01   6.0298442e-02
   8.9367742e-01   5.7642522e-02
   8.6212646e-01   5.4998136e-02
   8.2986943e-01   5.2368585e-02
   7.9697354e-01   4.9757249e-02
   7.6350936e-01   4.7167584e-02
   7.2955089e-01   4.4603124e-02
   6.9517564e-01   4.2067484e-02
   6.6046467e-01   3.9564356e-02
   6.2550266e-01   3.7097516e-02
   5.9037800e-01   3.4670817e-02
   5.5518285e-01   3.2288198e-02
   5.2001316e-01   2.9953679e-02
   4.8496882e-01   2.7671364e-02
   4.5015367e-01   2.5445441e-02
   4.1567557e-01   2.3280183e-02
   3.8164650e-01   2.1179949e-02
   3.4818261e-01   1.9149187e-02
   3.1540430e-01   1.7192429e-02
   2.8343627e-01   1.5314298e-02
   2.5240763e-01   1.3519504e-02
   2.2245192e-01   1.1812848e-02
   1.9370722e-01   1.0199223e-02
   1.6631624e-01   8.6836118e-03
   1.4042633e-01   7.2710892e-03
   1.1618960e-01   5.9668243e-03
   9.3763008e-02   4.7760796e-03
   7.3308386e-02   3.7042124e-03
   5.4992553e-02   2.7566756e-03
   3.8987377e-02   1.9390185e-03
   2.5469854e-02   1.2568874e-03
   1.4622185e-02   7.1602677e-04
   6.6318523e-03   3.2227995e-04
   1.6916973e-03   8.1589876e-05
  -2.1316282e-14  -4.4408921e-15
