   0.0000000e+00   0.0000000e+00
   1.0000000e-02   2.7830457e-01
   2.0000000e-02   5.3934477e-01
   3.0000000e-02   7.8360324e-01
   4.0000000e-02   1.0115555e+00
   5.0000000e-02   1.2236702e+00
   6.0000000e-02   1.4204089e+00
   7.0000000e-02   1.6022262e+00
   8.0000000e-02   1.7695700e+00
   9.0000000e-02   1.9228811e+00
   1.0000000e-01   2.0625939e+00
   1.1000000e-01   2.1891357e+00
   1.2000000e-01   2.3029273e+00
   1.3000000e-01   2.4043828e+00
   1.4000000e-01   2.4939096e+00
   1.5000000e-01   2.5719087e+00
   1.6000000e-01   2.6387745e+00
   1.7000000e-01   2.6948950e+00
   1.8000000e-01   2.7406515e+00
   1.9000000e-01   2.7764194e+00
   2.0000000e-01   2.8025673e+00
   2.1000000e-01   2.8194577e+00
   2.2000000e-01   2.8274470e+00
   2.3000000e-01   2.8268852e+00
   2.4000000e-01   2.8181161e+00
   2.5000000e-01   2.8014775e+00
   2.6000000e-01   2.7773013e+00
   2.7000000e-01   2.7459129e+00
   2.8000000e-01   2.7076323e+00
   2.9000000e-01   2.6627730e+00
   3.0000000e-01   2.6116432e+00
   3.1000000e-01   2.5545447e+00
   3.2000000e-01   2.4917738e+00
   3.3000000e-01   2.4236211e+00
   3.4000000e-01   2.3503714e+00
   3.5000000e-01   2.2723037e+00
   3.6000000e-01   2.1896916e+00
   3.7000000e-01   2.1028030e+00
   3.8000000e-01   2.0119004e+00
   3.9000000e-01   1.9172406e+00
   4.0000000e-01   1.8190751e+00
   4.1000000e-01   1.7176501e+00
   4.2000000e-01   1.6132062e+00
   4.3000000e-01   1.5059789e+00
   4.4000000e-01   1.3961984e+00
   4.5000000e-01   1.2840897e+00
   4.6000000e-01   1.1698726e+00
   4.7000000e-01   1.0537616e+00
   4.8000000e-01   9.3596650e-01
   4.9000000e-01   8.1669176e-01
   5.0000000e-01   6.9613695e-01
   5.1000000e-01   5.7449671e-01
   5.2000000e-01   4.5196076e-01
   5.3000000e-01   3.2871397e-01
   5.4000000e-01   2.0493639e-01
   5.5000000e-01   8.0803314e-02
   5.6000000e-01  -4.3514682e-02
   5.7000000e-01  -1.6785170e-01
   5.8000000e-01  -2.9204648e-01
   5.9000000e-01  -4.1594234e-01
   6.0000000e-01  -5.3938714e-01
   6.1000000e-01  -6.6223323e-01
   6.2000000e-01  -7.8433742e-01
   6.3000000e-01  -9.0556093e-01
   6.4000000e-01  -1.0257693e+00
   6.5000000e-01  -1.1448325e+00
   6.6000000e-01  -1.2626246e+00
   6.7000000e-01  -1.3790241e+00
   6.8000000e-01  -1.4939135e+00
   6.9000000e-01  -1.6071794e+00
   7.0000000e-01  -1.7187128e+00
   7.1000000e-01  -1.8284084e+00
   7.2000000e-01  -1.9361652e+00
   7.3000000e-01  -2.0418858e+00
   7.4000000e-01  -2.1454771e+00
   7.5000000e-01  -2.2468496e+00
   7.6000000e-01  -2.3459177e+00
   7.7000000e-01  -2.4425995e+00
   7.8000000e-01  -2.5368172e+00
   7.9000000e-01  -2.6284961e+00
   8.0000000e-01  -2.7175656e+00
   8.1000000e-01  -2.8039585e+00
   8.2000000e-01  -2.8876112e+00
   8.3000000e-01  -2.9684636e+00
   8.4000000e-01  -3.0464591e+00
   8.5000000e-01  -3.1215445e+00
   8.6000000e-01  -3.1936700e+00
   8.7000000e-01  -3.2627889e+00
   8.8000000e-01  -3.3288582e+00
   8.9000000e-01  -3.3918377e+00
   9.0000000e-01  -3.4516908e+00
   9.1000000e-01  -3.5083838e+00
   9.2000000e-01  -3.5618860e+00
   9.3000000e-01  -3.6121702e+00
   9.4000000e-01  -3.6592117e+00
   9.5000000e-01  -3.7029890e+00
   9.6000000e-01  -3.7434837e+00
   9.7000000e-01  -3.7806800e+00
   9.8000000e-01  -3.8145651e+00
   9.9000000e-01  -3.8451288e+00
   1.0000000e+00  -3.8723639e+00
   1.0100000e+00  -3.8962657e+00
   1.0200000e+00  -3.9168323e+00
   1.0300000e+00  -3.9340642e+00
   1.0400000e+00  -3.9479648e+00
   1.0500000e+00  -3.9585397e+00
   1.0600000e+00  -3.9657971e+00
   1.0700000e+00  -3.9697477e+00
   1.0800000e+00  -3.9704045e+00
   1.0900000e+00  -3.9677828e+00
   1.1000000e+00  -3.9619002e+00
   1.1100000e+00  -3.9527768e+00
   1.1200000e+00  -3.9404345e+00
   1.1300000e+00  -3.9248978e+00
   1.1400000e+00  -3.9061928e+00
   1.1500000e+00  -3.8843482e+00
   1.1600000e+00  -3.8593944e+00
   1.1700000e+00  -3.8313639e+00
   1.1800000e+00  -3.8002910e+00
   1.1900000e+00  -3.7662121e+00
   1.2000000e+00  -3.7291653e+00
   1.2100000e+00  -3.6891905e+00
   1.2200000e+00  -3.6463295e+00
   1.2300000e+00  -3.6006257e+00
   1.2400000e+00  -3.5521241e+00
   1.2500000e+00  -3.5008714e+00
   1.2600000e+00  -3.4469160e+00
   1.2700000e+00  -3.3903076e+00
   1.2800000e+00  -3.3310975e+00
   1.2900000e+00  -3.2693386e+00
   1.3000000e+00  -3.2050848e+00
   1.3100000e+00  -3.1383917e+00
   1.3200000e+00  -3.0693162e+00
   1.3300000e+00  -2.9979162e+00
   1.3400000e+00  -2.9242511e+00
   1.3500000e+00  -2.8483813e+00
   1.3600000e+00  -2.7703684e+00
   1.3700000e+00  -2.6902751e+00
   1.3800000e+00  -2.6081651e+00
   1.3900000e+00  -2.5241030e+00
   1.4000000e+00  -2.4381545e+00
   1.4100000e+00  -2.3503863e+00
   1.4200000e+00  -2.2608656e+00
   1.4300000e+00  -2.1696607e+00
   1.4400000e+00  -2.0768407e+00
   1.4500000e+00  -1.9824751e+00
   1.4600000e+00  -1.8866346e+00
   1.4700000e+00  -1.7893899e+00
   1.4800000e+00  -1.6908129e+00
   1.4900000e+00  -1.5909756e+00
   1.5000000e+00  -1.4899507e+00
   1.5100000e+00  -1.3878114e+00
   1.5200000e+00  -1.2846312e+00
   1.5300000e+00  -1.1804839e+00
   1.5400000e+00  -1.0754439e+00
   1.5500000e+00  -9.6958548e-01
   1.5600000e+00  -8.6298352e-01
   1.5700000e+00  -7.5571288e-01
   1.5800000e+00  -6.4784862e-01
   1.5900000e+00  -5.3946588e-01
   1.6000000e+00  -4.3063985e-01
   1.6100000e+00  -3.2144574e-01
   1.6200000e+00  -2.1195872e-01
   1.6300000e+00  -1.0225386e-01
   1.6400000e+00   7.5938811e-03
   1.6500000e+00   1.1750973e-01
   1.6600000e+00   2.2741913e-01
   1.6700000e+00   3.3724778e-01
   1.6800000e+00   4.4692170e-01
   1.6900000e+00   5.5636725e-01
   1.7000000e+00   6.6551119e-01
   1.7100000e+00   7.7428074e-01
   1.7200000e+00   8.8260358e-01
   1.7300000e+00   9.9040795e-01
   1.7400000e+00   1.0976226e+00
   1.7500000e+00   1.2041771e+00
   1.7600000e+00   1.3100014e+00
   1.7700000e+00   1.4150264e+00
   1.7800000e+00   1.5191836e+00
   1.7900000e+00   1.6224054e+00
   1.8000000e+00   1.7246250e+00
   1.8100000e+00   1.8257766e+00
   1.8200000e+00   1.9257951e+00
   1.8300000e+00   2.0246165e+00
   1.8400000e+00   2.1221781e+00
   1.8500000e+00   2.2184178e+00
   1.8600000e+00   2.3132749e+00
   1.8700000e+00   2.4066898e+00
   1.8800000e+00   2.4986041e+00
   1.8900000e+00   2.5889607e+00
   1.9000000e+00   2.6777037e+00
   1.9100000e+00   2.7647787e+00
   1.9200000e+00   2.8501325e+00
   1.9300000e+00   2.9337134e+00
   1.9400000e+00   3.0154712e+00
   1.9500000e+00   3.0953572e+00
   1.9600000e+00   3.1733244e+00
   1.9700000e+00   3.2493271e+00
   1.9800000e+00   3.3233216e+00
   1.9900000e+00   3.3952656e+00
   2.0000000e+00   3.4651188e+00
   2.0100000e+00   3.5328426e+00
   2.0200000e+00   3.5984000e+00
   2.0300000e+00   3.6617562e+00
   2.0400000e+00   3.7228780e+00
   2.0500000e+00   3.7817338e+00
   2.0600000e+00   3.8382942e+00
   2.0700000e+00   3.8925312e+00
   2.0800000e+00   3.9444185e+00
   2.0900000e+00   3.9939318e+00
   2.1000000e+00   4.0410481e+00
   2.1100000e+00   4.0857465e+00
   2.1200000e+00   4.1280073e+00
   2.1300000e+00   4.1678128e+00
   2.1400000e+00   4.2051466e+00
   2.1500000e+00   4.2399942e+00
   2.1600000e+00   4.2723425e+00
   2.1700000e+00   4.3021799e+00
   2.1800000e+00   4.3294964e+00
   2.1900000e+00   4.3542836e+00
   2.2000000e+00   4.3765345e+00
   2.2100000e+00   4.3962435e+00
   2.2200000e+00   4.4134068e+00
   2.2300000e+00   4.4280216e+00
   2.2400000e+00   4.4400868e+00
   2.2500000e+00   4.4496026e+00
   2.2600000e+00   4.4565707e+00
   2.2700000e+00   4.4609941e+00
   2.2800000e+00   4.4628770e+00
   2.2900000e+00   4.4622251e+00
   2.3000000e+00   4.4590454e+00
   2.3100000e+00   4.4533463e+00
   2.3200000e+00   4.4451371e+00
   2.3300000e+00   4.4344288e+00
   2.3400000e+00   4.4212333e+00
   2.3500000e+00   4.4055639e+00
   2.3600000e+00   4.3874351e+00
   2.3700000e+00   4.3668624e+00
   2.3800000e+00   4.3438628e+00
   2.3900000e+00   4.3184540e+00
   2.4000000e+00   4.2906551e+00
   2.4100000e+00   4.2604864e+00
   2.4200000e+00   4.2279691e+00
   2.4300000e+00   4.1931254e+00
   2.4400000e+00   4.1559787e+00
   2.4500000e+00   4.1165535e+00
   2.4600000e+00   4.0748752e+00
   2.4700000e+00   4.0309700e+00
   2.4800000e+00   3.9848655e+00
   2.4900000e+00   3.9365900e+00
   2.5000000e+00   3.8861726e+00
   2.5100000e+00   3.8336436e+00
   2.5200000e+00   3.7790341e+00
   2.5300000e+00   3.7223760e+00
   2.5400000e+00   3.6637022e+00
   2.5500000e+00   3.6030462e+00
   2.5600000e+00   3.5404427e+00
   2.5700000e+00   3.4759269e+00
   2.5800000e+00   3.4095349e+00
   2.5900000e+00   3.3413036e+00
   2.6000000e+00   3.2712704e+00
   2.6100000e+00   3.1994739e+00
   2.6200000e+00   3.1259530e+00
   2.6300000e+00   3.0507474e+00
   2.6400000e+00   2.9738976e+00
   2.6500000e+00   2.8954447e+00
   2.6600000e+00   2.8154303e+00
   2.6700000e+00   2.7338967e+00
   2.6800000e+00   2.6508870e+00
   2.6900000e+00   2.5664445e+00
   2.7000000e+00   2.4806134e+00
   2.7100000e+00   2.3934383e+00
   2.7200000e+00   2.3049643e+00
   2.7300000e+00   2.2152371e+00
   2.7400000e+00   2.1243027e+00
   2.7500000e+00   2.0322078e+00
   2.7600000e+00   1.9389995e+00
   2.7700000e+00   1.8447251e+00
   2.7800000e+00   1.7494327e+00
   2.7900000e+00   1.6531704e+00
   2.8000000e+00   1.5559870e+00
   2.8100000e+00   1.4579315e+00
   2.8200000e+00   1.3590532e+00
   2.8300000e+00   1.2594018e+00
   2.8400000e+00   1.1590272e+00
   2.8500000e+00   1.0579798e+00
   2.8600000e+00   9.5631002e-01
   2.8700000e+00   8.5406866e-01
   2.8800000e+00   7.5130670e-01
   2.8900000e+00   6.4807535e-01
   2.9000000e+00   5.4442597e-01
   2.9100000e+00   4.4041013e-01
   2.9200000e+00   3.3607954e-01
   2.9300000e+00   2.3148602e-01
   2.9400000e+00   1.2668152e-01
   2.9500000e+00   2.1718099e-02
   2.9600000e+00  -8.3352134e-02
   2.9700000e+00  -1.8847700e-01
   2.9800000e+00  -2.9360429e-01
   2.9900000e+00  -3.9868175e-01
   3.0000000e+00  -5.0365717e-01
   3.0100000e+00  -6.0847832e-01
   3.0200000e+00  -7.1309301e-01
   3.0300000e+00  -8.1744913e-01
   3.0400000e+00  -9.2149461e-01
   3.0500000e+00  -1.0251775e+00
   3.0600000e+00  -1.1284460e+00
   3.0700000e+00  -1.2312483e+00
   3.0800000e+00  -1.3335328e+00
   3.0900000e+00  -1.4352483e+00
   3.1000000e+00  -1.5363434e+00
   3.1100000e+00  -1.6367671e+00
   3.1200000e+00  -1.7364688e+00
   3.1300000e+00  -1.8353977e+00
   3.1400000e+00  -1.9335036e+00
   3.1500000e+00  -2.0307366e+00
   3.1600000e+00  -2.1270469e+00
   3.1700000e+00  -2.2223851e+00
   3.1800000e+00  -2.3167023e+00
   3.1900000e+00  -2.4099496e+00
   3.2000000e+00  -2.5020787e+00
   3.2100000e+00  -2.5930418e+00
   3.2200000e+00  -2.6827913e+00
   3.2300000e+00  -2.7712801e+00
   3.2400000e+00  -2.8584616e+00
   3.2500000e+00  -2.9442895e+00
   3.2600000e+00  -3.0287183e+00
   3.2700000e+00  -3.1117027e+00
   3.2800000e+00  -3.1931980e+00
   3.2900000e+00  -3.2731602e+00
   3.3000000e+00  -3.3515456e+00
   3.3100000e+00  -3.4283113e+00
   3.3200000e+00  -3.5034149e+00
   3.3300000e+00  -3.5768147e+00
   3.3400000e+00  -3.6484694e+00
   3.3500000e+00  -3.7183387e+00
   3.3600000e+00  -3.7863827e+00
   3.3700000e+00  -3.8525623e+00
   3.3800000e+00  -3.9168391e+00
   3.3900000e+00  -3.9791754e+00
   3.4000000e+00  -4.0395343e+00
   3.4100000e+00  -4.0978797e+00
   3.4200000e+00  -4.1541761e+00
   3.4300000e+00  -4.2083890e+00
   3.4400000e+00  -4.2604847e+00
   3.4500000e+00  -4.3104302e+00
   3.4600000e+00  -4.3581935e+00
   3.4700000e+00  -4.4037434e+00
   3.4800000e+00  -4.4470496e+00
   3.4900000e+00  -4.4880828e+00
   3.5000000e+00  -4.5268146e+00
   3.5100000e+00  -4.5632175e+00
   3.5200000e+00  -4.5972650e+00
   3.5300000e+00  -4.6289316e+00
   3.5400000e+00  -4.6581927e+00
   3.5500000e+00  -4.6850251e+00
   3.5600000e+00  -4.7094061e+00
   3.5700000e+00  -4.7313145e+00
   3.5800000e+00  -4.7507300e+00
   3.5900000e+00  -4.7676334e+00
   3.6000000e+00  -4.7820067e+00
   3.6100000e+00  -4.7938330e+00
   3.6200000e+00  -4.8030965e+00
   3.6300000e+00  -4.8097827e+00
   3.6400000e+00  -4.8138782e+00
   3.6500000e+00  -4.8153708e+00
   3.6600000e+00  -4.8142497e+00
   3.6700000e+00  -4.8105051e+00
   3.6800000e+00  -4.8041287e+00
   3.6900000e+00  -4.7951134e+00
   3.7000000e+00  -4.7834533e+00
   3.7100000e+00  -4.7691440e+00
   3.7200000e+00  -4.7521823e+00
   3.7300000e+00  -4.7325666e+00
   3.7400000e+00  -4.7102965e+00
   3.7500000e+00  -4.6853729e+00
   3.7600000e+00  -4.6577984e+00
   3.7700000e+00  -4.6275767e+00
   3.7800000e+00  -4.5947134e+00
   3.7900000e+00  -4.5592151e+00
   3.8000000e+00  -4.5210903e+00
   3.8100000e+00  -4.4803487e+00
   3.8200000e+00  -4.4370018e+00
   3.8300000e+00  -4.3910624e+00
   3.8400000e+00  -4.3425451e+00
   3.8500000e+00  -4.2914659e+00
   3.8600000e+00  -4.2378426e+00
   3.8700000e+00  -4.1816945e+00
   3.8800000e+00  -4.1230424e+00
   3.8900000e+00  -4.0619091e+00
   3.9000000e+00  -3.9983190e+00
   3.9100000e+00  -3.9322979e+00
   3.9200000e+00  -3.8638736e+00
   3.9300000e+00  -3.7930756e+00
   3.9400000e+00  -3.7199352e+00
   3.9500000e+00  -3.6444854e+00
   3.9600000e+00  -3.5667609e+00
   3.9700000e+00  -3.4867984e+00
   3.9800000e+00  -3.4046364e+00
   3.9900000e+00  -3.3203152e+00
   4.0000000e+00  -3.2338768e+00
   4.0100000e+00  -3.1453655e+00
   4.0200000e+00  -3.0548272e+00
   4.0300000e+00  -2.9623096e+00
   4.0400000e+00  -2.8678624e+00
   4.0500000e+00  -2.7715371e+00
   4.0600000e+00  -2.6733866e+00
   4.0700000e+00  -2.5734658e+00
   4.0800000e+00  -2.4718310e+00
   4.0900000e+00  -2.3685401e+00
   4.1000000e+00  -2.2636527e+00
   4.1100000e+00  -2.1572296e+00
   4.1200000e+00  -2.0493331e+00
   4.1300000e+00  -1.9400270e+00
   4.1400000e+00  -1.8293762e+00
   4.1500000e+00  -1.7174470e+00
   4.1600000e+00  -1.6043069e+00
   4.1700000e+00  -1.4900246e+00
   4.1800000e+00  -1.3746698e+00
   4.1900000e+00  -1.2583135e+00
   4.2000000e+00  -1.1410274e+00
   4.2100000e+00  -1.0228844e+00
   4.2200000e+00  -9.0395830e-01
   4.2300000e+00  -7.8432369e-01
   4.2400000e+00  -6.6405605e-01
   4.2500000e+00  -5.4323161e-01
   4.2600000e+00  -4.2192732e-01
   4.2700000e+00  -3.0022082e-01
   4.2800000e+00  -1.7819035e-01
   4.2900000e+00  -5.5914760e-02
   4.3000000e+00   6.6526593e-02
   4.3100000e+00   1.8905387e-01
   4.3200000e+00   3.1158681e-01
   4.3300000e+00   4.3404475e-01
   4.3400000e+00   5.5634673e-01
   4.3500000e+00   6.7841148e-01
   4.3600000e+00   8.0015752e-01
   4.3700000e+00   9.2150317e-01
   4.3800000e+00   1.0423666e+00
   4.3900000e+00   1.1626660e+00
   4.4000000e+00   1.2823194e+00
   4.4100000e+00   1.4012449e+00
   4.4200000e+00   1.5193606e+00
   4.4300000e+00   1.6365849e+00
   4.4400000e+00   1.7528361e+00
   4.4500000e+00   1.8680329e+00
   4.4600000e+00   1.9820942e+00
   4.4700000e+00   2.0949393e+00
   4.4800000e+00   2.2064877e+00
   4.4900000e+00   2.3166594e+00
   4.5000000e+00   2.4253748e+00
   4.5100000e+00   2.5325550e+00
   4.5200000e+00   2.6381213e+00
   4.5300000e+00   2.7419961e+00
   4.5400000e+00   2.8441019e+00
   4.5500000e+00   2.9443624e+00
   4.5600000e+00   3.0427017e+00
   4.5700000e+00   3.1390448e+00
   4.5800000e+00   3.2333178e+00
   4.5900000e+00   3.3254474e+00
   4.6000000e+00   3.4153612e+00
   4.6100000e+00   3.5029882e+00
   4.6200000e+00   3.5882580e+00
   4.6300000e+00   3.6711017e+00
   4.6400000e+00   3.7514511e+00
   4.6500000e+00   3.8292397e+00
   4.6600000e+00   3.9044018e+00
   4.6700000e+00   3.9768733e+00
   4.6800000e+00   4.0465914e+00
   4.6900000e+00   4.1134945e+00
   4.7000000e+00   4.1775226e+00
   4.7100000e+00   4.2386173e+00
   4.7200000e+00   4.2967215e+00
   4.7300000e+00   4.3517798e+00
   4.7400000e+00   4.4037386e+00
   4.7500000e+00   4.4525457e+00
   4.7600000e+00   4.4981509e+00
   4.7700000e+00   4.5405056e+00
   4.7800000e+00   4.5795631e+00
   4.7900000e+00   4.6152787e+00
   4.8000000e+00   4.6476095e+00
   4.8100000e+00   4.6765146e+00
   4.8200000e+00   4.7019552e+00
   4.8300000e+00   4.7238946e+00
   4.8400000e+00   4.7422981e+00
   4.8500000e+00   4.7571334e+00
   4.8600000e+00   4.7683702e+00
   4.8700000e+00   4.7759806e+00
   4.8800000e+00   4.7799391e+00
   4.8900000e+00   4.7802224e+00
   4.9000000e+00   4.7768099e+00
   4.9100000e+00   4.7696832e+00
   4.9200000e+00   4.7588266e+00
   4.9300000e+00   4.7442268e+00
   4.9400000e+00   4.7258735e+00
   4.9500000e+00   4.7037587e+00
   4.9600000e+00   4.6778772e+00
   4.9700000e+00   4.6482267e+00
   4.9800000e+00   4.6148077e+00
   4.9900000e+00   4.5776236e+00
   5.0000000e+00   4.5366805e+00
   5.0100000e+00   4.4919877e+00
   5.0200000e+00   4.4435575e+00
   5.0300000e+00   4.3914053e+00
   5.0400000e+00   4.3355494e+00
   5.0500000e+00   4.2760115e+00
   5.0600000e+00   4.2128165e+00
   5.0700000e+00   4.1459924e+00
   5.0800000e+00   4.0755707e+00
   5.0900000e+00   4.0015863e+00
   5.1000000e+00   3.9240773e+00
   5.1100000e+00   3.8430854e+00
   5.1200000e+00   3.7586558e+00
   5.1300000e+00   3.6708373e+00
   5.1400000e+00   3.5796823e+00
   5.1500000e+00   3.4852468e+00
   5.1600000e+00   3.3875906e+00
   5.1700000e+00   3.2867773e+00
   5.1800000e+00   3.1828741e+00
   5.1900000e+00   3.0759522e+00
   5.2000000e+00   2.9660868e+00
   5.2100000e+00   2.8533570e+00
   5.2200000e+00   2.7378457e+00
   5.2300000e+00   2.6196402e+00
   5.2400000e+00   2.4988317e+00
   5.2500000e+00   2.3755156e+00
   5.2600000e+00   2.2497915e+00
   5.2700000e+00   2.1217632e+00
   5.2800000e+00   1.9915390e+00
   5.2900000e+00   1.8592313e+00
   5.3000000e+00   1.7249572e+00
   5.3100000e+00   1.5888379e+00
   5.3200000e+00   1.4509993e+00
   5.3300000e+00   1.3115720e+00
   5.3400000e+00   1.1706908e+00
   5.3500000e+00   1.0284956e+00
   5.3600000e+00   8.8513063e-01
   5.3700000e+00   7.4074511e-01
   5.3800000e+00   5.9549295e-01
   5.3900000e+00   4.4953293e-01
   5.4000000e+00   3.0302872e-01
   5.4100000e+00   1.5614895e-01
   5.4200000e+00   9.0672382e-03
   5.4300000e+00  -1.3803776e-01
   5.4400000e+00  -2.8498227e-01
   5.4500000e+00  -4.3157741e-01
   5.4600000e+00  -5.7762908e-01
   5.4700000e+00  -7.2293794e-01
   5.4800000e+00  -8.6729938e-01
   5.4900000e+00  -1.0105034e+00
   5.5000000e+00  -1.1523347e+00
   5.5100000e+00  -1.2925724e+00
   5.5200000e+00  -1.4309903e+00
   5.5300000e+00  -1.5673565e+00
   5.5400000e+00  -1.7014337e+00
   5.5500000e+00  -1.8329787e+00
   5.5600000e+00  -1.9617429e+00
   5.5700000e+00  -2.0874718e+00
   5.5800000e+00  -2.2099051e+00
   5.5900000e+00  -2.3287768e+00
   5.6000000e+00  -2.4438148e+00
   5.6100000e+00  -2.5547413e+00
   5.6200000e+00  -2.6612725e+00
   5.6300000e+00  -2.7631183e+00
   5.6400000e+00  -2.8599828e+00
   5.6500000e+00  -2.9515638e+00
   5.6600000e+00  -3.0375532e+00
   5.6700000e+00  -3.1176362e+00
   5.6800000e+00  -3.1914922e+00
   5.6900000e+00  -3.2587940e+00
   5.7000000e+00  -3.3192081e+00
   5.7100000e+00  -3.3723945e+00
   5.7200000e+00  -3.4180069e+00
   5.7300000e+00  -3.4556923e+00
   5.7400000e+00  -3.4850911e+00
   5.7500000e+00  -3.5058374e+00
   5.7600000e+00  -3.5175582e+00
   5.7700000e+00  -3.5198740e+00
   5.7800000e+00  -3.5123986e+00
   5.7900000e+00  -3.4947388e+00
   5.8000000e+00  -3.4664946e+00
   5.8100000e+00  -3.4272592e+00
   5.8200000e+00  -3.3766187e+00
   5.8300000e+00  -3.3141521e+00
   5.8400000e+00  -3.2394316e+00
   5.8500000e+00  -3.1520221e+00
   5.8600000e+00  -3.0514813e+00
   5.8700000e+00  -2.9373597e+00
   5.8800000e+00  -2.8092008e+00
   5.8900000e+00  -2.6665404e+00
   5.9000000e+00  -2.5089071e+00
   5.9100000e+00  -2.3358222e+00
   5.9200000e+00  -2.1467994e+00
   5.9300000e+00  -1.9413449e+00
   5.9400000e+00  -1.7189574e+00
   5.9500000e+00  -1.4791280e+00
   5.9600000e+00  -1.2213400e+00
   5.9700000e+00  -9.4506920e-01
   5.9800000e+00  -6.4978348e-01
   5.9900000e+00  -3.3494299e-01
   6.0000000e+00  -4.4408921e-14
