   0.0000000e+00   0.0000000e+00
   2.7830457e-01  -1.2103646e-02
   5.3934477e-01  -2.3397623e-02
   7.8360324e-01  -3.3904391e-02
   1.0115555e+00  -4.3646089e-02
   1.2236702e+00  -5.2644544e-02
   1.4204089e+00  -6.0921270e-02
   1.6022262e+00  -6.8497467e-02
   1.7695700e+00  -7.5394030e-02
   1.9228811e+00  -8.1631543e-02
   2.0625939e+00  -8.7230286e-02
   2.1891357e+00  -9.2210237e-02
   2.3029273e+00  -9.6591071e-02
   2.4043828e+00  -1.0039216e-01
   2.4939096e+00  -1.0363260e-01
   2.5719087e+00  -1.0633115e-01
   2.6387745e+00  -1.0850631e-01
   2.6948950e+00  -1.1017628e-01
   2.7406515e+00  -1.1135896e-01
   2.7764194e+00  -1.1207198e-01
   2.8025673e+00  -1.1233266e-01
   2.8194577e+00  -1.1215806e-01
   2.8274470e+00  -1.1156495e-01
   2.8268852e+00  -1.1056982e-01
   2.8181161e+00  -1.0918886e-01
   2.8014775e+00  -1.0743802e-01
   2.7773013e+00  -1.0533296e-01
   2.7459129e+00  -1.0288906e-01
   2.7076323e+00  -1.0012143e-01
   2.6627730e+00  -9.7044935e-02
   2.6116432e+00  -9.3674142e-02
   2.5545447e+00  -9.0023371e-02
   2.4917738e+00  -8.6106677e-02
   2.4236211e+00  -8.1937851e-02
   2.3503714e+00  -7.7530429e-02
   2.2723037e+00  -7.2897687e-02
   2.1896916e+00  -6.8052647e-02
   2.1028030e+00  -6.3008079e-02
   2.0119004e+00  -5.7776500e-02
   1.9172406e+00  -5.2370180e-02
   1.8190751e+00  -4.6801140e-02
   1.7176501e+00  -4.1081158e-02
   1.6132062e+00  -3.5221765e-02
   1.5059789e+00  -2.9234254e-02
   1.3961984e+00  -2.3129677e-02
   1.2840897e+00  -1.6918849e-02
   1.1698726e+00  -1.0612349e-02
   1.0537616e+00  -4.2205221e-03
   9.3596650e-01   2.2465176e-03
   8.1669176e-01   8.7788862e-03
   6.9613695e-01   1.5366928e-02
   5.7449671e-01   2.2001211e-02
   4.5196076e-01   2.8672532e-02
   3.2871397e-01   3.5371904e-02
   2.0493639e-01   4.2090564e-02
   8.0803314e-02   4.8819967e-02
  -4.3514682e-02   5.5551781e-02
  -1.6785170e-01   6.2277893e-02
  -2.9204648e-01   6.8990399e-02
  -4.1594234e-01   7.5681606e-02
  -5.3938714e-01   8.2344031e-02
  -6.6223323e-01   8.8970395e-02
  -7.8433742e-01   9.5553626e-02
  -9.0556093e-01   1.0208685e-01
  -1.0257693e+00   1.0856341e-01
  -1.1448325e+00   1.1497682e-01
  -1.2626246e+00   1.2132081e-01
  -1.3790241e+00   1.2758931e-01
  -1.4939135e+00   1.3377642e-01
  -1.6071794e+00   1.3987646e-01
  -1.7187128e+00   1.4588391e-01
  -1.8284084e+00   1.5179346e-01
  -1.9361652e+00   1.5759998e-01
  -2.0418858e+00   1.6329851e-01
  -2.1454771e+00   1.6888429e-01
  -2.2468496e+00   1.7435273e-01
  -2.3459177e+00   1.7969941e-01
  -2.4425995e+00   1.8492011e-01
  -2.5368172e+00   1.9001075e-01
  -2.6284961e+00   1.9496744e-01
  -2.7175656e+00   1.9978648e-01
  -2.8039585e+00   2.0446429e-01
  -2.8876112e+00   2.0899750e-01
  -2.9684636e+00   2.1338289e-01
  -3.0464591e+00   2.1761738e-01
  -3.1215445e+00   2.2169809e-01
  -3.1936700e+00   2.2562226e-01
  -3.2627889e+00   2.2938731e-01
  -3.3288582e+00   2.3299081e-01
  -3.3918377e+00   2.3643048e-01
  -3.4516908e+00   2.3970418e-01
  -3.5083838e+00   2.4280994e-01
  -3.5618860e+00   2.4574593e-01
  -3.6121702e+00   2.4851044e-01
  -3.6592117e+00   2.5110194e-01
  -3.7029890e+00   2.5351902e-01
  -3.7434837e+00   2.5576041e-01
  -3.7806800e+00   2.5782497e-01
  -3.8145651e+00   2.5971172e-01
  -3.8451288e+00   2.6141978e-01
  -3.8723639e+00   2.6294843e-01
  -3.8962657e+00   2.6429707e-01
  -3.9168323e+00   2.6546521e-01
  -3.9340642e+00   2.6645251e-01
  -3.9479648e+00   2.6725874e-01
  -3.9585397e+00   2.6788380e-01
  -3.9657971e+00   2.6832769e-01
  -3.9697477e+00   2.6859055e-01
  -3.9704045e+00   2.6867262e-01
  -3.9677828e+00   2.6857427e-01
  -3.9619002e+00   2.6829596e-01
  -3.9527768e+00   2.6783828e-01
  -3.9404345e+00   2.6720192e-01
  -3.9248978e+00   2.6638767e-01
  -3.9061928e+00   2.6539644e-01
  -3.8843482e+00   2.6422921e-01
  -3.8593944e+00   2.6288710e-01
  -3.8313639e+00   2.6137130e-01
  -3.8002910e+00   2.5968311e-01
  -3.7662121e+00   2.5782393e-01
  -3.7291653e+00   2.5579522e-01
  -3.6891905e+00   2.5359856e-01
  -3.6463295e+00   2.5123562e-01
  -3.6006257e+00   2.4870814e-01
  -3.5521241e+00   2.4601795e-01
  -3.5008714e+00   2.4316697e-01
  -3.4469160e+00   2.4015720e-01
  -3.3903076e+00   2.3699070e-01
  -3.3310975e+00   2.3366964e-01
  -3.2693386e+00   2.3019622e-01
  -3.2050848e+00   2.2657277e-01
  -3.1383917e+00   2.2280163e-01
  -3.0693162e+00   2.1888526e-01
  -2.9979162e+00   2.1482615e-01
  -2.9242511e+00   2.1062689e-01
  -2.8483813e+00   2.0629010e-01
  -2.7703684e+00   2.0181848e-01
  -2.6902751e+00   1.9721479e-01
  -2.6081651e+00   1.9248184e-01
  -2.5241030e+00   1.8762249e-01
  -2.4381545e+00   1.8263967e-01
  -2.3503863e+00   1.7753636e-01
  -2.2608656e+00   1.7231557e-01
  -2.1696607e+00   1.6698038e-01
  -2.0768407e+00   1.6153390e-01
  -1.9824751e+00   1.5597930e-01
  -1.8866346e+00   1.5031978e-01
  -1.7893899e+00   1.4455858e-01
  -1.6908129e+00   1.3869898e-01
  -1.5909756e+00   1.3274430e-01
  -1.4899507e+00   1.2669789e-01
  -1.3878114e+00   1.2056314e-01
  -1.2846312e+00   1.1434345e-01
  -1.1804839e+00   1.0804228e-01
  -1.0754439e+00   1.0166309e-01
  -9.6958548e-01   9.5209369e-02
  -8.6298352e-01   8.8684642e-02
  -7.5571288e-01   8.2092442e-02
  -6.4784862e-01   7.5436326e-02
  -5.3946588e-01   6.8719866e-02
  -4.3063985e-01   6.1946648e-02
  -3.2144574e-01   5.5120275e-02
  -2.1195872e-01   4.8244356e-02
  -1.0225386e-01   4.1322513e-02
   7.5938811e-03   3.4358373e-02
   1.1750973e-01   2.7355569e-02
   2.2741913e-01   2.0317736e-02
   3.3724778e-01   1.3248512e-02
   4.4692170e-01   6.1515338e-03
   5.5636725e-01  -9.6956438e-04
   6.6551119e-01  -8.1111529e-03
   7.7428074e-01  -1.5269609e-02
   8.8260358e-01  -2.2441316e-02
   9.9040795e-01  -2.9622672e-02
   1.0976226e+00  -3.6810082e-02
   1.2041771e+00  -4.3999970e-02
   1.3100014e+00  -5.1188772e-02
   1.4150264e+00  -5.8372945e-02
   1.5191836e+00  -6.5548964e-02
   1.6224054e+00  -7.2713328e-02
   1.7246250e+00  -7.9862558e-02
   1.8257766e+00  -8.6993201e-02
   1.9257951e+00  -9.4101832e-02
   2.0246165e+00  -1.0118506e-01
   2.1221781e+00  -1.0823951e-01
   2.2184178e+00  -1.1526186e-01
   2.3132749e+00  -1.2224882e-01
   2.4066898e+00  -1.2919713e-01
   2.4986041e+00  -1.3610357e-01
   2.5889607e+00  -1.4296495e-01
   2.6777037e+00  -1.4977816e-01
   2.7647787e+00  -1.5654010e-01
   2.8501325e+00  -1.6324773e-01
   2.9337134e+00  -1.6989806e-01
   3.0154712e+00  -1.7648814e-01
   3.0953572e+00  -1.8301509e-01
   3.1733244e+00  -1.8947608e-01
   3.2493271e+00  -1.9586833e-01
   3.3233216e+00  -2.0218911e-01
   3.3952656e+00  -2.0843578e-01
   3.4651188e+00  -2.1460573e-01
   3.5328426e+00  -2.2069644e-01
   3.5984000e+00  -2.2670544e-01
   3.6617562e+00  -2.3263034e-01
   3.7228780e+00  -2.3846879e-01
   3.7817338e+00  -2.4421854e-01
   3.8382942e+00  -2.4987738e-01
   3.8925312e+00  -2.5544317e-01
   3.9444185e+00  -2.6091383e-01
   3.9939318e+00  -2.6628735e-01
   4.0410481e+00  -2.7156178e-01
   4.0857465e+00  -2.7673523e-01
   4.1280073e+00  -2.8180587e-01
   4.1678128e+00  -2.8677195e-01
   4.2051466e+00  -2.9163175e-01
   4.2399942e+00  -2.9638362e-01
   4.2723425e+00  -3.0102600e-01
   4.3021799e+00  -3.0555734e-01
   4.3294964e+00  -3.0997618e-01
   4.3542836e+00  -3.1428111e-01
   4.3765345e+00  -3.1847079e-01
   4.3962435e+00  -3.2254392e-01
   4.4134068e+00  -3.2649925e-01
   4.4280216e+00  -3.3033562e-01
   4.4400868e+00  -3.3405189e-01
   4.4496026e+00  -3.3764699e-01
   4.4565707e+00  -3.4111992e-01
   4.4609941e+00  -3.4446971e-01
   4.4628770e+00  -3.4769545e-01
   4.4622251e+00  -3.5079630e-01
   4.4590454e+00  -3.5377144e-01
   4.4533463e+00  -3.5662014e-01
   4.4451371e+00  -3.5934170e-01
   4.4344288e+00  -3.6193548e-01
   4.4212333e+00  -3.6440087e-01
   4.4055639e+00  -3.6673735e-01
   4.3874351e+00  -3.6894441e-01
   4.3668624e+00  -3.7102162e-01
   4.3438628e+00  -3.7296857e-01
   4.3184540e+00  -3.7478494e-01
   4.2906551e+00  -3.7647041e-01
   4.2604864e+00  -3.7802474e-01
   4.2279691e+00  -3.7944772e-01
   4.1931254e+00  -3.8073921e-01
   4.1559787e+00  -3.8189909e-01
   4.1165535e+00  -3.8292730e-01
   4.0748752e+00  -3.8382382e-01
   4.0309700e+00  -3.8458867e-01
   3.9848655e+00  -3.8522194e-01
   3.9365900e+00  -3.8572372e-01
   3.8861726e+00  -3.8609419e-01
   3.8336436e+00  -3.8633353e-01
   3.7790341e+00  -3.8644200e-01
   3.7223760e+00  -3.8641987e-01
   3.6637022e+00  -3.8626748e-01
   3.6030462e+00  -3.8598519e-01
   3.5404427e+00  -3.8557341e-01
   3.4759269e+00  -3.8503258e-01
   3.4095349e+00  -3.8436320e-01
   3.3413036e+00  -3.8356579e-01
   3.2712704e+00  -3.8264091e-01
   3.1994739e+00  -3.8158917e-01
   3.1259530e+00  -3.8041120e-01
   3.0507474e+00  -3.7910768e-01
   2.9738976e+00  -3.7767933e-01
   2.8954447e+00  -3.7612690e-01
   2.8154303e+00  -3.7445116e-01
   2.7338967e+00  -3.7265295e-01
   2.6508870e+00  -3.7073311e-01
   2.5664445e+00  -3.6869254e-01
   2.4806134e+00  -3.6653216e-01
   2.3934383e+00  -3.6425292e-01
   2.3049643e+00  -3.6185581e-01
   2.2152371e+00  -3.5934186e-01
   2.1243027e+00  -3.5671211e-01
   2.0322078e+00  -3.5396765e-01
   1.9389995e+00  -3.5110960e-01
   1.8447251e+00  -3.4813909e-01
   1.7494327e+00  -3.4505731e-01
   1.6531704e+00  -3.4186546e-01
   1.5559870e+00  -3.3856477e-01
   1.4579315e+00  -3.3515650e-01
   1.3590532e+00  -3.3164195e-01
   1.2594018e+00  -3.2802242e-01
   1.1590272e+00  -3.2429926e-01
   1.0579798e+00  -3.2047385e-01
   9.5631002e-01  -3.1654757e-01
   8.5406866e-01  -3.1252186e-01
   7.5130670e-01  -3.0839814e-01
   6.4807535e-01  -3.0417791e-01
   5.4442597e-01  -2.9986265e-01
   4.4041013e-01  -2.9545388e-01
   3.3607954e-01  -2.9095314e-01
   2.3148602e-01  -2.8636199e-01
   1.2668152e-01  -2.8168203e-01
   2.1718099e-02  -2.7691486e-01
  -8.3352134e-02  -2.7206211e-01
  -1.8847700e-01  -2.6712542e-01
  -2.9360429e-01  -2.6210648e-01
  -3.9868175e-01  -2.5700696e-01
  -5.0365717e-01  -2.5182859e-01
  -6.0847832e-01  -2.4657307e-01
  -7.1309301e-01  -2.4124217e-01
  -8.1744913e-01  -2.3583764e-01
  -9.2149461e-01  -2.3036127e-01
  -1.0251775e+00  -2.2481484e-01
  -1.1284460e+00  -2.1920019e-01
  -1.2312483e+00  -2.1351913e-01
  -1.3335328e+00  -2.0777352e-01
  -1.4352483e+00  -2.0196520e-01
  -1.5363434e+00  -1.9609606e-01
  -1.6367671e+00  -1.9016799e-01
  -1.7364688e+00  -1.8418288e-01
  -1.8353977e+00  -1.7814265e-01
  -1.9335036e+00  -1.7204923e-01
  -2.0307366e+00  -1.6590456e-01
  -2.1270469e+00  -1.5971059e-01
  -2.2223851e+00  -1.5346928e-01
  -2.3167023e+00  -1.4718260e-01
  -2.4099496e+00  -1.4085253e-01
  -2.5020787e+00  -1.3448107e-01
  -2.5930418e+00  -1.2807022e-01
  -2.6827913e+00  -1.2162198e-01
  -2.7712801e+00  -1.1513838e-01
  -2.8584616e+00  -1.0862144e-01
  -2.9442895e+00  -1.0207319e-01
  -3.0287183e+00  -9.5495672e-02
  -3.1117027e+00  -8.8890932e-02
  -3.1931980e+00  -8.2261021e-02
  -3.2731602e+00  -7.5607994e-02
  -3.3515456e+00  -6.8933914e-02
  -3.4283113e+00  -6.2240845e-02
  -3.5034149e+00  -5.5530857e-02
  -3.5768147e+00  -4.8806023e-02
  -3.6484694e+00  -4.2068416e-02
  -3.7183387e+00  -3.5320116e-02
  -3.7863827e+00  -2.8563202e-02
  -3.8525623e+00  -2.1799755e-02
  -3.9168391e+00  -1.5031857e-02
  -3.9791754e+00  -8.2615902e-03
  -4.0395343e+00  -1.4910364e-03
  -4.0978797e+00   5.2777223e-03
  -4.1541761e+00   1.2042605e-02
  -4.2083890e+00   1.8801534e-02
  -4.2604847e+00   2.5552430e-02
  -4.3104302e+00   3.2293219e-02
  -4.3581935e+00   3.9021830e-02
  -4.4037434e+00   4.5736194e-02
  -4.4470496e+00   5.2434246e-02
  -4.4880828e+00   5.9113928e-02
  -4.5268146e+00   6.5773183e-02
  -4.5632175e+00   7.2409962e-02
  -4.5972650e+00   7.9022221e-02
  -4.6289316e+00   8.5607922e-02
  -4.6581927e+00   9.2165034e-02
  -4.6850251e+00   9.8691535e-02
  -4.7094061e+00   1.0518541e-01
  -4.7313145e+00   1.1164465e-01
  -4.7507300e+00   1.1806725e-01
  -4.7676334e+00   1.2445123e-01
  -4.7820067e+00   1.3079461e-01
  -4.7938330e+00   1.3709541e-01
  -4.8030965e+00   1.4335168e-01
  -4.8097827e+00   1.4956148e-01
  -4.8138782e+00   1.5572285e-01
  -4.8153708e+00   1.6183389e-01
  -4.8142497e+00   1.6789267e-01
  -4.8105051e+00   1.7389731e-01
  -4.8041287e+00   1.7984591e-01
  -4.7951134e+00   1.8573660e-01
  -4.7834533e+00   1.9156753e-01
  -4.7691440e+00   1.9733686e-01
  -4.7521823e+00   2.0304276e-01
  -4.7325666e+00   2.0868342e-01
  -4.7102965e+00   2.1425705e-01
  -4.6853729e+00   2.1976186e-01
  -4.6577984e+00   2.2519611e-01
  -4.6275767e+00   2.3055805e-01
  -4.5947134e+00   2.3584596e-01
  -4.5592151e+00   2.4105813e-01
  -4.5210903e+00   2.4619288e-01
  -4.4803487e+00   2.5124854e-01
  -4.4370018e+00   2.5622347e-01
  -4.3910624e+00   2.6111605e-01
  -4.3425451e+00   2.6592467e-01
  -4.2914659e+00   2.7064776e-01
  -4.2378426e+00   2.7528375e-01
  -4.1816945e+00   2.7983110e-01
  -4.1230424e+00   2.8428831e-01
  -4.0619091e+00   2.8865389e-01
  -3.9983190e+00   2.9292637e-01
  -3.9322979e+00   2.9710431e-01
  -3.8638736e+00   3.0118630e-01
  -3.7930756e+00   3.0517094e-01
  -3.7199352e+00   3.0905688e-01
  -3.6444854e+00   3.1284277e-01
  -3.5667609e+00   3.1652731e-01
  -3.4867984e+00   3.2010922e-01
  -3.4046364e+00   3.2358724e-01
  -3.3203152e+00   3.2696014e-01
  -3.2338768e+00   3.3022673e-01
  -3.1453655e+00   3.3338584e-01
  -3.0548272e+00   3.3643633e-01
  -2.9623096e+00   3.3937710e-01
  -2.8678624e+00   3.4220707e-01
  -2.7715371e+00   3.4492519e-01
  -2.6733866e+00   3.4753045e-01
  -2.5734658e+00   3.5002187e-01
  -2.4718310e+00   3.5239849e-01
  -2.3685401e+00   3.5465939e-01
  -2.2636527e+00   3.5680368e-01
  -2.1572296e+00   3.5883052e-01
  -2.0493331e+00   3.6073906e-01
  -1.9400270e+00   3.6252854e-01
  -1.8293762e+00   3.6419818e-01
  -1.7174470e+00   3.6574726e-01
  -1.6043069e+00   3.6717510e-01
  -1.4900246e+00   3.6848103e-01
  -1.3746698e+00   3.6966444e-01
  -1.2583135e+00   3.7072474e-01
  -1.1410274e+00   3.7166138e-01
  -1.0228844e+00   3.7247383e-01
  -9.0395830e-01   3.7316162e-01
  -7.8432369e-01   3.7372430e-01
  -6.6405605e-01   3.7416145e-01
  -5.4323161e-01   3.7447272e-01
  -4.2192732e-01   3.7465775e-01
  -3.0022082e-01   3.7471624e-01
  -1.7819035e-01   3.7464793e-01
  -5.5914760e-02   3.7445260e-01
   6.6526593e-02   3.7413005e-01
   1.8905387e-01   3.7368012e-01
   3.1158681e-01   3.7310272e-01
   4.3404475e-01   3.7239776e-01
   5.5634673e-01   3.7156519e-01
   6.7841148e-01   3.7060504e-01
   8.0015752e-01   3.6951733e-01
   9.2150317e-01   3.6830214e-01
   1.0423666e+00   3.6695960e-01
   1.1626660e+00   3.6548986e-01
   1.2823194e+00   3.6389313e-01
   1.4012449e+00   3.6216964e-01
   1.5193606e+00   3.6031967e-01
   1.6365849e+00   3.5834355e-01
   1.7528361e+00   3.5624164e-01
   1.8680329e+00   3.5401434e-01
   1.9820942e+00   3.5166210e-01
   2.0949393e+00   3.4918541e-01
   2.2064877e+00   3.4658480e-01
   2.3166594e+00   3.4386084e-01
   2.4253748e+00   3.4101415e-01
   2.5325550e+00   3.3804539e-01
   2.6381213e+00   3.3495525e-01
   2.7419961e+00   3.3174449e-01
   2.8441019e+00   3.2841390e-01
   2.9443624e+00   3.2496431e-01
   3.0427017e+00   3.2139659e-01
   3.1390448e+00   3.1771168e-01
   3.2333178e+00   3.1391054e-01
   3.3254474e+00   3.0999418e-01
   3.4153612e+00   3.0596367e-01
   3.5029882e+00   3.0182011e-01
   3.5882580e+00   2.9756465e-01
   3.6711017e+00   2.9319848e-01
   3.7514511e+00   2.8872286e-01
   3.8292397e+00   2.8413907e-01
   3.9044018e+00   2.7944846e-01
   3.9768733e+00   2.7465240e-01
   4.0465914e+00   2.6975233e-01
   4.1134945e+00   2.6474974e-01
   4.1775226e+00   2.5964614e-01
   4.2386173e+00   2.5444313e-01
   4.2967215e+00   2.4914233e-01
   4.3517798e+00   2.4374540e-01
   4.4037386e+00   2.3825409e-01
   4.4525457e+00   2.3267016e-01
   4.4981509e+00   2.2699543e-01
   4.5405056e+00   2.2123179e-01
   4.5795631e+00   2.1538116e-01
   4.6152787e+00   2.0944551e-01
   4.6476095e+00   2.0342687e-01
   4.6765146e+00   1.9732732e-01
   4.7019552e+00   1.9114898e-01
   4.7238946e+00   1.8489405e-01
   4.7422981e+00   1.7856475e-01
   4.7571334e+00   1.7216336e-01
   4.7683702e+00   1.6569223e-01
   4.7759806e+00   1.5915375e-01
   4.7799391e+00   1.5255035e-01
   4.7802224e+00   1.4588455e-01
   4.7768099e+00   1.3915888e-01
   4.7696832e+00   1.3237595e-01
   4.7588266e+00   1.2553843e-01
   4.7442268e+00   1.1864902e-01
   4.7258735e+00   1.1171050e-01
   4.7037587e+00   1.0472568e-01
   4.6778772e+00   9.7697443e-02
   4.6482267e+00   9.0628726e-02
   4.6148077e+00   8.3522516e-02
   4.5776236e+00   7.6381859e-02
   4.5366805e+00   6.9209857e-02
   4.4919877e+00   6.2009669e-02
   4.4435575e+00   5.4784508e-02
   4.3914053e+00   4.7537648e-02
   4.3355494e+00   4.0272419e-02
   4.2760115e+00   3.2992208e-02
   4.2128165e+00   2.5700459e-02
   4.1459924e+00   1.8400678e-02
   4.0755707e+00   1.1096425e-02
   4.0015863e+00   3.7913208e-03
   3.9240773e+00  -3.5109538e-03
   3.8430854e+00  -1.0806660e-02
   3.7586558e+00  -1.8092001e-02
   3.6708373e+00  -2.5363116e-02
   3.5796823e+00  -3.2616088e-02
   3.4852468e+00  -3.9846938e-02
   3.3875906e+00  -4.7051627e-02
   3.2867773e+00  -5.4226054e-02
   3.1828741e+00  -6.1366059e-02
   3.0759522e+00  -6.8467417e-02
   2.9660868e+00  -7.5525846e-02
   2.8533570e+00  -8.2536998e-02
   2.7378457e+00  -8.9496464e-02
   2.6196402e+00  -9.6399774e-02
   2.4988317e+00  -1.0324239e-01
   2.3755156e+00  -1.1001973e-01
   2.2497915e+00  -1.1672711e-01
   2.1217632e+00  -1.2335982e-01
   1.9915390e+00  -1.2991308e-01
   1.8592313e+00  -1.3638202e-01
   1.7249572e+00  -1.4276173e-01
   1.5888379e+00  -1.4904724e-01
   1.4509993e+00  -1.5523349e-01
   1.3115720e+00  -1.6131538e-01
   1.1706908e+00  -1.6728772e-01
   1.0284956e+00  -1.7314529e-01
   8.8513063e-01  -1.7888276e-01
   7.4074511e-01  -1.8449476e-01
   5.9549295e-01  -1.8997586e-01
   4.4953293e-01  -1.9532054e-01
   3.0302872e-01  -2.0052324e-01
   1.5614895e-01  -2.0557830e-01
   9.0672382e-03  -2.1048002e-01
  -1.3803776e-01  -2.1522262e-01
  -2.8498227e-01  -2.1980026e-01
  -4.3157741e-01  -2.2420702e-01
  -5.7762908e-01  -2.2843691e-01
  -7.2293794e-01  -2.3248389e-01
  -8.6729938e-01  -2.3634184e-01
  -1.0105034e+00  -2.4000456e-01
  -1.1523347e+00  -2.4346579e-01
  -1.2925724e+00  -2.4671921e-01
  -1.4309903e+00  -2.4975841e-01
  -1.5673565e+00  -2.5257693e-01
  -1.7014337e+00  -2.5516821e-01
  -1.8329787e+00  -2.5752565e-01
  -1.9617429e+00  -2.5964256e-01
  -2.0874718e+00  -2.6151219e-01
  -2.2099051e+00  -2.6312770e-01
  -2.3287768e+00  -2.6448221e-01
  -2.4438148e+00  -2.6556872e-01
  -2.5547413e+00  -2.6638021e-01
  -2.6612725e+00  -2.6690955e-01
  -2.7631183e+00  -2.6714954e-01
  -2.8599828e+00  -2.6709293e-01
  -2.9515638e+00  -2.6673237e-01
  -3.0375532e+00  -2.6606046e-01
  -3.1176362e+00  -2.6506969e-01
  -3.1914922e+00  -2.6375252e-01
  -3.2587940e+00  -2.6210131e-01
  -3.3192081e+00  -2.6010833e-01
  -3.3723945e+00  -2.5776582e-01
  -3.4180069e+00  -2.5506589e-01
  -3.4556923e+00  -2.5200062e-01
  -3.4850911e+00  -2.4856198e-01
  -3.5058374e+00  -2.4474189e-01
  -3.5175582e+00  -2.4053217e-01
  -3.5198740e+00  -2.3592459e-01
  -3.5123986e+00  -2.3091082e-01
  -3.4947388e+00  -2.2548245e-01
  -3.4664946e+00  -2.1963101e-01
  -3.4272592e+00  -2.1334794e-01
  -3.3766187e+00  -2.0662462e-01
  -3.3141521e+00  -1.9945231e-01
  -3.2394316e+00  -1.9182224e-01
  -3.1520221e+00  -1.8372553e-01
  -3.0514813e+00  -1.7515323e-01
  -2.9373597e+00  -1.6609630e-01
  -2.8092008e+00  -1.5654565e-01
  -2.6665404e+00  -1.4649207e-01
  -2.5089071e+00  -1.3592630e-01
  -2.3358222e+00  -1.2483898e-01
  -2.1467994e+00  -1.1322068e-01
  -1.9413449e+00  -1.0106188e-01
  -1.7189574e+00  -8.8352992e-02
  -1.4791280e+00  -7.5084335e-02
  -1.2213400e+00  -6.1246147e-02
  -9.4506920e-01  -4.6828587e-02
  -6.4978348e-01  -3.1821729e-02
  -3.3494299e-01  -1.6215563e-02
  -4.4408921e-14   3.7747583e-15
