   0.0000000e+00   0.0000000e+00
   1.0000000e-02   2.3679350e-11
   2.0000000e-02   7.4994234e-10
   3.0000000e-02   5.6361376e-09
   4.0000000e-02   2.3505092e-08
   5.0000000e-02   7.0988488e-08
   6.0000000e-02   1.7480717e-07
   7.0000000e-02   3.7389305e-07
   8.0000000e-02   7.2135727e-07
   9.0000000e-02   1.2863091e-06
   1.0000000e-01   2.1555301e-06
   1.1000000e-01   3.4350081e-06
   1.2000000e-01   5.2513348e-06
   1.3000000e-01   7.7529719e-06
   1.4000000e-01   1.1111390e-05
   1.5000000e-01   1.5522084e-05
   1.6000000e-01   2.1205467e-05
   1.7000000e-01   2.8407656e-05
   1.8000000e-01   3.7401134e-05
   1.9000000e-01   4.8485318e-05
   2.0000000e-01   6.1987014e-05
   2.1000000e-01   7.8260777e-05
   2.2000000e-01   9.7689172e-05
   2.3000000e-01   1.2068294e-04
   2.4000000e-01   1.4768109e-04
   2.5000000e-01   1.7915088e-04
   2.6000000e-01   2.1558774e-04
   2.7000000e-01   2.5751510e-04
   2.8000000e-01   3.0548415e-04
   2.9000000e-01   3.6007352e-04
   3.0000000e-01   4.2188893e-04
   3.1000000e-01   4.9156269e-04
   3.2000000e-01   5.6975323e-04
   3.3000000e-01   6.5714452e-04
   3.4000000e-01   7.5444542e-04
   3.5000000e-01   8.6238905e-04
   3.6000000e-01   9.8173198e-04
   3.7000000e-01   1.1132535e-03
   3.8000000e-01   1.2577549e-03
   3.9000000e-01   1.4160584e-03
   4.0000000e-01   1.5890062e-03
   4.1000000e-01   1.7774599e-03
   4.2000000e-01   1.9822992e-03
   4.3000000e-01   2.2044209e-03
   4.4000000e-01   2.4447380e-03
   4.5000000e-01   2.7041786e-03
   4.6000000e-01   2.9836847e-03
   4.7000000e-01   3.2842110e-03
   4.8000000e-01   3.6067242e-03
   4.9000000e-01   3.9522013e-03
   5.0000000e-01   4.3216287e-03
   5.1000000e-01   4.7160010e-03
   5.2000000e-01   5.1363198e-03
   5.3000000e-01   5.5835923e-03
   5.4000000e-01   6.0588304e-03
   5.5000000e-01   6.5630492e-03
   5.6000000e-01   7.0972657e-03
   5.7000000e-01   7.6624981e-03
   5.8000000e-01   8.2597637e-03
   5.9000000e-01   8.8900784e-03
   6.0000000e-01   9.5544551e-03
   6.1000000e-01   1.0253903e-02
   6.2000000e-01   1.0989424e-02
   6.3000000e-01   1.1762017e-02
   6.4000000e-01   1.2572670e-02
   6.5000000e-01   1.3422362e-02
   6.6000000e-01   1.4312063e-02
   6.7000000e-01   1.5242732e-02
   6.8000000e-01   1.6215314e-02
   6.9000000e-01   1.7230740e-02
   7.0000000e-01   1.8289928e-02
   7.1000000e-01   1.9393778e-02
   7.2000000e-01   2.0543174e-02
   7.3000000e-01   2.1738981e-02
   7.4000000e-01   2.2982045e-02
   7.5000000e-01   2.4273192e-02
   7.6000000e-01   2.5613224e-02
   7.7000000e-01   2.7002925e-02
   7.8000000e-01   2.8443053e-02
   7.9000000e-01   2.9934340e-02
   8.0000000e-01   3.1477495e-02
   8.1000000e-01   3.3073200e-02
   8.2000000e-01   3.4722111e-02
   8.3000000e-01   3.6424854e-02
   8.4000000e-01   3.8182026e-02
   8.5000000e-01   3.9994197e-02
   8.6000000e-01   4.1861904e-02
   8.7000000e-01   4.3785654e-02
   8.8000000e-01   4.5765922e-02
   8.9000000e-01   4.7803149e-02
   9.0000000e-01   4.9897744e-02
   9.1000000e-01   5.2050082e-02
   9.2000000e-01   5.4260504e-02
   9.3000000e-01   5.6529315e-02
   9.4000000e-01   5.8856784e-02
   9.5000000e-01   6.1243146e-02
   9.6000000e-01   6.3688597e-02
   9.7000000e-01   6.6193296e-02
   9.8000000e-01   6.8757367e-02
   9.9000000e-01   7.1380895e-02
   1.0000000e+00   7.4063925e-02
   1.0100000e+00   7.6806466e-02
   1.0200000e+00   7.9608487e-02
   1.0300000e+00   8.2469920e-02
   1.0400000e+00   8.5390654e-02
   1.0500000e+00   8.8370543e-02
   1.0600000e+00   9.1409398e-02
   1.0700000e+00   9.4506992e-02
   1.0800000e+00   9.7663060e-02
   1.0900000e+00   1.0087729e-01
   1.1000000e+00   1.0414935e-01
   1.1100000e+00   1.0747883e-01
   1.1200000e+00   1.1086533e-01
   1.1300000e+00   1.1430837e-01
   1.1400000e+00   1.1780745e-01
   1.1500000e+00   1.2136203e-01
   1.1600000e+00   1.2497152e-01
   1.1700000e+00   1.2863530e-01
   1.1800000e+00   1.3235271e-01
   1.1900000e+00   1.3612306e-01
   1.2000000e+00   1.3994560e-01
   1.2100000e+00   1.4381957e-01
   1.2200000e+00   1.4774415e-01
   1.2300000e+00   1.5171849e-01
   1.2400000e+00   1.5574171e-01
   1.2500000e+00   1.5981289e-01
   1.2600000e+00   1.6393107e-01
   1.2700000e+00   1.6809526e-01
   1.2800000e+00   1.7230444e-01
   1.2900000e+00   1.7655754e-01
   1.3000000e+00   1.8085348e-01
   1.3100000e+00   1.8519112e-01
   1.3200000e+00   1.8956931e-01
   1.3300000e+00   1.9398686e-01
   1.3400000e+00   1.9844256e-01
   1.3500000e+00   2.0293514e-01
   1.3600000e+00   2.0746334e-01
   1.3700000e+00   2.1202584e-01
   1.3800000e+00   2.1662131e-01
   1.3900000e+00   2.2124839e-01
   1.4000000e+00   2.2590569e-01
   1.4100000e+00   2.3059179e-01
   1.4200000e+00   2.3530527e-01
   1.4300000e+00   2.4004465e-01
   1.4400000e+00   2.4480846e-01
   1.4500000e+00   2.4959518e-01
   1.4600000e+00   2.5440330e-01
   1.4700000e+00   2.5923126e-01
   1.4800000e+00   2.6407751e-01
   1.4900000e+00   2.6894045e-01
   1.5000000e+00   2.7381850e-01
   1.5100000e+00   2.7871002e-01
   1.5200000e+00   2.8361340e-01
   1.5300000e+00   2.8852699e-01
   1.5400000e+00   2.9344913e-01
   1.5500000e+00   2.9837815e-01
   1.5600000e+00   3.0331237e-01
   1.5700000e+00   3.0825011e-01
   1.5800000e+00   3.1318966e-01
   1.5900000e+00   3.1812932e-01
   1.6000000e+00   3.2306737e-01
   1.6100000e+00   3.2800211e-01
   1.6200000e+00   3.3293180e-01
   1.6300000e+00   3.3785473e-01
   1.6400000e+00   3.4276916e-01
   1.6500000e+00   3.4767337e-01
   1.6600000e+00   3.5256562e-01
   1.6700000e+00   3.5744420e-01
   1.6800000e+00   3.6230738e-01
   1.6900000e+00   3.6715343e-01
   1.7000000e+00   3.7198064e-01
   1.7100000e+00   3.7678730e-01
   1.7200000e+00   3.8157170e-01
   1.7300000e+00   3.8633215e-01
   1.7400000e+00   3.9106696e-01
   1.7500000e+00   3.9577445e-01
   1.7600000e+00   4.0045295e-01
   1.7700000e+00   4.0510081e-01
   1.7800000e+00   4.0971638e-01
   1.7900000e+00   4.1429804e-01
   1.8000000e+00   4.1884418e-01
   1.8100000e+00   4.2335320e-01
   1.8200000e+00   4.2782351e-01
   1.8300000e+00   4.3225357e-01
   1.8400000e+00   4.3664182e-01
   1.8500000e+00   4.4098675e-01
   1.8600000e+00   4.4528685e-01
   1.8700000e+00   4.4954065e-01
   1.8800000e+00   4.5374669e-01
   1.8900000e+00   4.5790354e-01
   1.9000000e+00   4.6200980e-01
   1.9100000e+00   4.6606408e-01
   1.9200000e+00   4.7006504e-01
   1.9300000e+00   4.7401134e-01
   1.9400000e+00   4.7790169e-01
   1.9500000e+00   4.8173483e-01
   1.9600000e+00   4.8550950e-01
   1.9700000e+00   4.8922452e-01
   1.9800000e+00   4.9287869e-01
   1.9900000e+00   4.9647089e-01
   2.0000000e+00   5.0000000e-01
   2.0100000e+00   5.0346494e-01
   2.0200000e+00   5.0686468e-01
   2.0300000e+00   5.1019821e-01
   2.0400000e+00   5.1346456e-01
   2.0500000e+00   5.1666280e-01
   2.0600000e+00   5.1979203e-01
   2.0700000e+00   5.2285139e-01
   2.0800000e+00   5.2584007e-01
   2.0900000e+00   5.2875728e-01
   2.1000000e+00   5.3160229e-01
   2.1100000e+00   5.3437439e-01
   2.1200000e+00   5.3707293e-01
   2.1300000e+00   5.3969728e-01
   2.1400000e+00   5.4224686e-01
   2.1500000e+00   5.4472114e-01
   2.1600000e+00   5.4711962e-01
   2.1700000e+00   5.4944185e-01
   2.1800000e+00   5.5168743e-01
   2.1900000e+00   5.5385597e-01
   2.2000000e+00   5.5594717e-01
   2.2100000e+00   5.5796075e-01
   2.2200000e+00   5.5989645e-01
   2.2300000e+00   5.6175410e-01
   2.2400000e+00   5.6353355e-01
   2.2500000e+00   5.6523468e-01
   2.2600000e+00   5.6685745e-01
   2.2700000e+00   5.6840184e-01
   2.2800000e+00   5.6986788e-01
   2.2900000e+00   5.7125563e-01
   2.3000000e+00   5.7256523e-01
   2.3100000e+00   5.7379684e-01
   2.3200000e+00   5.7495065e-01
   2.3300000e+00   5.7602694e-01
   2.3400000e+00   5.7702598e-01
   2.3500000e+00   5.7794813e-01
   2.3600000e+00   5.7879377e-01
   2.3700000e+00   5.7956334e-01
   2.3800000e+00   5.8025729e-01
   2.3900000e+00   5.8087616e-01
   2.4000000e+00   5.8142050e-01
   2.4100000e+00   5.8189091e-01
   2.4200000e+00   5.8228805e-01
   2.4300000e+00   5.8261260e-01
   2.4400000e+00   5.8286530e-01
   2.4500000e+00   5.8304691e-01
   2.4600000e+00   5.8315826e-01
   2.4700000e+00   5.8320019e-01
   2.4800000e+00   5.8317361e-01
   2.4900000e+00   5.8307946e-01
   2.5000000e+00   5.8291871e-01
   2.5100000e+00   5.8269238e-01
   2.5200000e+00   5.8240152e-01
   2.5300000e+00   5.8204723e-01
   2.5400000e+00   5.8163063e-01
   2.5500000e+00   5.8115291e-01
   2.5600000e+00   5.8061526e-01
   2.5700000e+00   5.8001892e-01
   2.5800000e+00   5.7936518e-01
   2.5900000e+00   5.7865534e-01
   2.6000000e+00   5.7789075e-01
   2.6100000e+00   5.7707279e-01
   2.6200000e+00   5.7620287e-01
   2.6300000e+00   5.7528243e-01
   2.6400000e+00   5.7431295e-01
   2.6500000e+00   5.7329594e-01
   2.6600000e+00   5.7223293e-01
   2.6700000e+00   5.7112549e-01
   2.6800000e+00   5.6997520e-01
   2.6900000e+00   5.6878369e-01
   2.7000000e+00   5.6755260e-01
   2.7100000e+00   5.6628361e-01
   2.7200000e+00   5.6497841e-01
   2.7300000e+00   5.6363872e-01
   2.7400000e+00   5.6226629e-01
   2.7500000e+00   5.6086289e-01
   2.7600000e+00   5.5943029e-01
   2.7700000e+00   5.5797031e-01
   2.7800000e+00   5.5648478e-01
   2.7900000e+00   5.5497553e-01
   2.8000000e+00   5.5344444e-01
   2.8100000e+00   5.5189338e-01
   2.8200000e+00   5.5032425e-01
   2.8300000e+00   5.4873895e-01
   2.8400000e+00   5.4713941e-01
   2.8500000e+00   5.4552757e-01
   2.8600000e+00   5.4390537e-01
   2.8700000e+00   5.4227477e-01
   2.8800000e+00   5.4063774e-01
   2.8900000e+00   5.3899625e-01
   2.9000000e+00   5.3735229e-01
   2.9100000e+00   5.3570784e-01
   2.9200000e+00   5.3406491e-01
   2.9300000e+00   5.3242548e-01
   2.9400000e+00   5.3079158e-01
   2.9500000e+00   5.2916519e-01
   2.9600000e+00   5.2754833e-01
   2.9700000e+00   5.2594301e-01
   2.9800000e+00   5.2435122e-01
   2.9900000e+00   5.2277498e-01
   3.0000000e+00   5.2121629e-01
   3.0100000e+00   5.1967714e-01
   3.0200000e+00   5.1815952e-01
   3.0300000e+00   5.1666543e-01
   3.0400000e+00   5.1519683e-01
   3.0500000e+00   5.1375571e-01
   3.0600000e+00   5.1234402e-01
   3.0700000e+00   5.1096372e-01
   3.0800000e+00   5.0961674e-01
   3.0900000e+00   5.0830501e-01
   3.1000000e+00   5.0703045e-01
   3.1100000e+00   5.0579495e-01
   3.1200000e+00   5.0460041e-01
   3.1300000e+00   5.0344869e-01
   3.1400000e+00   5.0234163e-01
   3.1500000e+00   5.0128109e-01
   3.1600000e+00   5.0026885e-01
   3.1700000e+00   4.9930673e-01
   3.1800000e+00   4.9839650e-01
   3.1900000e+00   4.9753989e-01
   3.2000000e+00   4.9673864e-01
   3.2100000e+00   4.9599445e-01
   3.2200000e+00   4.9530900e-01
   3.2300000e+00   4.9468393e-01
   3.2400000e+00   4.9412088e-01
   3.2500000e+00   4.9362144e-01
   3.2600000e+00   4.9318718e-01
   3.2700000e+00   4.9281964e-01
   3.2800000e+00   4.9252032e-01
   3.2900000e+00   4.9229070e-01
   3.3000000e+00   4.9213223e-01
   3.3100000e+00   4.9204632e-01
   3.3200000e+00   4.9203436e-01
   3.3300000e+00   4.9209768e-01
   3.3400000e+00   4.9223759e-01
   3.3500000e+00   4.9245537e-01
   3.3600000e+00   4.9275226e-01
   3.3700000e+00   4.9312946e-01
   3.3800000e+00   4.9358812e-01
   3.3900000e+00   4.9412938e-01
   3.4000000e+00   4.9475432e-01
   3.4100000e+00   4.9546398e-01
   3.4200000e+00   4.9625938e-01
   3.4300000e+00   4.9714146e-01
   3.4400000e+00   4.9811116e-01
   3.4500000e+00   4.9916935e-01
   3.4600000e+00   5.0031688e-01
   3.4700000e+00   5.0155453e-01
   3.4800000e+00   5.0288306e-01
   3.4900000e+00   5.0430318e-01
   3.5000000e+00   5.0581554e-01
   3.5100000e+00   5.0742077e-01
   3.5200000e+00   5.0911943e-01
   3.5300000e+00   5.1091206e-01
   3.5400000e+00   5.1279913e-01
   3.5500000e+00   5.1478108e-01
   3.5600000e+00   5.1685829e-01
   3.5700000e+00   5.1903111e-01
   3.5800000e+00   5.2129983e-01
   3.5900000e+00   5.2366470e-01
   3.6000000e+00   5.2612592e-01
   3.6100000e+00   5.2868363e-01
   3.6200000e+00   5.3133794e-01
   3.6300000e+00   5.3408891e-01
   3.6400000e+00   5.3693655e-01
   3.6500000e+00   5.3988080e-01
   3.6600000e+00   5.4292160e-01
   3.6700000e+00   5.4605879e-01
   3.6800000e+00   5.4929219e-01
   3.6900000e+00   5.5262158e-01
   3.7000000e+00   5.5604666e-01
   3.7100000e+00   5.5956711e-01
   3.7200000e+00   5.6318256e-01
   3.7300000e+00   5.6689258e-01
   3.7400000e+00   5.7069669e-01
   3.7500000e+00   5.7459438e-01
   3.7600000e+00   5.7858508e-01
   3.7700000e+00   5.8266817e-01
   3.7800000e+00   5.8684301e-01
   3.7900000e+00   5.9110887e-01
   3.8000000e+00   5.9546502e-01
   3.8100000e+00   5.9991065e-01
   3.8200000e+00   6.0444491e-01
   3.8300000e+00   6.0906693e-01
   3.8400000e+00   6.1377576e-01
   3.8500000e+00   6.1857044e-01
   3.8600000e+00   6.2344994e-01
   3.8700000e+00   6.2841320e-01
   3.8800000e+00   6.3345911e-01
   3.8900000e+00   6.3858654e-01
   3.9000000e+00   6.4379429e-01
   3.9100000e+00   6.4908113e-01
   3.9200000e+00   6.5444580e-01
   3.9300000e+00   6.5988698e-01
   3.9400000e+00   6.6540334e-01
   3.9500000e+00   6.7099348e-01
   3.9600000e+00   6.7665599e-01
   3.9700000e+00   6.8238941e-01
   3.9800000e+00   6.8819224e-01
   3.9900000e+00   6.9406296e-01
   4.0000000e+00   7.0000000e-01
   4.0100000e+00   7.0600177e-01
   4.0200000e+00   7.1206664e-01
   4.0300000e+00   7.1819295e-01
   4.0400000e+00   7.2437901e-01
   4.0500000e+00   7.3062310e-01
   4.0600000e+00   7.3692347e-01
   4.0700000e+00   7.4327835e-01
   4.0800000e+00   7.4968594e-01
   4.0900000e+00   7.5614440e-01
   4.1000000e+00   7.6265188e-01
   4.1100000e+00   7.6920651e-01
   4.1200000e+00   7.7580639e-01
   4.1300000e+00   7.8244959e-01
   4.1400000e+00   7.8913417e-01
   4.1500000e+00   7.9585818e-01
   4.1600000e+00   8.0261963e-01
   4.1700000e+00   8.0941653e-01
   4.1800000e+00   8.1624686e-01
   4.1900000e+00   8.2310860e-01
   4.2000000e+00   8.2999971e-01
   4.2100000e+00   8.3691813e-01
   4.2200000e+00   8.4386180e-01
   4.2300000e+00   8.5082864e-01
   4.2400000e+00   8.5781656e-01
   4.2500000e+00   8.6482349e-01
   4.2600000e+00   8.7184731e-01
   4.2700000e+00   8.7888593e-01
   4.2800000e+00   8.8593722e-01
   4.2900000e+00   8.9299910e-01
   4.3000000e+00   9.0006943e-01
   4.3100000e+00   9.0714611e-01
   4.3200000e+00   9.1422702e-01
   4.3300000e+00   9.2131005e-01
   4.3400000e+00   9.2839310e-01
   4.3500000e+00   9.3547405e-01
   4.3600000e+00   9.4255082e-01
   4.3700000e+00   9.4962131e-01
   4.3800000e+00   9.5668344e-01
   4.3900000e+00   9.6373512e-01
   4.4000000e+00   9.7077431e-01
   4.4100000e+00   9.7779894e-01
   4.4200000e+00   9.8480698e-01
   4.4300000e+00   9.9179640e-01
   4.4400000e+00   9.9876520e-01
   4.4500000e+00   1.0057114e+00
   4.4600000e+00   1.0126329e+00
   4.4700000e+00   1.0195280e+00
   4.4800000e+00   1.0263945e+00
   4.4900000e+00   1.0332306e+00
   4.5000000e+00   1.0400344e+00
   4.5100000e+00   1.0468040e+00
   4.5200000e+00   1.0535376e+00
   4.5300000e+00   1.0602334e+00
   4.5400000e+00   1.0668895e+00
   4.5500000e+00   1.0735042e+00
   4.5600000e+00   1.0800758e+00
   4.5700000e+00   1.0866025e+00
   4.5800000e+00   1.0930826e+00
   4.5900000e+00   1.0995146e+00
   4.6000000e+00   1.1058968e+00
   4.6100000e+00   1.1122276e+00
   4.6200000e+00   1.1185054e+00
   4.6300000e+00   1.1247288e+00
   4.6400000e+00   1.1308963e+00
   4.6500000e+00   1.1370064e+00
   4.6600000e+00   1.1430577e+00
   4.6700000e+00   1.1490489e+00
   4.6800000e+00   1.1549786e+00
   4.6900000e+00   1.1608455e+00
   4.7000000e+00   1.1666485e+00
   4.7100000e+00   1.1723863e+00
   4.7200000e+00   1.1780577e+00
   4.7300000e+00   1.1836616e+00
   4.7400000e+00   1.1891970e+00
   4.7500000e+00   1.1946627e+00
   4.7600000e+00   1.2000579e+00
   4.7700000e+00   1.2053815e+00
   4.7800000e+00   1.2106327e+00
   4.7900000e+00   1.2158106e+00
   4.8000000e+00   1.2209144e+00
   4.8100000e+00   1.2259433e+00
   4.8200000e+00   1.2308967e+00
   4.8300000e+00   1.2357738e+00
   4.8400000e+00   1.2405740e+00
   4.8500000e+00   1.2452968e+00
   4.8600000e+00   1.2499416e+00
   4.8700000e+00   1.2545079e+00
   4.8800000e+00   1.2589954e+00
   4.8900000e+00   1.2634036e+00
   4.9000000e+00   1.2677321e+00
   4.9100000e+00   1.2719807e+00
   4.9200000e+00   1.2761492e+00
   4.9300000e+00   1.2802374e+00
   4.9400000e+00   1.2842450e+00
   4.9500000e+00   1.2881721e+00
   4.9600000e+00   1.2920185e+00
   4.9700000e+00   1.2957843e+00
   4.9800000e+00   1.2994695e+00
   4.9900000e+00   1.3030741e+00
   5.0000000e+00   1.3065984e+00
   5.0100000e+00   1.3100424e+00
   5.0200000e+00   1.3134065e+00
   5.0300000e+00   1.3166909e+00
   5.0400000e+00   1.3198959e+00
   5.0500000e+00   1.3230218e+00
   5.0600000e+00   1.3260691e+00
   5.0700000e+00   1.3290382e+00
   5.0800000e+00   1.3319297e+00
   5.0900000e+00   1.3347439e+00
   5.1000000e+00   1.3374815e+00
   5.1100000e+00   1.3401432e+00
   5.1200000e+00   1.3427295e+00
   5.1300000e+00   1.3452411e+00
   5.1400000e+00   1.3476788e+00
   5.1500000e+00   1.3500433e+00
   5.1600000e+00   1.3523354e+00
   5.1700000e+00   1.3545560e+00
   5.1800000e+00   1.3567059e+00
   5.1900000e+00   1.3587860e+00
   5.2000000e+00   1.3607973e+00
   5.2100000e+00   1.3627406e+00
   5.2200000e+00   1.3646171e+00
   5.2300000e+00   1.3664277e+00
   5.2400000e+00   1.3681734e+00
   5.2500000e+00   1.3698554e+00
   5.2600000e+00   1.3714747e+00
   5.2700000e+00   1.3730325e+00
   5.2800000e+00   1.3745298e+00
   5.2900000e+00   1.3759679e+00
   5.3000000e+00   1.3773480e+00
   5.3100000e+00   1.3786712e+00
   5.3200000e+00   1.3799388e+00
   5.3300000e+00   1.3811520e+00
   5.3400000e+00   1.3823121e+00
   5.3500000e+00   1.3834202e+00
   5.3600000e+00   1.3844778e+00
   5.3700000e+00   1.3854861e+00
   5.3800000e+00   1.3864463e+00
   5.3900000e+00   1.3873598e+00
   5.4000000e+00   1.3882280e+00
   5.4100000e+00   1.3890520e+00
   5.4200000e+00   1.3898332e+00
   5.4300000e+00   1.3905730e+00
   5.4400000e+00   1.3912727e+00
   5.4500000e+00   1.3919335e+00
   5.4600000e+00   1.3925568e+00
   5.4700000e+00   1.3931439e+00
   5.4800000e+00   1.3936961e+00
   5.4900000e+00   1.3942146e+00
   5.5000000e+00   1.3947009e+00
   5.5100000e+00   1.3951561e+00
   5.5200000e+00   1.3955816e+00
   5.5300000e+00   1.3959785e+00
   5.5400000e+00   1.3963482e+00
   5.5500000e+00   1.3966918e+00
   5.5600000e+00   1.3970105e+00
   5.5700000e+00   1.3973055e+00
   5.5800000e+00   1.3975781e+00
   5.5900000e+00   1.3978293e+00
   5.6000000e+00   1.3980603e+00
   5.6100000e+00   1.3982722e+00
   5.6200000e+00   1.3984660e+00
   5.6300000e+00   1.3986428e+00
   5.6400000e+00   1.3988037e+00
   5.6500000e+00   1.3989495e+00
   5.6600000e+00   1.3990814e+00
   5.6700000e+00   1.3992002e+00
   5.6800000e+00   1.3993068e+00
   5.6900000e+00   1.3994022e+00
   5.7000000e+00   1.3994872e+00
   5.7100000e+00   1.3995625e+00
   5.7200000e+00   1.3996290e+00
   5.7300000e+00   1.3996873e+00
   5.7400000e+00   1.3997384e+00
   5.7500000e+00   1.3997827e+00
   5.7600000e+00   1.3998209e+00
   5.7700000e+00   1.3998537e+00
   5.7800000e+00   1.3998816e+00
   5.7900000e+00   1.3999052e+00
   5.8000000e+00   1.3999249e+00
   5.8100000e+00   1.3999413e+00
   5.8200000e+00   1.3999547e+00
   5.8300000e+00   1.3999656e+00
   5.8400000e+00   1.3999744e+00
   5.8500000e+00   1.3999812e+00
   5.8600000e+00   1.3999866e+00
   5.8700000e+00   1.3999906e+00
   5.8800000e+00   1.3999937e+00
   5.8900000e+00   1.3999959e+00
   5.9000000e+00   1.3999974e+00
   5.9100000e+00   1.3999984e+00
   5.9200000e+00   1.3999991e+00
   5.9300000e+00   1.3999995e+00
   5.9400000e+00   1.3999998e+00
   5.9500000e+00   1.3999999e+00
   5.9600000e+00   1.4000000e+00
   5.9700000e+00   1.4000000e+00
   5.9800000e+00   1.4000000e+00
   5.9900000e+00   1.4000000e+00
   6.0000000e+00   1.4000000e+00
