   0.0000000e+00   0.0000000e+00
   1.0000000e-02   1.1815213e-08
   2.0000000e-02   1.8670900e-07
   3.0000000e-02   9.3350600e-07
   4.0000000e-02   2.9136802e-06
   5.0000000e-02   7.0248110e-06
   6.0000000e-02   1.4384511e-05
   7.0000000e-02   2.6314820e-05
   8.0000000e-02   4.4327056e-05
   9.0000000e-02   7.0107116e-05
   1.0000000e-01   1.0550123e-04
   1.1000000e-01   1.5250212e-04
   1.2000000e-01   2.1323567e-04
   1.3000000e-01   2.8994791e-04
   1.4000000e-01   3.8499248e-04
   1.5000000e-01   5.0081854e-04
   1.6000000e-01   6.3995899e-04
   1.7000000e-01   8.0501918e-04
   1.8000000e-01   9.9866594e-04
   1.9000000e-01   1.2236170e-03
   2.0000000e-01   1.4826310e-03
   2.1000000e-01   1.7784974e-03
   2.2000000e-01   2.1140271e-03
   2.3000000e-01   2.4920437e-03
   2.4000000e-01   2.9153743e-03
   2.5000000e-01   3.3868414e-03
   2.6000000e-01   3.9092547e-03
   2.7000000e-01   4.4854038e-03
   2.8000000e-01   5.1180502e-03
   2.9000000e-01   5.8099206e-03
   3.0000000e-01   6.5637003e-03
   3.1000000e-01   7.3820265e-03
   3.2000000e-01   8.2674823e-03
   3.3000000e-01   9.2225908e-03
   3.4000000e-01   1.0249810e-02
   3.5000000e-01   1.1351526e-02
   3.6000000e-01   1.2530051e-02
   3.7000000e-01   1.3787616e-02
   3.8000000e-01   1.5126367e-02
   3.9000000e-01   1.6548361e-02
   4.0000000e-01   1.8055563e-02
   4.1000000e-01   1.9649842e-02
   4.2000000e-01   2.1332964e-02
   4.3000000e-01   2.3106597e-02
   4.4000000e-01   2.4972299e-02
   4.5000000e-01   2.6931522e-02
   4.6000000e-01   2.8985605e-02
   4.7000000e-01   3.1135776e-02
   4.8000000e-01   3.3383147e-02
   4.9000000e-01   3.5728712e-02
   5.0000000e-01   3.8173347e-02
   5.1000000e-01   4.0717810e-02
   5.2000000e-01   4.3362735e-02
   5.3000000e-01   4.6108636e-02
   5.4000000e-01   4.8955903e-02
   5.5000000e-01   5.1904802e-02
   5.6000000e-01   5.4955478e-02
   5.7000000e-01   5.8107947e-02
   5.8000000e-01   6.1362106e-02
   5.9000000e-01   6.4717723e-02
   6.0000000e-01   6.8174444e-02
   6.1000000e-01   7.1731793e-02
   6.2000000e-01   7.5389168e-02
   6.3000000e-01   7.9145846e-02
   6.4000000e-01   8.3000982e-02
   6.5000000e-01   8.6953610e-02
   6.6000000e-01   9.1002645e-02
   6.7000000e-01   9.5146884e-02
   6.8000000e-01   9.9385005e-02
   6.9000000e-01   1.0371557e-01
   7.0000000e-01   1.0813703e-01
   7.1000000e-01   1.1264773e-01
   7.2000000e-01   1.1724588e-01
   7.3000000e-01   1.2192961e-01
   7.4000000e-01   1.2669693e-01
   7.5000000e-01   1.3154574e-01
   7.6000000e-01   1.3647386e-01
   7.7000000e-01   1.4147897e-01
   7.8000000e-01   1.4655869e-01
   7.9000000e-01   1.5171052e-01
   8.0000000e-01   1.5693189e-01
   8.1000000e-01   1.6222012e-01
   8.2000000e-01   1.6757246e-01
   8.3000000e-01   1.7298605e-01
   8.4000000e-01   1.7845796e-01
   8.5000000e-01   1.8398520e-01
   8.6000000e-01   1.8956467e-01
   8.7000000e-01   1.9519322e-01
   8.8000000e-01   2.0086762e-01
   8.9000000e-01   2.0658457e-01
   9.0000000e-01   2.1234072e-01
   9.1000000e-01   2.1813264e-01
   9.2000000e-01   2.2395685e-01
   9.3000000e-01   2.2980982e-01
   9.4000000e-01   2.3568796e-01
   9.5000000e-01   2.4158763e-01
   9.6000000e-01   2.4750515e-01
   9.7000000e-01   2.5343681e-01
   9.8000000e-01   2.5937883e-01
   9.9000000e-01   2.6532742e-01
   1.0000000e+00   2.7127875e-01
   1.0100000e+00   2.7722897e-01
   1.0200000e+00   2.8317418e-01
   1.0300000e+00   2.8911048e-01
   1.0400000e+00   2.9503394e-01
   1.0500000e+00   3.0094063e-01
   1.0600000e+00   3.0682660e-01
   1.0700000e+00   3.1268787e-01
   1.0800000e+00   3.1852048e-01
   1.0900000e+00   3.2432046e-01
   1.1000000e+00   3.3008384e-01
   1.1100000e+00   3.3580666e-01
   1.1200000e+00   3.4148496e-01
   1.1300000e+00   3.4711479e-01
   1.1400000e+00   3.5269223e-01
   1.1500000e+00   3.5821334e-01
   1.1600000e+00   3.6367425e-01
   1.1700000e+00   3.6907108e-01
   1.1800000e+00   3.7439997e-01
   1.1900000e+00   3.7965713e-01
   1.2000000e+00   3.8483875e-01
   1.2100000e+00   3.8994110e-01
   1.2200000e+00   3.9496047e-01
   1.2300000e+00   3.9989319e-01
   1.2400000e+00   4.0473563e-01
   1.2500000e+00   4.0948422e-01
   1.2600000e+00   4.1413543e-01
   1.2700000e+00   4.1868579e-01
   1.2800000e+00   4.2313188e-01
   1.2900000e+00   4.2747034e-01
   1.3000000e+00   4.3169787e-01
   1.3100000e+00   4.3581123e-01
   1.3200000e+00   4.3980725e-01
   1.3300000e+00   4.4368283e-01
   1.3400000e+00   4.4743492e-01
   1.3500000e+00   4.5106058e-01
   1.3600000e+00   4.5455692e-01
   1.3700000e+00   4.5792111e-01
   1.3800000e+00   4.6115045e-01
   1.3900000e+00   4.6424227e-01
   1.4000000e+00   4.6719401e-01
   1.4100000e+00   4.7000319e-01
   1.4200000e+00   4.7266741e-01
   1.4300000e+00   4.7518437e-01
   1.4400000e+00   4.7755186e-01
   1.4500000e+00   4.7976775e-01
   1.4600000e+00   4.8183000e-01
   1.4700000e+00   4.8373670e-01
   1.4800000e+00   4.8548599e-01
   1.4900000e+00   4.8707614e-01
   1.5000000e+00   4.8850550e-01
   1.5100000e+00   4.8977254e-01
   1.5200000e+00   4.9087582e-01
   1.5300000e+00   4.9181401e-01
   1.5400000e+00   4.9258586e-01
   1.5500000e+00   4.9319025e-01
   1.5600000e+00   4.9362616e-01
   1.5700000e+00   4.9389267e-01
   1.5800000e+00   4.9398898e-01
   1.5900000e+00   4.9391438e-01
   1.6000000e+00   4.9366827e-01
   1.6100000e+00   4.9325018e-01
   1.6200000e+00   4.9265972e-01
   1.6300000e+00   4.9189663e-01
   1.6400000e+00   4.9096076e-01
   1.6500000e+00   4.8985205e-01
   1.6600000e+00   4.8857056e-01
   1.6700000e+00   4.8711648e-01
   1.6800000e+00   4.8549008e-01
   1.6900000e+00   4.8369176e-01
   1.7000000e+00   4.8172201e-01
   1.7100000e+00   4.7958145e-01
   1.7200000e+00   4.7727079e-01
   1.7300000e+00   4.7479087e-01
   1.7400000e+00   4.7214263e-01
   1.7500000e+00   4.6932710e-01
   1.7600000e+00   4.6634543e-01
   1.7700000e+00   4.6319889e-01
   1.7800000e+00   4.5988884e-01
   1.7900000e+00   4.5641674e-01
   1.8000000e+00   4.5278417e-01
   1.8100000e+00   4.4899279e-01
   1.8200000e+00   4.4504439e-01
   1.8300000e+00   4.4094083e-01
   1.8400000e+00   4.3668410e-01
   1.8500000e+00   4.3227627e-01
   1.8600000e+00   4.2771950e-01
   1.8700000e+00   4.2301607e-01
   1.8800000e+00   4.1816833e-01
   1.8900000e+00   4.1317874e-01
   1.9000000e+00   4.0804984e-01
   1.9100000e+00   4.0278426e-01
   1.9200000e+00   3.9738473e-01
   1.9300000e+00   3.9185405e-01
   1.9400000e+00   3.8619511e-01
   1.9500000e+00   3.8041089e-01
   1.9600000e+00   3.7450445e-01
   1.9700000e+00   3.6847891e-01
   1.9800000e+00   3.6233750e-01
   1.9900000e+00   3.5608349e-01
   2.0000000e+00   3.4972024e-01
   2.0100000e+00   3.4325120e-01
   2.0200000e+00   3.3667984e-01
   2.0300000e+00   3.3000975e-01
   2.0400000e+00   3.2324454e-01
   2.0500000e+00   3.1638792e-01
   2.0600000e+00   3.0944363e-01
   2.0700000e+00   3.0241549e-01
   2.0800000e+00   2.9530736e-01
   2.0900000e+00   2.8812316e-01
   2.1000000e+00   2.8086685e-01
   2.1100000e+00   2.7354247e-01
   2.1200000e+00   2.6615406e-01
   2.1300000e+00   2.5870573e-01
   2.1400000e+00   2.5120164e-01
   2.1500000e+00   2.4364597e-01
   2.1600000e+00   2.3604294e-01
   2.1700000e+00   2.2839681e-01
   2.1800000e+00   2.2071187e-01
   2.1900000e+00   2.1299243e-01
   2.2000000e+00   2.0524283e-01
   2.2100000e+00   1.9746744e-01
   2.2200000e+00   1.8967065e-01
   2.2300000e+00   1.8185686e-01
   2.2400000e+00   1.7403048e-01
   2.2500000e+00   1.6619597e-01
   2.2600000e+00   1.5835775e-01
   2.2700000e+00   1.5052029e-01
   2.2800000e+00   1.4268804e-01
   2.2900000e+00   1.3486546e-01
   2.3000000e+00   1.2705702e-01
   2.3100000e+00   1.1926718e-01
   2.3200000e+00   1.1150039e-01
   2.3300000e+00   1.0376110e-01
   2.3400000e+00   9.6053756e-02
   2.3500000e+00   8.8382781e-02
   2.3600000e+00   8.0752589e-02
   2.3700000e+00   7.3167577e-02
   2.3800000e+00   6.5632123e-02
   2.3900000e+00   5.8150581e-02
   2.4000000e+00   5.0727282e-02
   2.4100000e+00   4.3366532e-02
   2.4200000e+00   3.6072606e-02
   2.4300000e+00   2.8849747e-02
   2.4400000e+00   2.1702168e-02
   2.4500000e+00   1.4634041e-02
   2.4600000e+00   7.6495038e-03
   2.4700000e+00   7.5265166e-04
   2.4800000e+00  -6.0524625e-03
   2.4900000e+00  -1.2761831e-02
   2.5000000e+00  -1.9371492e-02
   2.5100000e+00  -2.5877536e-02
   2.5200000e+00  -3.2276101e-02
   2.5300000e+00  -3.8563382e-02
   2.5400000e+00  -4.4735628e-02
   2.5500000e+00  -5.0789147e-02
   2.5600000e+00  -5.6720303e-02
   2.5700000e+00  -6.2525527e-02
   2.5800000e+00  -6.8201309e-02
   2.5900000e+00  -7.3744207e-02
   2.6000000e+00  -7.9150846e-02
   2.6100000e+00  -8.4417918e-02
   2.6200000e+00  -8.9542190e-02
   2.6300000e+00  -9.4520498e-02
   2.6400000e+00  -9.9349753e-02
   2.6500000e+00  -1.0402694e-01
   2.6600000e+00  -1.0854914e-01
   2.6700000e+00  -1.1291347e-01
   2.6800000e+00  -1.1711718e-01
   2.6900000e+00  -1.2115757e-01
   2.7000000e+00  -1.2503202e-01
   2.7100000e+00  -1.2873802e-01
   2.7200000e+00  -1.3227314e-01
   2.7300000e+00  -1.3563501e-01
   2.7400000e+00  -1.3882138e-01
   2.7500000e+00  -1.4183008e-01
   2.7600000e+00  -1.4465903e-01
   2.7700000e+00  -1.4730625e-01
   2.7800000e+00  -1.4976984e-01
   2.7900000e+00  -1.5204801e-01
   2.8000000e+00  -1.5413906e-01
   2.8100000e+00  -1.5604137e-01
   2.8200000e+00  -1.5775346e-01
   2.8300000e+00  -1.5927389e-01
   2.8400000e+00  -1.6060138e-01
   2.8500000e+00  -1.6173470e-01
   2.8600000e+00  -1.6267275e-01
   2.8700000e+00  -1.6341452e-01
   2.8800000e+00  -1.6395911e-01
   2.8900000e+00  -1.6430571e-01
   2.9000000e+00  -1.6445363e-01
   2.9100000e+00  -1.6440226e-01
   2.9200000e+00  -1.6415112e-01
   2.9300000e+00  -1.6369982e-01
   2.9400000e+00  -1.6304807e-01
   2.9500000e+00  -1.6219570e-01
   2.9600000e+00  -1.6114262e-01
   2.9700000e+00  -1.5988888e-01
   2.9800000e+00  -1.5843460e-01
   2.9900000e+00  -1.5678004e-01
   3.0000000e+00  -1.5492552e-01
   3.0100000e+00  -1.5287151e-01
   3.0200000e+00  -1.5061857e-01
   3.0300000e+00  -1.4816734e-01
   3.0400000e+00  -1.4551860e-01
   3.0500000e+00  -1.4267322e-01
   3.0600000e+00  -1.3963217e-01
   3.0700000e+00  -1.3639653e-01
   3.0800000e+00  -1.3296747e-01
   3.0900000e+00  -1.2934628e-01
   3.1000000e+00  -1.2553435e-01
   3.1100000e+00  -1.2153316e-01
   3.1200000e+00  -1.1734429e-01
   3.1300000e+00  -1.1296943e-01
   3.1400000e+00  -1.0841037e-01
   3.1500000e+00  -1.0366900e-01
   3.1600000e+00  -9.8747292e-02
   3.1700000e+00  -9.3647327e-02
   3.1800000e+00  -8.8371281e-02
   3.1900000e+00  -8.2921424e-02
   3.2000000e+00  -7.7300118e-02
   3.2100000e+00  -7.1509819e-02
   3.2200000e+00  -6.5553076e-02
   3.2300000e+00  -5.9432526e-02
   3.2400000e+00  -5.3150896e-02
   3.2500000e+00  -4.6711001e-02
   3.2600000e+00  -4.0115743e-02
   3.2700000e+00  -3.3368108e-02
   3.2800000e+00  -2.6471165e-02
   3.2900000e+00  -1.9428068e-02
   3.3000000e+00  -1.2242050e-02
   3.3100000e+00  -4.9164234e-03
   3.3200000e+00   2.5454226e-03
   3.3300000e+00   1.0140022e-02
   3.3400000e+00   1.7863834e-02
   3.3500000e+00   2.5713246e-02
   3.3600000e+00   3.3684575e-02
   3.3700000e+00   4.1774069e-02
   3.3800000e+00   4.9977908e-02
   3.3900000e+00   5.8292208e-02
   3.4000000e+00   6.6713019e-02
   3.4100000e+00   7.5236334e-02
   3.4200000e+00   8.3858083e-02
   3.4300000e+00   9.2574141e-02
   3.4400000e+00   1.0138033e-01
   3.4500000e+00   1.1027240e-01
   3.4600000e+00   1.1924609e-01
   3.4700000e+00   1.2829704e-01
   3.4800000e+00   1.3742089e-01
   3.4900000e+00   1.4661321e-01
   3.5000000e+00   1.5586952e-01
   3.5100000e+00   1.6518533e-01
   3.5200000e+00   1.7455608e-01
   3.5300000e+00   1.8397720e-01
   3.5400000e+00   1.9344407e-01
   3.5500000e+00   2.0295205e-01
   3.5600000e+00   2.1249647e-01
   3.5700000e+00   2.2207263e-01
   3.5800000e+00   2.3167581e-01
   3.5900000e+00   2.4130127e-01
   3.6000000e+00   2.5094425e-01
   3.6100000e+00   2.6059997e-01
   3.6200000e+00   2.7026365e-01
   3.6300000e+00   2.7993050e-01
   3.6400000e+00   2.8959569e-01
   3.6500000e+00   2.9925442e-01
   3.6600000e+00   3.0890188e-01
   3.6700000e+00   3.1853326e-01
   3.6800000e+00   3.2814373e-01
   3.6900000e+00   3.3772849e-01
   3.7000000e+00   3.4728274e-01
   3.7100000e+00   3.5680170e-01
   3.7200000e+00   3.6628058e-01
   3.7300000e+00   3.7571463e-01
   3.7400000e+00   3.8509910e-01
   3.7500000e+00   3.9442927e-01
   3.7600000e+00   4.0370045e-01
   3.7700000e+00   4.1290796e-01
   3.7800000e+00   4.2204716e-01
   3.7900000e+00   4.3111344e-01
   3.8000000e+00   4.4010222e-01
   3.8100000e+00   4.4900896e-01
   3.8200000e+00   4.5782916e-01
   3.8300000e+00   4.6655837e-01
   3.8400000e+00   4.7519216e-01
   3.8500000e+00   4.8372617e-01
   3.8600000e+00   4.9215609e-01
   3.8700000e+00   5.0047765e-01
   3.8800000e+00   5.0868664e-01
   3.8900000e+00   5.1677890e-01
   3.9000000e+00   5.2475035e-01
   3.9100000e+00   5.3259696e-01
   3.9200000e+00   5.4031475e-01
   3.9300000e+00   5.4789984e-01
   3.9400000e+00   5.5534838e-01
   3.9500000e+00   5.6265664e-01
   3.9600000e+00   5.6982092e-01
   3.9700000e+00   5.7683762e-01
   3.9800000e+00   5.8370321e-01
   3.9900000e+00   5.9041424e-01
   4.0000000e+00   5.9696736e-01
   4.0100000e+00   6.0335929e-01
   4.0200000e+00   6.0958683e-01
   4.0300000e+00   6.1564689e-01
   4.0400000e+00   6.2153646e-01
   4.0500000e+00   6.2725262e-01
   4.0600000e+00   6.3279256e-01
   4.0700000e+00   6.3815355e-01
   4.0800000e+00   6.4333296e-01
   4.0900000e+00   6.4832828e-01
   4.1000000e+00   6.5313708e-01
   4.1100000e+00   6.5775706e-01
   4.1200000e+00   6.6218599e-01
   4.1300000e+00   6.6642177e-01
   4.1400000e+00   6.7046242e-01
   4.1500000e+00   6.7430604e-01
   4.1600000e+00   6.7795086e-01
   4.1700000e+00   6.8139523e-01
   4.1800000e+00   6.8463759e-01
   4.1900000e+00   6.8767651e-01
   4.2000000e+00   6.9051068e-01
   4.2100000e+00   6.9313889e-01
   4.2200000e+00   6.9556007e-01
   4.2300000e+00   6.9777324e-01
   4.2400000e+00   6.9977757e-01
   4.2500000e+00   7.0157234e-01
   4.2600000e+00   7.0315693e-01
   4.2700000e+00   7.0453087e-01
   4.2800000e+00   7.0569379e-01
   4.2900000e+00   7.0664546e-01
   4.3000000e+00   7.0738576e-01
   4.3100000e+00   7.0791469e-01
   4.3200000e+00   7.0823238e-01
   4.3300000e+00   7.0833908e-01
   4.3400000e+00   7.0823517e-01
   4.3500000e+00   7.0792114e-01
   4.3600000e+00   7.0739760e-01
   4.3700000e+00   7.0666530e-01
   4.3800000e+00   7.0572510e-01
   4.3900000e+00   7.0457798e-01
   4.4000000e+00   7.0322504e-01
   4.4100000e+00   7.0166751e-01
   4.4200000e+00   6.9990672e-01
   4.4300000e+00   6.9794413e-01
   4.4400000e+00   6.9578133e-01
   4.4500000e+00   6.9342001e-01
   4.4600000e+00   6.9086198e-01
   4.4700000e+00   6.8810917e-01
   4.4800000e+00   6.8516360e-01
   4.4900000e+00   6.8202744e-01
   4.5000000e+00   6.7870295e-01
   4.5100000e+00   6.7519249e-01
   4.5200000e+00   6.7149855e-01
   4.5300000e+00   6.6762371e-01
   4.5400000e+00   6.6357066e-01
   4.5500000e+00   6.5934219e-01
   4.5600000e+00   6.5494120e-01
   4.5700000e+00   6.5037068e-01
   4.5800000e+00   6.4563372e-01
   4.5900000e+00   6.4073352e-01
   4.6000000e+00   6.3567334e-01
   4.6100000e+00   6.3045656e-01
   4.6200000e+00   6.2508663e-01
   4.6300000e+00   6.1956711e-01
   4.6400000e+00   6.1390163e-01
   4.6500000e+00   6.0809388e-01
   4.6600000e+00   6.0214768e-01
   4.6700000e+00   5.9606687e-01
   4.6800000e+00   5.8985540e-01
   4.6900000e+00   5.8351729e-01
   4.7000000e+00   5.7705661e-01
   4.7100000e+00   5.7047751e-01
   4.7200000e+00   5.6378420e-01
   4.7300000e+00   5.5698094e-01
   4.7400000e+00   5.5007207e-01
   4.7500000e+00   5.4306195e-01
   4.7600000e+00   5.3595501e-01
   4.7700000e+00   5.2875573e-01
   4.7800000e+00   5.2146864e-01
   4.7900000e+00   5.1409828e-01
   4.8000000e+00   5.0664926e-01
   4.8100000e+00   4.9912621e-01
   4.8200000e+00   4.9153380e-01
   4.8300000e+00   4.8387670e-01
   4.8400000e+00   4.7615963e-01
   4.8500000e+00   4.6838733e-01
   4.8600000e+00   4.6056454e-01
   4.8700000e+00   4.5269604e-01
   4.8800000e+00   4.4478658e-01
   4.8900000e+00   4.3684096e-01
   4.9000000e+00   4.2886394e-01
   4.9100000e+00   4.2086031e-01
   4.9200000e+00   4.1283484e-01
   4.9300000e+00   4.0479229e-01
   4.9400000e+00   3.9673742e-01
   4.9500000e+00   3.8867496e-01
   4.9600000e+00   3.8060963e-01
   4.9700000e+00   3.7254611e-01
   4.9800000e+00   3.6448908e-01
   4.9900000e+00   3.5644315e-01
   5.0000000e+00   3.4841294e-01
   5.0100000e+00   3.4040298e-01
   5.0200000e+00   3.3241781e-01
   5.0300000e+00   3.2446188e-01
   5.0400000e+00   3.1653962e-01
   5.0500000e+00   3.0865539e-01
   5.0600000e+00   3.0081349e-01
   5.0700000e+00   2.9301817e-01
   5.0800000e+00   2.8527360e-01
   5.0900000e+00   2.7758391e-01
   5.1000000e+00   2.6995312e-01
   5.1100000e+00   2.6238520e-01
   5.1200000e+00   2.5488403e-01
   5.1300000e+00   2.4745342e-01
   5.1400000e+00   2.4009708e-01
   5.1500000e+00   2.3281863e-01
   5.1600000e+00   2.2562161e-01
   5.1700000e+00   2.1850945e-01
   5.1800000e+00   2.1148549e-01
   5.1900000e+00   2.0455296e-01
   5.2000000e+00   1.9771500e-01
   5.2100000e+00   1.9097463e-01
   5.2200000e+00   1.8433475e-01
   5.2300000e+00   1.7779816e-01
   5.2400000e+00   1.7136754e-01
   5.2500000e+00   1.6504545e-01
   5.2600000e+00   1.5883433e-01
   5.2700000e+00   1.5273648e-01
   5.2800000e+00   1.4675410e-01
   5.2900000e+00   1.4088924e-01
   5.3000000e+00   1.3514383e-01
   5.3100000e+00   1.2951965e-01
   5.3200000e+00   1.2401837e-01
   5.3300000e+00   1.1864151e-01
   5.3400000e+00   1.1339044e-01
   5.3500000e+00   1.0826641e-01
   5.3600000e+00   1.0327052e-01
   5.3700000e+00   9.8403719e-02
   5.3800000e+00   9.3666827e-02
   5.3900000e+00   8.9060511e-02
   5.4000000e+00   8.4585292e-02
   5.4100000e+00   8.0241547e-02
   5.4200000e+00   7.6029506e-02
   5.4300000e+00   7.1949251e-02
   5.4400000e+00   6.8000718e-02
   5.4500000e+00   6.4183694e-02
   5.4600000e+00   6.0497823e-02
   5.4700000e+00   5.6942599e-02
   5.4800000e+00   5.3517372e-02
   5.4900000e+00   5.0221347e-02
   5.5000000e+00   4.7053585e-02
   5.5100000e+00   4.4013005e-02
   5.5200000e+00   4.1098384e-02
   5.5300000e+00   3.8308360e-02
   5.5400000e+00   3.5641434e-02
   5.5500000e+00   3.3095972e-02
   5.5600000e+00   3.0670207e-02
   5.5700000e+00   2.8362241e-02
   5.5800000e+00   2.6170049e-02
   5.5900000e+00   2.4091483e-02
   5.6000000e+00   2.2124274e-02
   5.6100000e+00   2.0266036e-02
   5.6200000e+00   1.8514268e-02
   5.6300000e+00   1.6866363e-02
   5.6400000e+00   1.5319609e-02
   5.6500000e+00   1.3871194e-02
   5.6600000e+00   1.2518213e-02
   5.6700000e+00   1.1257671e-02
   5.6800000e+00   1.0086490e-02
   5.6900000e+00   9.0015155e-03
   5.7000000e+00   7.9995229e-03
   5.7100000e+00   7.0772229e-03
   5.7200000e+00   6.2312697e-03
   5.7300000e+00   5.4582681e-03
   5.7400000e+00   4.7547813e-03
   5.7500000e+00   4.1173389e-03
   5.7600000e+00   3.5424453e-03
   5.7700000e+00   3.0265890e-03
   5.7800000e+00   2.5662512e-03
   5.7900000e+00   2.1579157e-03
   5.8000000e+00   1.7980790e-03
   5.8100000e+00   1.4832605e-03
   5.8200000e+00   1.2100133e-03
   5.8300000e+00   9.7493549e-04
   5.8400000e+00   7.7468161e-04
   5.8500000e+00   6.0597491e-04
   5.8600000e+00   4.6561967e-04
   5.8700000e+00   3.5051413e-04
   5.8800000e+00   2.5766388e-04
   5.8900000e+00   1.8419562e-04
   5.9000000e+00   1.2737149e-04
   5.9100000e+00   8.4603776e-05
   5.9200000e+00   5.3470101e-05
   5.9300000e+00   3.1729157e-05
   5.9400000e+00   1.7336873e-05
   5.9500000e+00   8.4630972e-06
   5.9600000e+00   3.5087877e-06
   5.9700000e+00   1.1237102e-06
   5.9800000e+00   2.2466007e-07
   5.9900000e+00   1.4211077e-08
   6.0000000e+00  -1.8873791e-15
